,UNITID,Grand total,Grand total men,Grand total women,Asian total,Asian total men,Asian total female,Black total,Black total men,Black total women,Hispanic total,Hispanic total men,Hispanic total female,White total,White total men,White total female,Nonresident alien total,Nonresident alien total men,Nonresident alien total female,INSTNM,CITY,STABBR,LONGITUD,LATITUDE,Other,geometry
0,100654,821,264,557,1,1,0,679,219,460,6,4,2,24,10,14,20,9,11,Alabama A & M University,Normal,AL,-86.568502,34.783368,91,POINT (-86.568502 34.783368)
1,100663,6039,2109,3930,374,139,235,1158,322,836,213,73,140,3622,1274,2348,353,193,160,University of Alabama at Birmingham,Birmingham,AL,-86.799345,33.505697,319,POINT (-86.799345 33.505697)
2,100690,217,83,134,1,0,1,119,27,92,4,1,3,86,52,34,0,0,0,Amridge University,Montgomery,AL,-86.17401,32.362609,7,POINT (-86.17401 32.362609)
3,100706,2222,1145,1077,95,49,46,181,68,113,87,44,43,1637,878,759,94,63,31,University of Alabama in Huntsville,Huntsville,AL,-86.640449,34.724557,128,POINT (-86.640449 34.724557)
4,100724,652,216,436,5,3,2,552,173,379,10,3,7,54,21,33,10,7,3,Alabama State University,Montgomery,AL,-86.295677,32.364317,21,POINT (-86.295677 32.364317)
5,100751,9315,3810,5505,107,40,67,854,261,593,445,174,271,7223,2982,4241,287,195,92,The University of Alabama,Tuscaloosa,AL,-87.545978,33.211875,399,POINT (-87.545978 33.211875)
6,100760,238,89,149,1,0,1,40,13,27,6,1,5,184,73,111,1,0,1,Central Alabama Community College,Alexander City,AL,-85.945266,32.92478,6,POINT (-85.945266 32.92478)
7,100812,813,263,550,9,3,6,115,30,85,23,7,16,623,216,407,0,0,0,Athens State University,Athens,AL,-86.964698,34.806793,43,POINT (-86.964698 34.806793)
8,100830,1048,359,689,15,10,5,348,88,260,14,4,10,507,176,331,106,64,42,Auburn University at Montgomery,Montgomery,AL,-86.177544,32.36736,58,POINT (-86.177544 32.36736)
9,100858,7612,3736,3876,175,99,76,409,160,249,269,145,124,5815,2756,3059,744,479,265,Auburn University,Auburn,AL,-85.488258,32.599378,200,POINT (-85.488258 32.599378)
10,100937,261,113,148,3,2,1,17,5,12,7,7,0,230,96,134,3,2,1,Birmingham-Southern College,Birmingham,AL,-86.850552,33.513774,1,POINT (-86.850552 33.513774)
11,101028,420,127,293,5,1,4,156,46,110,31,9,22,205,64,141,0,0,0,Chattahoochee Valley Community College,Phenix City,AL,-85.031485,32.42391,23,POINT (-85.031485 32.42391)
12,101116,107,23,84,2,2,0,61,12,49,0,0,0,43,9,34,0,0,0,South University-Montgomery,Montgomery,AL,-86.216488,32.342684,1,POINT (-86.216488 32.342684)
13,101143,203,86,117,0,0,0,31,12,19,13,5,8,146,64,82,0,0,0,Enterprise State Community College,Enterprise,AL,-85.836956,31.297496,13,POINT (-85.836956 31.297496)
14,101161,1272,542,730,17,10,7,217,72,145,40,21,19,910,398,512,0,0,0,Coastal Alabama Community College,Bay Minette,AL,-87.778193,30.851343,88,POINT (-87.778193 30.851343)
15,101189,878,308,570,3,3,0,379,91,288,24,13,11,422,180,242,11,8,3,Faulkner University,Montgomery,AL,-86.21641,32.384181,39,POINT (-86.21641 32.384181)
16,101240,876,342,534,6,2,4,125,48,77,38,15,23,642,256,386,14,5,9,Gadsden State Community College,Gadsden,AL,-85.991438,33.994001,51,POINT (-85.991438 33.994001)
17,101277,50,0,50,0,0,0,1,0,1,8,0,8,41,0,41,0,0,0,New Beginning College of Cosmetology,Albertville,AL,-86.196931,34.27871,0,POINT (-86.196931 34.27871)
18,101286,862,267,595,10,2,8,228,42,186,30,11,19,569,204,365,1,0,1,George C Wallace Community College-Dothan,Dothan,AL,-85.465836,31.315274,24,POINT (-85.465836 31.315274)
19,101295,1494,495,999,16,5,11,63,21,42,89,35,54,1271,414,857,8,4,4,George C Wallace State Community College-Hanceville,Hanceville,AL,-86.781935,34.072439,47,POINT (-86.781935 34.072439)
20,101301,317,107,210,2,1,1,265,91,174,2,0,2,44,15,29,0,0,0,George C Wallace State Community College-Selma,Selma,AL,-87.013294,32.445917,4,POINT (-87.013294 32.445917)
21,101365,280,78,202,4,3,1,160,14,146,4,2,2,103,54,49,0,0,0,Herzing University-Birmingham,Birmingham,AL,-86.832465,33.468466,9,POINT (-86.832465 33.468466)
22,101435,244,103,141,2,2,0,38,19,19,12,6,6,176,70,106,0,0,0,Huntingdon College,Montgomery,AL,-86.284366,32.351034,16,POINT (-86.284366 32.351034)
23,101453,13,12,1,0,0,0,0,0,0,1,1,0,12,11,1,0,0,0,Heritage Christian University,Florence,AL,-87.663051,34.856153,0,POINT (-87.663051 34.856153)
24,101462,133,46,87,1,0,1,69,19,50,7,3,4,41,19,22,5,2,3,J. F. Drake State Community and Technical College,Huntsville,AL,-86.572885,34.771858,10,POINT (-86.572885 34.771858)
25,101471,196,150,46,0,0,0,119,106,13,2,2,0,74,41,33,0,0,0,J F Ingram State Technical College,Deatsville,AL,-86.392369,32.582312,1,POINT (-86.392369 32.582312)
26,101480,2014,689,1325,14,5,9,336,108,228,0,0,0,1475,503,972,57,26,31,Jacksonville State University,Jacksonville,AL,-85.765321,33.822938,132,POINT (-85.765321 33.822938)
27,101505,1046,334,712,18,6,12,213,52,161,50,16,34,700,234,466,23,9,14,Jefferson State Community College,Birmingham,AL,-86.707233,33.652535,42,POINT (-86.707233 33.652535)
28,101514,1918,890,1028,62,28,34,224,96,128,116,47,69,1323,635,688,18,11,7,John C Calhoun State Community College,Tanner,AL,-86.949674,34.645844,175,POINT (-86.949674 34.645844)
29,101569,566,261,305,4,2,2,424,162,262,26,15,11,92,73,19,1,0,1,Lawson State Community College,Birmingham,AL,-86.888844,33.450814,19,POINT (-86.888844 33.450814)
30,101587,1769,406,1363,3,1,2,517,125,392,22,5,17,999,228,771,25,15,10,University of West Alabama,Livingston,AL,-88.186329,32.588132,203,POINT (-88.186329 32.588132)
31,101602,469,203,266,2,0,2,91,22,69,12,3,9,329,156,173,0,0,0,Lurleen B Wallace Community College,Andalusia,AL,-86.452262,31.322947,35,POINT (-86.452262 31.322947)
32,101648,86,54,32,2,2,0,14,8,6,2,1,1,61,36,25,0,0,0,Marion Military Institute,Marion,AL,-87.322041,32.623734,7,POINT (-87.322041 32.623734)
33,101675,204,80,124,0,0,0,184,66,118,3,1,2,12,10,2,0,0,0,Miles College,Fairfield,AL,-86.908751,33.482442,5,POINT (-86.908751 33.482442)
34,101693,326,98,228,8,4,4,56,11,45,5,1,4,190,68,122,11,5,6,University of Mobile,Mobile,AL,-88.128934,30.793247,56,POINT (-88.128934 30.793247)
35,101709,559,163,396,5,3,2,82,22,60,22,8,14,383,100,283,23,17,6,University of Montevallo,Montevallo,AL,-86.865099,33.10625,44,POINT (-86.865099 33.10625)
36,101736,1454,623,831,8,3,5,126,44,82,83,39,44,1154,495,659,14,9,5,Northwest-Shoals Community College,Muscle Shoals,AL,-87.678089,34.739788,69,POINT (-87.678089 34.739788)
37,101879,1853,683,1170,33,13,20,233,88,145,57,14,43,1365,494,871,90,41,49,University of North Alabama,Florence,AL,-87.681361,34.806738,75,POINT (-87.681361 34.806738)
38,101897,920,374,546,9,2,7,21,7,14,121,35,86,734,313,421,0,0,0,Northeast Alabama Community College,Rainsville,AL,-85.911664,34.545471,35,POINT (-85.911664 34.545471)
39,101912,280,104,176,2,0,2,210,81,129,19,9,10,7,1,6,23,10,13,Oakwood University,Huntsville,AL,-86.652705,34.756344,19,POINT (-86.652705 34.756344)
40,101994,135,33,102,0,0,0,81,9,72,1,1,0,49,23,26,0,0,0,Reid State Technical College,Evergreen,AL,-86.964797,31.460265,4,POINT (-86.964797 31.460265)
41,102030,539,204,335,8,5,3,362,134,228,8,3,5,131,51,80,10,4,6,Bishop State Community College,Mobile,AL,-88.056982,30.693972,20,POINT (-88.056982 30.693972)
42,102049,1629,539,1090,33,9,24,146,52,94,50,20,30,1301,426,875,22,11,11,Samford University,Birmingham,AL,-86.791799,33.464128,77,POINT (-86.791799 33.464128)
43,102067,645,284,361,6,3,3,179,60,119,7,2,5,410,202,208,2,0,2,Shelton State Community College,Tuscaloosa,AL,-87.56148,33.120531,41,POINT (-87.56148 33.120531)
44,102076,434,149,285,4,2,2,35,10,25,84,22,62,282,105,177,1,0,1,Snead State Community College,Boaz,AL,-86.169897,34.201495,28,POINT (-86.169897 34.201495)
45,102094,3657,1026,2631,96,31,65,667,139,528,123,31,92,2440,686,1754,109,62,47,University of South Alabama,Mobile,AL,-88.178711,30.696033,222,POINT (-88.178711 30.696033)
46,102234,294,118,176,4,2,2,32,9,23,11,3,8,208,84,124,19,13,6,Spring Hill College,Mobile,AL,-88.138199,30.694751,20,POINT (-88.138199 30.694751)
47,102270,121,43,78,0,0,0,111,38,73,0,0,0,10,5,5,0,0,0,Stillman College,Tuscaloosa,AL,-87.585278,33.200006,0,POINT (-87.585278 33.200006)
48,102298,147,56,91,0,0,0,133,48,85,1,1,0,2,0,2,7,6,1,Talladega College,Talladega,AL,-86.112704,33.433472,4,POINT (-86.112704 33.433472)
49,102313,252,104,148,3,1,2,149,52,97,11,2,9,83,47,36,0,0,0,H Councill Trenholm State Community College,Montgomery,AL,-86.343057,32.350109,6,POINT (-86.343057 32.350109)
50,102368,3865,1382,2483,40,18,22,1038,257,781,147,65,82,1913,742,1171,158,83,75,Troy University,Troy,AL,-85.957094,31.800672,569,POINT (-85.957094 31.800672)
51,102377,654,222,432,9,8,1,539,164,375,12,3,9,12,4,8,0,0,0,Tuskegee University,Tuskegee,AL,-85.708492,32.4309,82,POINT (-85.708492 32.4309)
52,102395,63,42,21,3,2,1,5,2,3,4,1,3,43,32,11,1,0,1,United States Sports Academy,Daphne,AL,-87.91163,30.639329,7,POINT (-87.91163 30.639329)
53,102429,1020,502,518,6,1,5,258,142,116,16,11,5,715,334,381,0,0,0,Bevill State Community College,Jasper,AL,-87.266406,33.836929,25,POINT (-87.266406 33.836929)
54,102553,2005,801,1204,138,49,89,53,19,34,164,59,105,1165,477,688,37,16,21,University of Alaska Anchorage,Anchorage,AK,-149.82619,61.190163,448,POINT (-149.82619 61.190163)
55,102580,5,3,2,0,0,0,0,0,0,1,0,1,4,3,1,0,0,0,Alaska Bible College,Palmer,AK,-149.111972,61.598553,0,POINT (-149.111972 61.598553)
56,102614,1247,506,741,30,9,21,31,12,19,104,45,59,695,297,398,41,23,18,University of Alaska Fairbanks,Fairbanks,AK,-147.823146,64.85756,346,POINT (-147.823146 64.85756)
57,102632,544,225,319,17,7,10,4,1,3,43,14,29,345,147,198,7,3,4,University of Alaska Southeast,Juneau,AK,-134.638255,58.384846,128,POINT (-134.638255 58.384846)
58,102669,130,37,93,1,0,1,5,1,4,6,1,5,59,19,40,0,0,0,Alaska Pacific University,Anchorage,AK,-149.804168,61.190968,59,POINT (-149.804168 61.190968)
59,102711,90,71,19,1,0,1,1,1,0,3,2,1,53,42,11,0,0,0,Alaska Vocational Technical Center,Seward,AK,-149.444487,60.110626,32,POINT (-149.444487 60.110626)
60,102845,1315,303,1012,20,5,15,56,16,40,275,65,210,462,103,359,0,0,0,Charter College,Vancouver,WA,-122.494766,45.617798,502,POINT (-122.494766 45.617798)
61,103501,237,25,212,45,4,41,17,3,14,21,1,20,75,13,62,0,0,0,Alaska Career College,Anchorage,AK,-149.856954,61.181443,79,POINT (-149.856954 61.181443)
62,103741,64,2,62,1,0,1,3,0,3,36,0,36,18,1,17,0,0,0,Empire Beauty School-Tucson,Tucson,AZ,-110.927187,32.235657,6,POINT (-110.927187 32.235657)
63,103893,477,63,414,19,3,16,38,6,32,244,30,214,125,15,110,5,1,4,Carrington College-Phoenix North,Phoenix,AZ,-112.104601,33.565758,46,POINT (-112.104601 33.565758)
64,103909,299,39,260,9,1,8,12,1,11,110,20,90,111,13,98,1,0,1,Carrington College-Mesa,Mesa,AZ,-111.853218,33.39248,56,POINT (-111.853218 33.39248)
65,103927,178,22,156,2,0,2,10,2,8,111,12,99,51,8,43,1,0,1,Carrington College-Tucson,Tucson,AZ,-110.983056,32.224391,3,POINT (-110.983056 32.224391)
66,103954,28,0,28,0,0,0,3,0,3,11,0,11,11,0,11,0,0,0,Arizona Academy of Beauty,Tucson,AZ,-110.872305,32.237253,3,POINT (-110.872305 32.237253)
67,103963,223,203,20,0,0,0,15,15,0,84,79,5,82,76,6,0,0,0,Miller-Motte College-Arizona Automotive Institute,Glendale,AZ,-112.157344,33.537249,42,POINT (-112.157344 33.537249)
68,104090,649,109,540,30,10,20,98,15,83,187,36,151,179,30,149,1,0,1,Brookline College-Phoenix,Phoenix,AZ,-112.112473,33.566102,154,POINT (-112.112473 33.566102)
69,104151,18833,9359,9474,1299,648,651,692,303,389,3910,1612,2298,8916,4359,4557,2927,1967,960,Arizona State University Campus Immersion,Tempe,AZ,-111.934383,33.417721,1089,POINT (-111.934383 33.417721)
70,104160,922,302,620,13,4,9,12,6,6,682,216,466,140,51,89,31,9,22,Arizona Western College,Yuma,AZ,-114.495968,32.689306,44,POINT (-114.495968 32.689306)
71,104179,10782,4848,5934,604,260,344,403,170,233,2705,1097,1608,5282,2361,2921,890,574,316,University of Arizona,Tucson,AZ,-110.950815,32.232672,898,POINT (-110.950815 32.232672)
72,104346,774,253,521,19,8,11,40,14,26,235,70,165,343,123,220,17,5,12,Central Arizona College,Coolidge,AZ,-111.652501,32.957092,120,POINT (-111.652501 32.957092)
73,104391,16,0,16,1,0,1,0,0,0,6,0,6,8,0,8,0,0,0,Charles of Italy Beauty College,Lake Havasu City,AZ,-114.332686,34.477485,1,POINT (-114.332686 34.477485)
74,104425,1711,1052,659,49,37,12,135,93,42,518,250,268,890,592,298,10,6,4,Cochise County Community College District,Sierra Vista,AZ,-110.246946,31.564597,109,POINT (-110.246946 31.564597)
75,104443,27,4,23,1,0,1,4,1,3,9,2,7,10,1,9,0,0,0,Empire Beauty School-Chandler,Chandler,AZ,-111.860423,33.347586,3,POINT (-111.860423 33.347586)
76,104568,213,1,212,3,0,3,9,1,8,77,0,77,95,0,95,0,0,0,Avalon Institute-Mesa,Mesa,AZ,-111.858305,33.376583,29,POINT (-111.858305 33.376583)
77,104577,656,250,406,10,3,7,10,6,4,169,67,102,376,145,231,15,7,8,Eastern Arizona College,Thatcher,AZ,-109.76234,32.843664,76,POINT (-109.76234 32.843664)
78,104586,621,439,182,35,31,4,7,6,1,72,41,31,413,292,121,39,33,6,Embry-Riddle Aeronautical University-Prescott,Prescott,AZ,-112.449741,34.616766,55,POINT (-112.449741 34.616766)
79,104665,7,2,5,0,0,0,1,1,0,1,0,1,4,1,3,0,0,0,The School of Architecture,Paradise Valley,AZ,-111.941953,33.566649,1,POINT (-111.941953 33.566649)
80,104708,2042,797,1245,95,37,58,97,42,55,749,265,484,936,382,554,16,6,10,Glendale Community College,Glendale,AZ,-112.190735,33.570226,149,POINT (-112.190735 33.570226)
81,104717,28957,6837,22120,1426,304,1122,5581,1178,4403,5154,1303,3851,13711,3198,10513,316,125,191,Grand Canyon University,Phoenix,AZ,-112.129929,33.513231,2769,POINT (-112.129929 33.513231)
82,105145,1029,325,704,48,13,35,115,38,77,461,169,292,338,87,251,2,0,2,GateWay Community College,Phoenix,AZ,-111.997077,33.449686,65,POINT (-111.997077 33.449686)
83,105154,1748,711,1037,79,20,59,88,37,51,454,162,292,902,391,511,33,18,15,Mesa Community College,Mesa,AZ,-111.871255,33.390323,192,POINT (-111.871255 33.390323)
84,105206,635,231,404,10,4,6,6,3,3,143,57,86,434,151,283,4,2,2,Mohave Community College,Kingman,AZ,-114.029838,35.270996,38,POINT (-114.029838 35.270996)
85,105215,489,461,28,5,5,0,16,15,1,60,56,4,312,295,17,2,2,0,Universal Technical Institute of Arizona Inc-Motorcycle Mechanics Institute Division,Phoenix,AZ,-112.121336,33.684428,94,POINT (-112.121336 33.684428)
86,105297,126,37,89,0,0,0,0,0,0,1,1,0,0,0,0,0,0,0,Dine College,Tsaile,AZ,-109.21684,36.293328,125,POINT (-109.21684 36.293328)
87,105330,7739,2634,5105,190,59,131,256,90,166,1932,552,1380,4317,1472,2845,152,103,49,Northern Arizona University,Flagstaff,AZ,-111.653724,35.188449,892,POINT (-111.653724 35.188449)
88,105349,401,203,198,4,3,1,3,2,1,59,36,23,228,122,106,0,0,0,Northland Pioneer College,Holbrook,AZ,-110.142199,34.93031,107,POINT (-110.142199 34.93031)
89,105367,313,99,214,87,49,38,20,4,16,51,8,43,136,33,103,0,0,0,Ottawa University-Phoenix,Phoenix,AZ,-112.113001,33.572173,19,POINT (-112.113001 33.572173)
90,105428,1214,326,888,42,12,30,100,30,70,631,148,483,350,110,240,2,1,1,Phoenix College,Phoenix,AZ,-112.088293,33.481361,89,POINT (-112.088293 33.481361)
91,105525,2704,1099,1605,76,32,44,94,38,56,1183,442,741,1116,484,632,39,21,18,Pima Community College,Tucson,AZ,-110.886659,32.222125,196,POINT (-110.886659 32.222125)
92,105534,1227,210,1017,51,11,40,87,15,72,569,86,483,420,81,339,0,0,0,Pima Medical Institute-Tucson,Tucson,AZ,-110.878783,32.248067,100,POINT (-110.878783 32.248067)
93,105543,493,66,427,3,1,2,8,2,6,300,42,258,93,16,77,0,0,0,Pima Medical Institute-Albuquerque,Albuquerque,NM,-106.59488,35.104855,89,POINT (-106.59488 35.104855)
94,105589,326,88,238,2,0,2,7,1,6,8,4,4,212,53,159,3,1,2,Prescott College,Prescott,AZ,-112.477185,34.5452,94,POINT (-112.477185 34.5452)
95,105659,645,602,43,11,11,0,42,40,2,207,198,9,250,237,13,0,0,0,Refrigeration School Inc,Phoenix,AZ,-111.989357,33.448692,135,POINT (-111.989357 33.448692)
96,105668,3366,1906,1460,59,32,27,261,126,135,1223,775,448,1439,766,673,0,0,0,Rio Salado College,Tempe,AZ,-111.97417,33.413309,384,POINT (-111.97417 33.413309)
97,105677,38,38,0,1,1,0,0,0,0,1,1,0,36,36,0,0,0,0,Roberto-Venn School of Luthiery,Phoenix,AZ,-112.086161,33.45489,0,POINT (-112.086161 33.45489)
98,105747,916,335,581,27,12,15,30,9,21,202,66,136,544,212,332,14,4,10,Scottsdale Community College,Scottsdale,AZ,-111.885186,33.51135,99,POINT (-111.885186 33.51135)
99,105792,375,161,214,8,3,5,54,19,35,221,91,130,57,32,25,1,0,1,South Mountain Community College,Phoenix,AZ,-112.032635,33.382406,34,POINT (-112.032635 33.382406)
100,105899,130,72,58,2,0,2,15,13,2,32,16,16,68,33,35,3,2,1,Arizona Christian University,Glendale,AZ,-112.181776,33.622952,10,POINT (-112.181776 33.622952)
101,106041,856,821,35,17,17,0,22,22,0,252,244,8,373,357,16,1,1,0,Universal Technical Institute of Arizona Inc,Avondale,AZ,-112.288123,33.453005,191,POINT (-112.288123 33.453005)
102,106111,20,0,20,0,0,0,3,0,3,4,0,4,0,0,0,0,0,0,Empire Beauty School-NW Phoenix,Phoenix,AZ,-112.118168,33.538093,13,POINT (-112.118168 33.538093)
103,106148,1371,553,818,9,4,5,11,4,7,291,103,188,803,333,470,2,2,0,Yavapai College,Prescott,AZ,-112.453395,34.547495,255,POINT (-112.453395 34.547495)
104,106245,2238,738,1500,60,30,30,480,99,381,61,15,46,1264,445,819,160,75,85,University of Arkansas at Little Rock,Little Rock,AR,-92.339778,34.723254,213,POINT (-92.339778 34.723254)
105,106263,950,287,663,63,18,45,92,19,73,49,13,36,664,215,449,18,6,12,University of Arkansas for Medical Sciences,Little Rock,AR,-92.322348,34.750152,64,POINT (-92.322348 34.750152)
106,106306,26,23,3,0,0,0,16,14,2,1,1,0,7,7,0,1,0,1,Arkansas Baptist College,Little Rock,AR,-92.290555,34.734751,1,POINT (-92.290555 34.734751)
107,106315,73,4,69,0,0,0,66,3,63,1,0,1,5,1,4,0,0,0,Arkansas Beauty School-Little Rock,Little Rock,AR,-92.343366,34.672171,1,POINT (-92.343366 34.672171)
108,106324,11,0,11,0,0,0,0,0,0,2,0,2,9,0,9,0,0,0,Arkansas Beauty College,Russellville,AR,-93.135369,35.27902,0,POINT (-93.135369 35.27902)
109,106342,144,71,73,3,1,2,11,9,2,10,5,5,69,28,41,10,9,1,Lyon College,Batesville,AR,-91.625354,35.777619,41,POINT (-91.625354 35.777619)
110,106351,15,10,5,0,0,0,13,9,4,0,0,0,2,1,1,0,0,0,Arkansas Technical School,North Little Rock,AR,-92.266429,34.753843,0,POINT (-92.266429 34.753843)
111,106360,14,1,13,0,0,0,0,0,0,3,1,2,11,0,11,0,0,0,Arthur's Beauty College,Fort Smith,AR,-94.410967,35.379955,0,POINT (-94.410967 35.379955)
112,106397,6841,3078,3763,163,79,84,313,144,169,594,235,359,5024,2256,2768,369,205,164,University of Arkansas,Fayetteville,AR,-94.176981,36.070009,378,POINT (-94.176981 36.070009)
113,106412,401,147,254,3,2,1,356,124,232,11,5,6,17,8,9,9,6,3,University of Arkansas at Pine Bluff,Pine Bluff,AR,-92.018683,34.244031,5,POINT (-92.018683 34.244031)
114,106449,790,305,485,5,2,3,40,13,27,37,12,25,673,260,413,1,0,1,Arkansas State University-Beebe,Beebe,AR,-91.895351,35.074176,34,POINT (-91.895351 35.074176)
115,106458,5022,1704,3318,47,28,19,594,166,428,160,54,106,3826,1265,2561,177,105,72,Arkansas State University,Jonesboro,AR,-90.679988,35.842388,218,POINT (-90.679988 35.842388)
116,106467,2793,1094,1699,54,18,36,145,59,86,250,94,156,2124,818,1306,81,48,33,Arkansas Tech University,Russellville,AR,-93.13562,35.293237,139,POINT (-93.13562 35.293237)
117,106485,944,383,561,2,1,1,238,81,157,57,25,32,591,256,335,8,6,2,University of Arkansas at Monticello,Monticello,AR,-91.811153,33.590909,48,POINT (-91.811153 33.590909)
118,106494,14,2,12,0,0,0,2,0,2,0,0,0,11,1,10,0,0,0,Arthur's Beauty College,Jacksonville,AR,-92.102579,34.891572,1,POINT (-92.102579 34.891572)
119,106546,335,32,303,6,2,4,92,8,84,14,2,12,213,19,194,2,0,2,Baptist Health College Little Rock,Little Rock,AR,-92.40692,34.713115,8,POINT (-92.40692 34.713115)
120,106625,649,281,368,2,1,1,26,10,16,21,6,15,584,260,324,0,0,0,Black River Technical College,Pocahontas,AR,-90.951033,36.239793,16,POINT (-90.951033 36.239793)
121,106704,2587,910,1677,50,27,23,320,114,206,131,46,85,1842,613,1229,138,65,73,University of Central Arkansas,Conway,AR,-92.457672,35.077945,106,POINT (-92.457672 35.077945)
122,106713,139,62,77,1,1,0,18,8,10,8,5,3,102,44,58,4,1,3,Central Baptist College,Conway,AR,-92.445021,35.083838,6,POINT (-92.445021 35.083838)
123,106795,465,251,214,2,2,0,23,13,10,160,115,45,252,106,146,0,0,0,Cossatot Community College of the University of Arkansas,De Queen,AR,-94.3673,34.043389,28,POINT (-94.3673 34.043389)
124,106810,40,16,24,0,0,0,5,4,1,1,0,1,34,12,22,0,0,0,Crowley's Ridge College,Paragould,AR,-90.584395,36.064845,0,POINT (-90.584395 36.064845)
125,106883,279,116,163,2,1,1,131,60,71,6,1,5,137,53,84,2,0,2,East Arkansas Community College,Forrest City,AR,-90.767726,35.041655,1,POINT (-90.767726 35.041655)
126,106892,161,4,157,0,0,0,133,3,130,6,0,6,22,1,21,0,0,0,Eastern College of Health Vocations-Little Rock,Little Rock,AR,-92.341891,34.75128,0,POINT (-92.341891 34.75128)
127,106908,163,13,150,1,0,1,44,5,39,11,4,7,99,4,95,0,0,0,Paul Mitchell the School-Little Rock,North Little Rock,AR,-92.222202,34.789913,8,POINT (-92.222202 34.789913)
128,106980,511,173,338,9,6,3,49,16,33,46,16,30,392,128,264,5,5,0,National Park College,Hot Springs,AR,-93.119248,34.512687,10,POINT (-93.119248 34.512687)
129,106999,425,122,303,4,1,3,10,5,5,27,13,14,341,89,252,10,6,4,University of Arkansas Community College-Batesville,Batesville,AR,-91.615852,35.792923,33,POINT (-91.615852 35.792923)
130,107044,1254,517,737,19,7,12,49,26,23,49,18,31,1034,407,627,63,40,23,Harding University,Searcy,AR,-91.726143,35.247386,40,POINT (-91.726143 35.247386)
131,107071,770,257,513,7,3,4,131,36,95,41,17,24,538,174,364,12,8,4,Henderson State University,Arkadelphia,AR,-93.059703,34.128155,41,POINT (-93.059703 34.128155)
132,107080,245,105,140,13,3,10,17,8,9,12,3,9,164,76,88,1,0,1,Hendrix College,Conway,AR,-92.443256,35.101565,38,POINT (-92.443256 35.101565)
133,107099,29,0,29,1,0,1,3,0,3,0,0,0,22,0,22,0,0,0,Hot Springs Beauty College,Hot Springs,AR,-93.037277,34.496057,3,POINT (-93.037277 34.496057)
134,107123,25,1,24,0,0,0,1,0,1,0,0,0,24,1,23,0,0,0,Jefferson Regional Medical Center School of Nursing,Pine Bluff,AR,-92.018045,34.187831,0,POINT (-92.018045 34.187831)
135,107141,537,210,327,5,1,4,19,6,13,37,12,25,406,158,248,23,13,10,John Brown University,Siloam Springs,AR,-94.560283,36.189812,47,POINT (-94.560283 36.189812)
136,107220,136,7,129,6,0,6,6,0,6,25,2,23,92,5,87,0,0,0,Career Academy of Hair Design,Springdale,AR,-94.12947,36.167605,7,POINT (-94.12947 36.167605)
137,107293,40,0,40,0,0,0,2,0,2,7,0,7,27,0,27,0,0,0,Academy of Salon and Spa,Fort Smith,AR,-94.41616,35.38097,4,POINT (-94.41616 35.38097)
138,107318,381,185,196,4,2,2,200,71,129,9,8,1,159,99,60,3,2,1,Arkansas State University Mid-South,West Memphis,AR,-90.22285,35.145736,6,POINT (-90.22285 35.145736)
139,107327,350,136,214,2,1,1,99,36,63,28,14,14,216,81,135,0,0,0,Arkansas Northeastern College,Blytheville,AR,-89.921005,35.898597,5,POINT (-89.921005 35.898597)
140,107442,10,6,4,0,0,0,9,6,3,0,0,0,1,0,1,0,0,0,New Tyler Barber College Inc,North Little Rock,AR,-92.254171,34.760085,0,POINT (-92.254171 34.760085)
141,107460,445,167,278,6,2,4,9,4,5,39,11,28,357,140,217,7,3,4,North Arkansas College,Harrison,AR,-93.08844,36.219909,27,POINT (-93.08844 36.219909)
142,107488,124,76,48,3,3,0,6,4,2,37,25,12,73,40,33,0,0,0,Northwest Technical Institute,Springdale,AR,-94.115346,36.178032,5,POINT (-94.115346 36.178032)
143,107512,364,136,228,1,1,0,17,12,5,22,8,14,304,107,197,8,3,5,Ouachita Baptist University,Arkadelphia,AR,-93.052471,34.126093,12,POINT (-93.052471 34.126093)
144,107521,418,111,307,4,2,2,107,16,91,27,15,12,259,75,184,0,0,0,Arkansas State University Three Rivers,Malvern,AR,-92.821416,34.378745,21,POINT (-92.821416 34.378745)
145,107549,444,105,339,5,0,5,7,1,6,9,3,6,418,100,318,0,0,0,Ozarka College,Melbourne,AR,-91.896355,36.053031,5,POINT (-91.896355 36.053031)
146,107558,155,75,80,3,0,3,12,8,4,19,9,10,63,37,26,39,16,23,University of the Ozarks,Clarksville,AR,-93.467221,35.476278,19,POINT (-93.467221 35.476278)
147,107585,764,303,461,8,2,6,39,14,25,67,32,35,602,239,363,11,4,7,University of Arkansas Community College-Morrilton,Morrilton,AR,-92.728507,35.172136,37,POINT (-92.728507 35.172136)
148,107600,146,43,103,0,0,0,141,43,98,3,0,3,0,0,0,0,0,0,Philander Smith College,Little Rock,AR,-92.283015,34.737131,2,POINT (-92.283015 34.737131)
149,107619,310,127,183,2,2,0,144,57,87,12,5,7,145,58,87,0,0,0,Phillips Community College of the University of Arkansas,Helena,AR,-90.616884,34.546155,7,POINT (-90.616884 34.546155)
150,107637,405,128,277,6,3,3,214,50,164,87,32,55,95,43,52,0,0,0,Southeast Arkansas College,Pine Bluff,AR,-92.025936,34.210309,3,POINT (-92.025936 34.210309)
151,107655,16,0,16,0,0,0,9,0,9,0,0,0,7,0,7,0,0,0,Professional Cosmetology Education Center,El Dorado,AR,-92.664101,33.216032,0,POINT (-92.664101 33.216032)
152,107664,1157,422,735,28,15,13,408,116,292,47,17,30,582,235,347,14,5,9,University of Arkansas-Pulaski Technical College,North Little Rock,AR,-92.299184,34.782783,78,POINT (-92.299184 34.782783)
153,107725,377,117,260,2,0,2,107,19,88,41,17,24,217,76,141,0,0,0,University of Arkansas Hope-Texarkana,Hope,AR,-93.596762,33.641665,10,POINT (-93.596762 33.641665)
154,107743,284,109,175,1,0,1,1,1,0,8,3,5,241,93,148,15,12,3,University of Arkansas Community College Rich Mountain,Mena,AR,-94.219799,34.591449,18,POINT (-94.219799 34.591449)
155,107789,63,1,62,0,0,0,0,0,0,9,0,9,52,1,51,0,0,0,Paul Mitchell the School-Arkansas,Fayetteville,AR,-94.153892,36.126373,2,POINT (-94.153892 36.126373)
156,107831,17,0,17,0,0,0,0,0,0,0,0,0,17,0,17,0,0,0,Searcy Beauty College,Searcy,AR,-91.735135,35.239148,0,POINT (-91.735135 35.239148)
157,107840,32,6,26,0,0,0,29,5,24,1,1,0,1,0,1,0,0,0,Shorter College,N Little Rock,AR,-92.261331,34.75933,1,POINT (-92.261331 34.75933)
158,107877,93,43,50,0,0,0,5,5,0,1,0,1,76,30,46,7,6,1,Williams Baptist University,Walnut Ridge,AR,-90.940277,36.125676,4,POINT (-90.940277 36.125676)
159,107974,546,194,352,1,0,1,142,30,112,54,31,23,327,125,202,3,2,1,South Arkansas Community College,El Dorado,AR,-92.666087,33.209446,19,POINT (-92.666087 33.209446)
160,107983,1211,460,751,13,6,7,203,83,120,42,13,29,810,294,516,88,44,44,Southern Arkansas University Main Campus,Magnolia,AR,-93.235922,33.291618,55,POINT (-93.235922 33.291618)
161,107992,518,347,171,5,2,3,123,60,63,25,18,7,339,243,96,0,0,0,Southern Arkansas University Tech,Camden,AR,-92.721629,33.628367,26,POINT (-92.721629 33.628367)
162,108065,3,0,3,0,0,0,3,0,3,0,0,0,0,0,0,0,0,0,Velvatex College of Beauty Culture,Little Rock,AR,-92.289597,34.735685,0,POINT (-92.289597 34.735685)
163,108092,1309,573,736,69,40,29,45,14,31,173,77,96,875,366,509,11,3,8,University of Arkansas-Fort Smith,Fort Smith,AR,-94.373729,35.384184,136,POINT (-94.373729 35.384184)
164,108232,1729,631,1098,105,46,59,70,27,43,113,48,65,250,77,173,768,269,499,Academy of Art University,San Francisco,CA,-122.400578,37.787943,423,POINT (-122.400578 37.787943)
165,108269,16,3,13,8,2,6,0,0,0,1,0,1,7,1,6,0,0,0,Academy of Chinese Culture and Health Sciences,Oakland,CA,-122.269839,37.805972,0,POINT (-122.269839 37.805972)
166,108667,332,136,196,131,53,78,40,11,29,74,33,41,51,22,29,9,5,4,College of Alameda,Alameda,CA,-122.279303,37.781017,27,POINT (-122.279303 37.781017)
167,108807,1957,721,1236,72,23,49,31,17,14,1244,399,845,489,224,265,1,0,1,Allan Hancock College,Santa Maria,CA,-120.421144,34.943716,120,POINT (-120.421144 34.943716)
168,108852,159,47,112,2,1,1,16,8,8,23,8,15,52,18,34,54,10,44,American Academy of Dramatic Arts-Los Angeles,Los Angeles,CA,-118.343701,34.095378,12,POINT (-118.343701 34.095378)
169,108861,21,15,6,4,2,2,8,5,3,2,2,0,6,5,1,1,1,0,Berkeley School of Theology,Berkeley,CA,-122.256149,37.865252,0,POINT (-122.256149 37.865252)
170,108870,82,35,47,3,0,3,6,2,4,7,4,3,24,11,13,34,13,21,American Film Institute Conservatory,Los Angeles,CA,-118.310018,34.10767,8,POINT (-118.310018 34.10767)
171,108977,52,10,42,0,0,0,6,0,6,35,8,27,11,2,9,0,0,0,American Beauty College,West Covina,CA,-117.936959,34.069367,0,POINT (-117.936959 34.069367)
172,109040,947,182,765,115,36,79,99,19,80,620,99,521,65,15,50,0,0,0,American Career College-Los Angeles,Los Angeles,CA,-118.292481,34.079323,48,POINT (-118.292481 34.079323)
173,109086,12,7,5,0,0,0,3,2,1,0,0,0,5,3,2,1,1,0,American Conservatory Theater,San Francisco,CA,-122.410265,37.786923,3,POINT (-122.410265 37.786923)
174,109208,2515,902,1613,367,159,208,171,63,108,570,194,376,1144,388,756,15,5,10,American River College,Sacramento,CA,-121.349672,38.65085,248,POINT (-121.349672 38.65085)
175,109350,1638,618,1020,58,27,31,165,44,121,966,375,591,331,130,201,4,3,1,Antelope Valley Community College District,Lancaster,CA,-118.186166,34.676207,114,POINT (-118.186166 34.676207)
176,109651,586,257,329,189,71,118,7,5,2,63,31,32,84,45,39,219,97,122,Art Center College of Design,Pasadena,CA,-118.185102,34.169031,24,POINT (-118.185102 34.169031)
177,109721,134,36,98,2,1,1,48,22,26,38,9,29,32,1,31,0,0,0,Associated Technical College-Los Angeles,Los Angeles,CA,-118.272364,34.056102,14,POINT (-118.272364 34.056102)
178,109730,36,30,6,0,0,0,11,10,1,12,9,3,9,7,2,0,0,0,Associated Technical College-San Diego,San Diego,CA,-117.135196,32.773178,4,POINT (-117.135196 32.773178)
179,109785,2543,775,1768,293,93,200,178,60,118,825,217,608,831,265,566,88,39,49,Azusa Pacific University,Azusa,CA,-117.888375,34.130047,328,POINT (-117.888375 34.130047)
180,109819,2651,868,1783,118,35,83,70,24,46,1819,589,1230,532,178,354,16,7,9,Bakersfield College,Bakersfield,CA,-118.973753,35.40911,96,POINT (-118.973753 35.40911)
181,109907,546,154,392,13,7,6,72,18,54,271,68,203,149,46,103,0,0,0,Barstow Community College,Barstow,CA,-117.023412,34.870285,41,POINT (-117.023412 34.870285)
182,109934,222,38,184,13,2,11,24,4,20,135,22,113,14,0,14,0,0,0,Bellus Academy-Chula Vista,Chula Vista,CA,-117.083738,32.614773,36,POINT (-117.083738 32.614773)
183,110060,85,51,34,19,8,11,1,1,0,5,3,2,4,4,0,55,34,21,Bethesda University,Anaheim,CA,-117.941323,33.842295,1,POINT (-117.941323 33.842295)
184,110097,1350,551,799,219,112,107,28,11,17,234,70,164,566,242,324,102,36,66,Biola University,La Mirada,CA,-118.014374,33.906203,201,POINT (-118.014374 33.906203)
185,110194,142,141,1,11,11,0,4,4,0,87,87,0,38,37,1,0,0,0,Brownson Technical School,Anaheim,CA,-117.905774,33.819032,2,POINT (-117.905774 33.819032)
186,110219,692,259,433,5,3,2,144,64,80,37,14,23,304,101,203,0,0,0,Bryan University,Tempe,AZ,-111.944197,33.437779,202,POINT (-111.944197 33.437779)
187,110246,1874,844,1030,116,38,78,27,14,13,504,219,285,1031,482,549,24,15,9,Butte College,Oroville,CA,-121.644831,39.649782,172,POINT (-121.644831 39.649782)
188,110316,444,105,339,38,12,26,24,4,20,49,10,39,254,55,199,29,8,21,California Institute of Integral Studies,San Francisco,CA,-122.416102,37.774924,50,POINT (-122.416102 37.774924)
189,110334,1256,439,817,39,12,27,9,5,4,627,202,425,490,183,307,8,1,7,Cabrillo College,Aptos,CA,-121.924797,36.989448,83,POINT (-121.924797 36.989448)
190,110361,3296,1160,2136,196,83,113,284,93,191,1142,342,800,1218,462,756,137,68,69,California Baptist University,Riverside,CA,-117.425619,33.929321,319,POINT (-117.425619 33.929321)
191,110370,450,161,289,54,13,41,16,5,11,56,25,31,89,32,57,202,71,131,California College of the Arts,San Francisco,CA,-122.399451,37.767485,33,POINT (-122.399451 37.767485)
192,110398,306,129,177,65,23,42,9,2,7,59,30,29,137,55,82,15,5,10,University of California-Hastings College of Law,San Francisco,CA,-122.4157,37.781137,21,POINT (-122.4157 37.781137)
193,110404,523,319,204,129,61,68,7,4,3,40,31,9,158,104,54,161,106,55,California Institute of Technology,Pasadena,CA,-118.125878,34.137349,28,POINT (-118.125878 34.137349)
194,110413,1303,504,799,55,21,34,36,21,15,456,144,312,489,193,296,124,69,55,California Lutheran University,Thousand Oaks,CA,-118.878924,34.224566,143,POINT (-118.878924 34.224566)
195,110422,5763,2779,2984,739,365,374,32,18,14,1013,476,537,3126,1500,1626,128,72,56,California Polytechnic State University-San Luis Obispo,San Luis Obispo,CA,-120.657311,35.299513,725,POINT (-120.657311 35.299513)
196,110468,1070,317,753,117,47,70,82,28,54,257,65,192,460,123,337,21,11,10,Alliant International University-San Diego,San Diego,CA,-117.094398,32.897056,133,POINT (-117.094398 32.897056)
197,110486,2978,978,2000,176,68,108,123,42,81,1706,497,1209,519,188,331,115,54,61,California State University-Bakersfield,Bakersfield,CA,-119.104711,35.350005,339,POINT (-119.104711 35.350005)
198,110495,2831,885,1946,278,108,170,61,18,43,1434,401,1033,693,227,466,97,33,64,California State University-Stanislaus,Turlock,CA,-120.852511,37.52577,268,POINT (-120.852511 37.52577)
199,110510,4670,1753,2917,281,130,151,246,93,153,2795,943,1852,677,273,404,349,185,164,California State University-San Bernardino,San Bernardino,CA,-117.323801,34.182622,322,POINT (-117.323801 34.182622)
200,110529,6976,3489,3487,1589,870,719,216,107,109,3095,1399,1696,1079,611,468,487,233,254,California State Polytechnic University-Pomona,Pomona,CA,-117.821476,34.057912,510,POINT (-117.821476 34.057912)
201,110538,4436,1904,2532,226,98,128,102,46,56,1406,541,865,2049,909,1140,121,82,39,California State University-Chico,Chico,CA,-121.844859,39.729712,532,POINT (-121.844859 39.729712)
202,110547,4526,1481,3045,436,196,240,531,148,383,2603,777,1826,448,176,272,200,75,125,California State University-Dominguez Hills,Carson,CA,-118.255917,33.864766,308,POINT (-118.255917 33.864766)
203,110556,5960,2239,3721,649,250,399,154,68,86,3088,1067,2021,1278,521,757,360,174,186,California State University-Fresno,Fresno,CA,-119.744569,36.811154,431,POINT (-119.744569 36.811154)
204,110565,11391,4623,6768,2291,1021,1270,266,101,165,4614,1641,2973,2515,1079,1436,836,428,408,California State University-Fullerton,Fullerton,CA,-117.885446,33.881506,869,POINT (-117.885446 33.881506)
205,110574,5347,1962,3385,1256,524,732,473,135,338,1591,518,1073,980,378,602,463,182,281,California State University-East Bay,Hayward,CA,-122.054135,37.657694,584,POINT (-122.054135 37.657694)
206,110583,10622,4362,6260,2015,889,1126,422,135,287,4616,1751,2865,2080,894,1186,645,312,333,California State University-Long Beach,Long Beach,CA,-118.11204,33.782818,844,POINT (-118.11204 33.782818)
207,110592,6946,2671,4275,965,458,507,250,95,155,4361,1568,2793,524,206,318,496,209,287,California State University-Los Angeles,Los Angeles,CA,-118.168965,34.066927,350,POINT (-118.168965 34.066927)
208,110608,11164,4494,6670,1095,562,533,464,168,296,4820,1743,3077,2861,1219,1642,796,358,438,California State University-Northridge,Northridge,CA,-118.529319,34.240126,1128,POINT (-118.529319 34.240126)
209,110617,8571,3401,5170,1548,715,833,429,165,264,2676,930,1746,2607,1040,1567,286,128,158,California State University-Sacramento,Sacramento,CA,-121.423549,38.559415,1025,POINT (-121.423549 38.559415)
210,110635,13059,6302,6757,3870,1873,1997,283,126,157,1779,696,1083,3576,1724,1852,2302,1276,1026,University of California-Berkeley,Berkeley,CA,-122.260463,37.871918,1249,POINT (-122.260463 37.871918)
211,110644,10871,4429,6442,2705,1111,1594,216,61,155,2171,695,1476,2877,1159,1718,2055,1076,979,University of California-Davis,Davis,CA,-121.749567,38.539667,847,POINT (-121.749567 38.539667)
212,110653,11323,5330,5993,3774,1761,2013,222,89,133,2527,984,1543,1933,942,991,2101,1197,904,University of California-Irvine,Irvine,CA,-117.841248,33.648434,766,POINT (-117.841248 33.648434)
213,110662,13826,6194,7632,3357,1539,1818,421,128,293,2746,923,1823,3979,1916,2063,2176,1210,966,University of California-Los Angeles,Los Angeles,CA,-118.442179,34.07178,1147,POINT (-118.442179 34.07178)
214,110671,7138,3343,3795,2089,1048,1041,271,94,177,2699,1064,1635,1051,541,510,668,424,244,University of California-Riverside,Riverside,CA,-117.32741,33.97246,360,POINT (-117.32741 33.97246)
215,110680,11422,5845,5577,3265,1603,1662,164,67,97,1896,814,1082,2531,1340,1191,2842,1660,1182,University of California-San Diego,La Jolla,CA,-117.235866,32.877749,724,POINT (-117.235866 32.877749)
216,110699,1048,338,710,397,127,270,60,21,39,153,63,90,301,93,208,46,12,34,University of California-San Francisco,San Francisco,CA,-122.458489,37.763737,91,POINT (-122.458489 37.763737)
217,110705,7160,3280,3880,1188,542,646,168,62,106,1626,656,970,2446,1136,1310,1017,556,461,University of California-Santa Barbara,Santa Barbara,CA,-119.846426,34.416297,715,POINT (-119.846426 34.416297)
218,110714,5434,2739,2695,1095,619,476,86,34,52,1426,619,807,1740,874,866,515,309,206,University of California-Santa Cruz,Santa Cruz,CA,-122.058801,36.995584,572,POINT (-122.058801 36.995584)
219,110778,673,355,318,7,4,3,2,1,1,2,0,2,6,3,3,646,342,304,Sofia University,Palo Alto,CA,-122.10866,37.430325,10,POINT (-122.10866 37.430325)
220,110875,45,0,45,2,0,2,2,0,2,21,0,21,18,0,18,0,0,0,California Beauty School,Modesto,CA,-120.99689,37.645217,2,POINT (-120.99689 37.645217)
221,110918,7,6,1,2,2,0,2,1,1,2,2,0,1,1,0,0,0,0,California Christian College,Fresno,CA,-119.711123,36.749366,0,POINT (-119.711123 36.749366)
222,111045,4,1,3,1,0,1,2,0,2,0,0,0,0,0,0,1,1,0,Haven University,Garden Grove,CA,-117.939412,33.777392,0,POINT (-117.939412 33.777392)
223,111054,64,5,59,7,2,5,5,0,5,20,1,19,26,2,24,0,0,0,California Hair Design Academy,La Mesa,CA,-117.024261,32.765221,6,POINT (-117.024261 32.765221)
224,111081,345,145,200,26,9,17,17,10,7,40,20,20,144,73,71,92,24,68,California Institute of the Arts,Valencia,CA,-118.566837,34.39327,26,POINT (-118.566837 34.39327)
225,111188,156,123,33,17,14,3,2,1,1,32,20,12,58,49,9,1,1,0,California State University Maritime Academy,Vallejo,CA,-122.231551,38.069061,46,POINT (-122.231551 38.069061)
226,111391,310,142,168,9,4,5,7,2,5,66,26,40,101,46,55,4,1,3,California Western School of Law,San Diego,CA,-117.162416,32.722192,123,POINT (-117.162416 32.722192)
227,111434,487,138,349,44,13,31,4,1,3,252,68,184,119,29,90,24,11,13,Canada College,Redwood City,CA,-122.265398,37.44877,44,POINT (-122.265398 37.44877)
228,111461,2383,929,1454,288,119,169,99,37,62,1106,406,700,744,300,444,28,15,13,College of the Canyons,Santa Clarita,CA,-118.568698,34.403993,118,POINT (-118.568698 34.403993)
229,111513,164,2,162,28,1,27,6,0,6,68,1,67,56,0,56,0,0,0,Career Academy of Beauty,Garden Grove,CA,-118.031697,33.781018,6,POINT (-118.031697 33.781018)
230,111638,90,30,60,9,2,7,8,3,5,30,9,21,43,16,27,0,0,0,Casa Loma College-Van Nuys,Van Nuys,CA,-118.457781,34.192829,0,POINT (-118.457781 34.192829)
231,111708,179,160,19,76,72,4,14,11,3,58,46,12,26,26,0,0,0,0,CET-San Diego,San Diego,CA,-117.105328,32.711302,5,POINT (-117.105328 32.711302)
232,111717,133,88,45,6,3,3,4,4,0,100,65,35,14,10,4,0,0,0,CET-San Jose,San Jose,CA,-121.88698,37.322723,9,POINT (-121.88698 37.322723)
233,111726,134,97,37,0,0,0,0,0,0,129,92,37,5,5,0,0,0,0,CET-El Centro,El Centro,CA,-115.549079,32.790908,0,POINT (-115.549079 32.790908)
234,111744,90,85,5,2,2,0,11,11,0,63,61,2,12,10,2,0,0,0,CET-Colton,Colton,CA,-117.353488,34.077381,2,POINT (-117.353488 34.077381)
235,111762,91,38,53,0,0,0,1,1,0,89,36,53,1,1,0,0,0,0,CET-Watsonville,Watsonville,CA,-121.767991,36.931833,0,POINT (-121.767991 36.931833)
236,111799,130,20,110,1,0,1,0,0,0,127,20,107,1,0,1,0,0,0,CET-Salinas,Salinas,CA,-121.65236,36.707333,1,POINT (-121.65236 36.707333)
237,111887,2392,827,1565,220,80,140,120,42,78,1659,559,1100,224,83,141,17,12,5,Cerritos College,Norwalk,CA,-118.097337,33.886874,152,POINT (-118.097337 33.886874)
238,111896,469,193,276,24,9,15,29,15,14,157,66,91,209,74,135,1,0,1,Cerro Coso Community College,Ridgecrest,CA,-117.66767,35.567525,49,POINT (-117.66767 35.567525)
239,111920,1496,531,965,420,183,237,115,40,75,648,200,448,176,57,119,11,3,8,Chabot College,Hayward,CA,-122.105636,37.642458,126,POINT (-122.105636 37.642458)
240,111939,2780,974,1806,212,104,108,186,57,129,1786,595,1191,436,160,276,8,3,5,Chaffey College,Rancho Cucamonga,CA,-117.573932,34.147663,152,POINT (-117.573932 34.147663)
241,111948,2638,1008,1630,417,156,261,56,21,35,468,177,291,1247,479,768,141,68,73,Chapman University,Orange,CA,-117.852518,33.79302,309,POINT (-117.852518 33.79302)
242,111966,393,125,268,120,41,79,114,33,81,89,25,64,25,8,17,3,1,2,Charles R Drew University of Medicine and Science,Los Angeles,CA,-118.242791,33.925658,42,POINT (-118.242791 33.925658)
243,112075,1615,617,998,126,39,87,103,53,50,381,125,256,801,312,489,34,21,13,Concordia University-Irvine,Irvine,CA,-117.812305,33.653665,170,POINT (-117.812305 33.653665)
244,112084,166,67,99,5,2,3,13,9,4,38,16,22,93,33,60,3,2,1,San Diego Christian College,Santee,CA,-116.978112,32.842404,14,POINT (-116.978112 32.842404)
245,112127,19,6,13,1,0,1,1,0,1,1,1,0,16,5,11,0,0,0,Church Divinity School of the Pacific,Berkeley,CA,-122.261122,37.876184,0,POINT (-122.261122 37.876184)
246,112172,1928,724,1204,169,71,98,62,25,37,1252,450,802,299,115,184,63,30,33,Citrus College,Glendora,CA,-117.886469,34.13537,83,POINT (-117.886469 34.13537)
247,112181,65,0,65,4,0,4,1,0,1,13,0,13,43,0,43,0,0,0,Citrus Heights Beauty College,Citrus Heights,CA,-121.289529,38.712951,4,POINT (-121.289529 38.712951)
248,112190,2960,933,2027,1171,323,848,183,56,127,725,218,507,510,218,292,110,31,79,City College of San Francisco,San Francisco,CA,-122.451155,37.725953,261,POINT (-122.451155 37.725953)
249,112251,553,239,314,59,22,37,50,20,30,95,32,63,151,71,80,139,77,62,Claremont Graduate University,Claremont,CA,-117.713703,34.103585,59,POINT (-117.713703 34.103585)
250,112260,309,162,147,35,15,20,11,6,5,47,21,26,128,76,52,52,28,24,Claremont McKenna College,Claremont,CA,-117.711188,34.102154,36,POINT (-117.711188 34.102154)
251,112288,188,14,174,4,1,3,5,0,5,134,11,123,31,2,29,0,0,0,Milan Institute-Visalia,Visalia,CA,-119.312151,36.27164,14,POINT (-119.312151 36.27164)
252,112367,159,16,143,25,4,21,7,0,7,75,8,67,30,4,26,0,0,0,Clovis Adult Education,Clovis,CA,-119.690369,36.834459,22,POINT (-119.690369 36.834459)
253,112385,1295,767,528,194,105,89,205,126,79,335,194,141,419,252,167,2,1,1,Coastline Community College,Fountain Valley,CA,-117.929143,33.715634,140,POINT (-117.929143 33.715634)
254,112394,111,71,40,26,18,8,7,4,3,15,9,6,40,26,14,3,2,1,University of Silicon Valley,San Jose,CA,-121.94087,37.414049,20,POINT (-121.94087 37.414049)
255,112455,44,6,38,5,0,5,2,1,1,31,5,26,3,0,3,0,0,0,Coba Academy,Anaheim,CA,-117.943108,33.841141,3,POINT (-117.943108 33.841141)
256,112525,1070,410,660,308,140,168,36,14,22,166,53,113,345,124,221,23,9,14,Western University of Health Sciences,Pomona,CA,-117.747732,34.058092,192,POINT (-117.747732 34.058092)
257,112561,339,158,181,6,4,2,9,9,0,70,32,38,245,110,135,0,0,0,Columbia College,Sonora,CA,-120.388385,38.030367,9,POINT (-120.388385 38.030367)
258,112570,226,139,87,13,10,3,37,23,14,47,28,19,96,62,34,8,4,4,Columbia College Hollywood,Tarzana,CA,-118.538793,34.17972,25,POINT (-118.538793 34.17972)
259,112686,449,98,351,17,5,12,92,20,72,301,70,231,6,1,5,0,0,0,Compton College,Compton,CA,-118.209463,33.878226,33,POINT (-118.209463 33.878226)
260,112826,665,215,450,160,54,106,83,28,55,322,100,222,58,18,40,7,2,5,Contra Costa College,San Pablo,CA,-122.337377,37.969381,35,POINT (-122.337377 37.969381)
261,113096,1149,391,758,401,157,244,95,23,72,271,81,190,248,90,158,13,4,9,Cosumnes River College,Sacramento,CA,-121.423108,38.45295,121,POINT (-121.423108 38.45295)
262,113111,852,390,462,51,24,27,27,13,14,383,172,211,324,156,168,1,0,1,Crafton Hills College,Yucaipa,CA,-117.101173,34.039178,66,POINT (-117.101173 34.039178)
263,113193,2915,1146,1769,103,33,70,63,44,19,815,298,517,1673,662,1011,12,7,5,Cuesta College,San Luis Obispo,CA,-120.742235,35.331276,249,POINT (-120.742235 35.331276)
264,113218,601,242,359,19,9,10,20,10,10,158,79,79,350,126,224,4,3,1,Cuyamaca College,El Cajon,CA,-116.943507,32.744954,50,POINT (-116.943507 32.744954)
265,113236,1773,698,1075,499,228,271,59,18,41,784,281,503,270,112,158,40,16,24,Cypress College,Cypress,CA,-118.025143,33.82833,121,POINT (-118.025143 33.82833)
266,113333,2536,1098,1438,999,428,571,53,23,30,681,263,418,465,235,230,209,83,126,De Anza College,Cupertino,CA,-122.045783,37.319914,129,POINT (-122.045783 37.319914)
267,113449,115,17,98,10,2,8,3,1,2,69,11,58,29,1,28,0,0,0,International School of Beauty Inc,Palm Desert,CA,-116.403928,33.729555,4,POINT (-116.403928 33.729555)
268,113537,5,3,2,0,0,0,0,0,0,3,1,2,2,2,0,0,0,0,Dell'Arte International School of Physical Theatre,Blue Lake,CA,-123.988808,40.880924,0,POINT (-123.988808 40.880924)
269,113573,1486,531,955,48,18,30,33,10,23,1070,362,708,249,106,143,18,8,10,College of the Desert,Palm Desert,CA,-116.388271,33.732108,68,POINT (-116.388271 33.732108)
270,113582,18,4,14,1,1,0,1,0,1,2,1,1,12,2,10,1,0,1,Design Institute of San Diego,San Diego,CA,-117.167374,32.880926,1,POINT (-117.167374 32.880926)
271,113634,2585,1024,1561,518,220,298,100,42,58,652,242,410,819,321,498,247,105,142,Diablo Valley College,Pleasant Hill,CA,-122.073142,37.968516,249,POINT (-122.073142 37.968516)
272,113698,494,129,365,124,29,95,10,4,6,108,19,89,189,50,139,14,6,8,Dominican University of California,San Rafael,CA,-122.512051,37.981279,49,POINT (-122.512051 37.981279)
273,113704,22,21,1,4,4,0,1,1,0,2,2,0,11,10,1,3,3,0,Dominican School of Philosophy & Theology,Berkeley,CA,-122.264612,37.881099,1,POINT (-122.264612 37.881099)
274,113856,3363,1190,2173,427,140,287,54,28,26,2462,833,1629,131,70,61,112,45,67,East Los Angeles College,Monterey Park,CA,-118.148785,34.040531,177,POINT (-118.148785 34.040531)
275,113980,2637,1051,1586,413,177,236,273,83,190,1337,517,820,361,160,201,97,44,53,El Camino Community College District,Torrance,CA,-118.329913,33.885229,156,POINT (-118.329913 33.885229)
276,114114,69,20,49,11,5,6,1,0,1,4,1,3,24,8,16,7,2,5,Emperor's College of Traditional Oriental Medicine,Santa Monica,CA,-118.485119,34.030438,22,POINT (-118.485119 34.030438)
277,114123,163,37,126,4,3,1,5,2,3,66,11,55,69,17,52,0,0,0,Empire College,Santa Rosa,CA,-122.729337,38.468052,19,POINT (-122.729337 38.468052)
278,114266,971,308,663,401,140,261,19,3,16,399,109,290,61,20,41,16,6,10,Evergreen Valley College,San Jose,CA,-121.76561,37.30167,75,POINT (-121.76561 37.30167)
279,114354,871,135,736,94,17,77,61,12,49,185,26,159,278,35,243,176,24,152,FIDM-Fashion Institute of Design & Merchandising-Los Angeles,Los Angeles,CA,-118.25993,34.044209,77,POINT (-118.25993 34.044209)
280,114390,65,7,58,16,3,13,4,0,4,12,1,11,18,3,15,5,0,5,FIDM-Fashion Institute of Design & Merchandising-San Francisco,San Francisco,CA,-122.406651,37.786353,10,POINT (-122.406651 37.786353)
281,114433,160,82,78,5,5,0,11,9,2,29,20,9,99,39,60,1,1,0,Feather River Community College District,Quincy,CA,-120.973067,39.953101,15,POINT (-120.973067 39.953101)
282,114460,232,15,217,24,0,24,22,1,21,76,9,67,96,5,91,0,0,0,Federico Beauty Institute,Sacramento,CA,-121.497761,38.64883,14,POINT (-121.497761 38.64883)
283,114549,353,78,275,14,4,10,41,12,29,38,3,35,187,42,145,4,1,3,Fielding Graduate University,Santa Barbara,CA,-119.717161,34.42941,69,POINT (-119.717161 34.42941)
284,114585,117,33,84,65,17,48,3,0,3,7,2,5,31,8,23,9,5,4,Five Branches University,Santa Cruz,CA,-121.998245,36.964348,2,POINT (-121.998245 36.964348)
285,114637,35,4,31,29,3,26,2,1,1,1,0,1,2,0,2,0,0,0,Redondo Beach Beauty College,Torrance,CA,-118.35009,33.809096,1,POINT (-118.35009 33.809096)
286,114716,1490,669,821,330,130,200,45,23,22,418,197,221,465,210,255,113,64,49,Foothill College,Los Altos Hills,CA,-122.127964,37.361655,119,POINT (-122.127964 37.361655)
287,114734,8,3,5,1,1,0,0,0,0,2,0,2,5,2,3,0,0,0,Franciscan School of Theology,San Diego,CA,-117.192073,32.770816,0,POINT (-117.192073 32.770816)
288,114761,43,5,38,4,0,4,2,1,1,2,1,1,23,1,22,1,0,1,Fredrick and Charles Beauty College,Eureka,CA,-124.164986,40.798885,11,POINT (-124.164986 40.798885)
289,114789,2811,910,1901,493,151,342,111,39,72,1510,496,1014,570,180,390,1,1,0,Fresno City College,Fresno,CA,-119.796096,36.768164,126,POINT (-119.796096 36.768164)
290,114813,1445,355,1090,76,19,57,60,20,40,742,151,591,444,126,318,14,11,3,Fresno Pacific University,Fresno,CA,-119.735199,36.726831,109,POINT (-119.735199 36.726831)
291,114840,578,313,265,57,27,30,29,16,13,26,14,12,273,143,130,109,72,37,Fuller Theological Seminary,Pasadena,CA,-118.140261,34.14778,84,POINT (-118.140261 34.14778)
292,114859,2613,958,1655,361,150,211,46,19,27,1505,505,1000,496,213,283,40,17,23,Fullerton College,Fullerton,CA,-117.918255,33.875514,165,POINT (-117.918255 33.875514)
293,114938,805,374,431,65,37,28,15,14,1,467,177,290,207,112,95,0,0,0,Gavilan College,Gilroy,CA,-121.569842,36.972627,51,POINT (-121.569842 36.972627)
294,114947,107,62,45,23,7,16,0,0,0,11,7,4,60,40,20,0,0,0,Gemological Institute of America-Carlsbad,Carlsbad,CA,-117.318765,33.131313,13,POINT (-117.318765 33.131313)
295,115001,1283,494,789,104,43,61,25,16,9,338,127,211,686,254,432,57,22,35,Glendale Community College,Glendale,CA,-118.227666,34.16745,73,POINT (-118.227666 34.16745)
296,115010,242,72,170,37,16,21,7,1,6,123,38,85,49,11,38,0,0,0,Glendale Career College,Glendale,CA,-118.254719,34.149771,26,POINT (-118.254719 34.149771)
297,115083,849,403,446,122,59,63,93,35,58,116,53,63,251,135,116,120,34,86,Golden Gate University,San Francisco,CA,-122.398969,37.789374,147,POINT (-122.398969 37.789374)
298,115126,2452,947,1505,754,312,442,30,12,18,753,246,507,693,286,407,70,24,46,Golden West College,Huntington Beach,CA,-118.002568,33.732531,152,POINT (-118.002568 33.732531)
299,115214,36,22,14,3,3,0,0,0,0,0,0,0,18,11,7,11,6,5,Graduate Theological Union,Berkeley,CA,-122.261847,37.87554,4,POINT (-122.261847 37.87554)
300,115296,1476,554,922,125,52,73,69,28,41,482,153,329,623,241,382,64,33,31,Grossmont College,El Cajon,CA,-117.006277,32.815246,113,POINT (-117.006277 32.815246)
301,115357,82,14,68,6,0,6,4,0,4,58,8,50,13,6,7,0,0,0,Salon Success Academy-Riverside,Riverside,CA,-117.391024,33.943149,1,POINT (-117.391024 33.943149)
302,115393,1056,324,732,52,16,36,12,7,5,879,261,618,72,31,41,0,0,0,Hartnell College,Salinas,CA,-121.666054,36.675091,41,POINT (-121.666054 36.675091)
303,115409,188,91,97,27,6,21,9,5,4,40,26,14,58,26,32,15,4,11,Harvey Mudd College,Claremont,CA,-117.709837,34.106515,39,POINT (-117.709837 34.106515)
304,115658,56,6,50,14,3,11,4,0,4,35,3,32,0,0,0,0,0,0,Hilltop Beauty School,Daly City,CA,-122.461467,37.705502,3,POINT (-122.461467 37.705502)
305,115728,249,73,176,31,9,22,57,13,44,76,24,52,51,17,34,6,4,2,Holy Names University,Oakland,CA,-122.187804,37.802276,28,POINT (-122.187804 37.802276)
306,115746,215,54,161,3,1,2,4,1,3,26,12,14,116,26,90,8,2,6,Pacifica Graduate Institute,Carpinteria,CA,-119.580414,34.420881,58,POINT (-119.580414 34.420881)
307,115755,1873,753,1120,58,19,39,54,24,30,585,239,346,886,362,524,28,14,14,California State Polytechnic University-Humboldt,Arcata,CA,-124.078293,40.877481,262,POINT (-124.078293 40.877481)
308,115773,221,76,145,13,0,13,11,1,10,71,20,51,67,21,46,30,23,7,Humphreys University-Stockton and Modesto Campuses,Stockton,CA,-121.316918,38.011489,29,POINT (-121.316918 38.011489)
309,115861,1364,530,834,11,2,9,20,15,5,1268,483,785,40,17,23,1,0,1,Imperial Valley College,Imperial,CA,-115.503563,32.827209,24,POINT (-115.503563 32.827209)
310,115931,465,346,119,50,41,9,24,18,6,295,214,81,52,39,13,0,0,0,Institute for Business and Technology,Santa Clara,CA,-121.969541,37.368642,44,POINT (-121.969541 37.368642)
311,116226,55,5,50,7,0,7,1,0,1,9,1,8,31,4,27,3,0,3,Interior Designers Institute,Newport Beach,CA,-117.865722,33.641393,4,POINT (-117.865722 33.641393)
312,116350,71,10,61,10,4,6,6,1,5,21,2,19,29,2,27,0,0,0,International School of Cosmetology,Los Angeles,CA,-118.361176,34.080053,5,POINT (-118.361176 34.080053)
313,116439,1975,887,1088,613,289,324,35,9,26,370,170,200,631,272,359,153,70,83,Irvine Valley College,Irvine,CA,-117.777539,33.675381,173,POINT (-117.777539 33.675381)
314,116563,175,4,171,11,1,10,13,0,13,69,1,68,56,1,55,0,0,0,Bellus Academy-El Cajon,El Cajon,CA,-116.94627,32.794072,26,POINT (-116.94627 32.794072)
315,116846,50,12,38,1,0,1,0,0,0,3,1,2,16,3,13,0,0,0,American Jewish University,Los Angeles,CA,-118.471706,34.128153,30,POINT (-118.471706 34.128153)
316,117052,1438,581,857,46,18,28,12,3,9,1110,440,670,229,105,124,0,0,0,Reedley College,Reedley,CA,-119.458555,36.605428,41,POINT (-119.458555 36.605428)
317,117104,137,66,71,8,3,5,7,3,4,43,22,21,70,33,37,1,0,1,Life Pacific University,San Dimas,CA,-117.829388,34.098705,8,POINT (-117.829388 34.098705)
318,117140,2354,859,1495,131,53,78,129,37,92,1085,348,737,474,174,300,299,151,148,University of La Verne,La Verne,CA,-117.773262,34.100855,236,POINT (-117.773262 34.100855)
319,117168,160,50,110,27,10,17,1,0,1,30,10,20,79,25,54,10,3,7,Laguna College of Art and Design,Laguna Beach,CA,-117.772564,33.561448,13,POINT (-117.772564 33.561448)
320,117195,168,74,94,6,2,4,8,8,0,55,20,35,86,39,47,0,0,0,Lake Tahoe Community College,South Lake Tahoe,CA,-119.972574,38.926797,13,POINT (-119.972574 38.926797)
321,117238,37,14,23,2,0,2,7,3,4,17,8,9,7,0,7,0,0,0,Lancaster Beauty School,Lancaster,CA,-118.147547,34.694914,4,POINT (-118.147547 34.694914)
322,117247,609,253,356,186,75,111,122,46,76,134,52,82,66,38,28,37,14,23,Laney College,Oakland,CA,-122.26283,37.797257,64,POINT (-122.26283 37.797257)
323,117274,238,145,93,14,10,4,32,28,4,48,32,16,112,58,54,2,1,1,Lassen Community College,Susanville,CA,-120.633271,40.432053,30,POINT (-120.633271 40.432053)
324,117283,16,10,6,0,0,0,0,0,0,15,9,6,0,0,0,0,0,0,Latin American Bible Institute,La Puente,CA,-117.989601,34.030992,1,POINT (-117.989601 34.030992)
325,117520,137,72,65,30,19,11,1,0,1,9,4,5,67,34,33,8,4,4,Life Chiropractic College West,Hayward,CA,-122.117619,37.638099,22,POINT (-122.117619 37.638099)
326,117557,97,52,45,7,6,1,3,1,2,0,0,0,1,0,1,86,45,41,Lincoln University,Oakland,CA,-122.269745,37.804788,0,POINT (-122.269745 37.804788)
327,117575,32,18,14,6,1,5,4,1,3,5,3,2,13,11,2,2,1,1,Southern California Seminary,El Cajon,CA,-116.905461,32.799614,2,POINT (-116.905461 32.799614)
328,117627,435,174,261,58,27,31,35,17,18,195,60,135,68,31,37,57,28,29,La Sierra University,Riverside,CA,-117.500054,33.910704,22,POINT (-117.500054 33.910704)
329,117636,1534,508,1026,429,164,265,76,21,55,395,103,292,432,160,272,122,37,85,Loma Linda University,Loma Linda,CA,-117.260605,34.051241,80,POINT (-117.260605 34.051241)
330,117645,2809,1072,1737,349,137,212,233,80,153,1579,585,994,434,184,250,25,15,10,Long Beach City College,Long Beach,CA,-118.135633,33.833593,189,POINT (-118.135633 33.833593)
331,117672,248,92,156,47,18,29,12,4,8,58,15,43,93,44,49,3,1,2,Southern California University of Health Sciences,Whittier,CA,-117.983401,33.922966,35,POINT (-117.983401 33.922966)
332,117690,1015,341,674,132,57,75,99,22,77,608,193,415,89,35,54,11,8,3,Los Angeles Harbor College,Wilmington,CA,-118.283549,33.785825,76,POINT (-118.283549 33.785825)
333,117706,1191,471,720,170,59,111,34,12,22,439,169,270,428,175,253,20,9,11,Los Angeles Pierce College,Woodland Hills,CA,-118.575071,34.183949,100,POINT (-118.575071 34.183949)
334,117715,564,126,438,2,0,2,249,59,190,278,58,220,6,3,3,1,0,1,Los Angeles Southwest College,Los Angeles,CA,-118.304674,33.929586,28,POINT (-118.304674 33.929586)
335,117724,924,424,500,48,27,21,147,47,100,615,290,325,45,31,14,10,5,5,Los Angeles Trade Technical College,Los Angeles,CA,-118.269447,34.031907,59,POINT (-118.269447 34.031907)
336,117733,1463,504,959,118,47,71,60,26,34,667,234,433,494,161,333,10,3,7,Los Angeles Valley College,Valley Glen,CA,-118.421734,34.175165,114,POINT (-118.421734 34.175165)
337,117751,441,267,174,30,22,8,12,10,2,44,35,9,266,154,112,17,14,3,The Master's University and Seminary,Santa Clarita,CA,-118.518193,34.381755,72,POINT (-118.518193 34.381755)
338,117788,1677,584,1093,261,95,166,119,39,80,836,289,547,302,105,197,61,21,40,Los Angeles City College,Los Angeles,CA,-118.292169,34.087301,98,POINT (-118.292169 34.087301)
339,117803,75,24,51,16,5,11,8,3,5,36,12,24,13,4,9,0,0,0,Los Angeles County College of Nursing and Allied Health,Los Angeles,CA,-118.211852,34.062647,2,POINT (-118.211852 34.062647)
340,117867,797,220,577,32,11,21,20,4,16,615,163,452,77,22,55,7,6,1,Los Angeles Mission College,Sylmar,CA,-118.4195,34.314668,46,POINT (-118.4195 34.314668)
341,117894,1147,407,740,138,61,77,128,45,83,511,165,346,265,102,163,5,4,1,Los Medanos College,Pittsburg,CA,-121.860967,38.006474,100,POINT (-121.860967 38.006474)
342,117946,2854,1152,1702,277,117,160,182,54,128,761,278,483,1192,505,687,271,130,141,Loyola Marymount University,Los Angeles,CA,-118.415744,33.97085,171,POINT (-118.415744 33.97085)
343,117955,133,15,118,1,0,1,4,0,4,85,10,75,35,4,31,2,1,1,Lu Ross Academy,Ventura,CA,-119.293952,34.278034,6,POINT (-119.293952 34.278034)
344,118134,61,0,61,1,0,1,0,0,0,46,0,46,13,0,13,0,0,0,Lyle's College of Beauty,Bakersfield,CA,-119.02387,35.386539,1,POINT (-119.02387 35.386539)
345,118143,59,2,57,7,1,6,2,0,2,29,1,28,16,0,16,2,0,2,Lyle's College of  Beauty,Fresno,CA,-119.774167,36.836265,3,POINT (-119.774167 36.836265)
346,118161,43,1,42,1,0,1,1,0,1,12,1,11,29,0,29,0,0,0,Lytles Redwood Empire Beauty College,Santa Rosa,CA,-122.75777,38.508385,0,POINT (-122.75777 38.508385)
347,118198,383,68,315,52,10,42,34,4,30,108,20,88,158,29,129,0,0,0,MTI College,Sacramento,CA,-121.342568,38.661377,31,POINT (-121.342568 38.661377)
348,118347,363,102,261,34,7,27,7,4,3,132,27,105,147,53,94,10,1,9,College of Marin,Kentfield,CA,-122.549149,37.954897,33,POINT (-122.549149 37.954897)
349,118541,239,114,125,20,10,10,13,5,8,102,43,59,53,28,25,24,17,7,Marymount California University,Rancho Palos Verdes,CA,-118.333371,33.734887,27,POINT (-118.333371 33.734887)
350,118684,371,105,266,12,6,6,4,1,3,145,37,108,178,49,129,1,0,1,Mendocino College,Ukiah,CA,-123.228809,39.188989,31,POINT (-123.228809 39.188989)
351,118693,174,100,74,17,12,5,12,7,5,37,15,22,36,19,17,52,34,18,Menlo College,Atherton,CA,-122.190797,37.453475,20,POINT (-122.190797 37.453475)
352,118718,1469,542,927,114,47,67,27,10,17,846,293,553,253,95,158,15,7,8,Merced College,Merced,CA,-120.476464,37.3353,214,POINT (-120.476464 37.3353)
353,118772,632,129,503,129,22,107,118,25,93,201,30,171,108,35,73,10,1,9,Merritt College,Oakland,CA,-122.167335,37.789088,66,POINT (-122.167335 37.789088)
354,118888,337,35,302,39,7,32,40,2,38,64,5,59,133,18,115,0,0,0,Mills College,Oakland,CA,-122.182294,37.781425,61,POINT (-122.182294 37.781425)
355,118912,2072,638,1434,145,39,106,64,27,37,732,219,513,861,269,592,42,16,26,MiraCosta College,Oceanside,CA,-117.302606,33.190483,228,POINT (-117.302606 33.190483)
356,118930,616,250,366,245,102,143,22,4,18,170,56,114,107,54,53,31,15,16,Mission College,Santa Clara,CA,-121.980783,37.391935,41,POINT (-121.980783 37.391935)
357,118958,19,5,14,0,0,0,1,1,0,12,2,10,0,0,0,6,2,4,Modern Beauty Academy,Oxnard,CA,-119.181423,34.195384,0,POINT (-119.181423 34.195384)
358,118976,2061,633,1428,139,45,94,60,15,45,949,290,659,829,249,580,8,3,5,Modesto Junior College,Modesto,CA,-121.009792,37.651056,76,POINT (-121.009792 37.651056)
359,118994,78,32,46,0,0,0,12,7,5,7,4,3,2,0,2,0,0,0,Moler Barber College,Oakland,CA,-122.265352,37.827075,57,POINT (-122.265352 37.827075)
360,119058,304,105,199,16,2,14,12,5,7,25,7,18,133,56,77,88,23,65,Middlebury Institute of International Studies at Monterey,Monterey,CA,-121.897325,36.599736,30,POINT (-121.897325 36.599736)
361,119067,894,401,493,77,38,39,27,14,13,392,162,230,290,133,157,8,6,2,Monterey Peninsula College,Monterey,CA,-121.884931,36.590558,100,POINT (-121.884931 36.590558)
362,119137,2250,868,1382,191,84,107,34,17,17,752,272,480,1033,399,634,10,4,6,Moorpark College,Moorpark,CA,-118.834528,34.301146,230,POINT (-118.834528 34.301146)
363,119164,3719,1490,2229,686,315,371,147,63,84,2311,848,1463,387,186,201,48,22,26,Mt San Antonio College,Walnut,CA,-117.846629,34.047764,140,POINT (-117.846629 34.047764)
364,119173,731,70,661,92,16,76,40,5,35,434,27,407,88,15,73,4,1,3,Mount Saint Mary's University,Los Angeles,CA,-118.482879,34.085315,73,POINT (-118.482879 34.085315)
365,119216,2138,702,1436,178,73,105,84,23,61,1061,318,743,640,219,421,0,0,0,Mt San Jacinto Community College District,San Jacinto,CA,-116.971169,33.806748,175,POINT (-116.971169 33.806748)
366,119270,221,161,60,9,8,1,13,9,4,25,23,2,67,45,22,78,56,22,Musicians Institute,Hollywood,CA,-118.337582,34.101265,29,POINT (-118.337582 34.101265)
367,119331,693,236,457,120,45,75,34,8,26,286,97,189,189,66,123,5,2,3,Napa Valley College,Napa,CA,-122.274381,38.274081,59,POINT (-122.274381 38.274081)
368,119553,801,230,571,95,28,67,86,21,65,185,51,134,217,60,157,0,0,0,National Holistic Institute,Emeryville,CA,-122.287672,37.841898,218,POINT (-122.287672 37.841898)
369,119605,6932,2575,4357,600,220,380,601,249,352,2116,744,1372,2358,868,1490,62,31,31,National University,La Jolla,CA,-117.243026,32.909894,1195,POINT (-117.243026 32.909894)
370,119678,1891,1490,401,103,74,29,90,65,25,175,135,40,1332,1051,281,97,89,8,Naval Postgraduate School,Monterey,CA,-121.874248,36.597159,94,POINT (-121.874248 36.597159)
371,119775,127,79,48,5,0,5,7,5,2,31,20,11,40,23,17,28,19,9,Newschool of Architecture and Design,San Diego,CA,-117.153305,32.71331,16,POINT (-117.153305 32.71331)
372,119951,70,11,59,3,1,2,3,0,3,45,9,36,14,1,13,0,0,0,North Adrian's College of Beauty Inc,Modesto,CA,-120.992753,37.677778,5,POINT (-120.992753 37.677778)
373,120069,161,17,144,11,3,8,10,1,9,115,10,105,16,2,14,0,0,0,North-West College-Pomona,Pomona,CA,-117.751227,34.062043,9,POINT (-117.751227 34.062043)
374,120078,346,50,296,34,10,24,20,3,17,229,33,196,31,1,30,0,0,0,North-West College-West Covina,West Covina,CA,-117.949583,34.072071,32,POINT (-117.949583 34.072071)
375,120087,140,17,123,5,1,4,5,1,4,107,10,97,14,3,11,0,0,0,North-West College-Van Nuys,Van Nuys,CA,-118.450184,34.189497,9,POINT (-118.450184 34.189497)
376,120166,17,9,8,2,2,0,0,0,0,0,0,0,0,0,0,15,7,8,San Francisco Bay University,Fremont,CA,-121.925953,37.477991,0,POINT (-121.925953 37.477991)
377,120184,431,130,301,56,19,37,21,6,15,147,35,112,115,35,80,29,14,15,Notre Dame de Namur University,Belmont,CA,-122.284794,37.517111,63,POINT (-122.284794 37.517111)
378,120254,440,164,276,76,22,54,16,6,10,62,23,39,220,89,131,20,6,14,Occidental College,Los Angeles,CA,-118.210908,34.127124,46,POINT (-118.210908 34.127124)
379,120290,569,243,326,240,109,131,8,2,6,139,54,85,91,40,51,31,13,18,Ohlone College,Fremont,CA,-121.916339,37.52773,60,POINT (-121.916339 37.52773)
380,120342,2654,1165,1489,618,291,327,32,17,15,717,280,437,842,390,452,281,121,160,Orange Coast College,Costa Mesa,CA,-117.909086,33.66927,164,POINT (-117.909086 33.66927)
381,120403,227,78,149,39,9,30,7,4,3,42,12,30,53,20,33,62,24,38,Otis College of Art and Design,Los Angeles,CA,-118.416615,33.956607,24,POINT (-118.416615 33.956607)
382,120421,1266,536,730,62,22,40,18,10,8,938,360,578,183,110,73,0,0,0,Oxnard College,Oxnard,CA,-119.157604,34.166104,65,POINT (-119.157604 34.166104)
383,120537,344,121,223,23,5,18,19,7,12,79,23,56,163,66,97,2,1,1,Hope International University,Fullerton,CA,-117.88573,33.87616,58,POINT (-117.88573 33.87616)
384,120661,460,94,366,18,3,15,14,6,8,140,28,112,21,1,20,0,0,0,Concorde Career College-San Diego,San Diego,CA,-117.102845,32.702814,267,POINT (-117.102845 32.702814)
385,120698,340,67,273,24,8,16,20,6,14,21,3,18,155,30,125,15,2,13,Palo Alto University,Palo Alto,CA,-122.187437,37.382216,105,POINT (-122.187437 37.382216)
386,120768,387,41,346,17,2,15,51,3,48,185,23,162,95,7,88,1,0,1,Pacific Oaks College,Pasadena,CA,-118.151323,34.153382,38,POINT (-118.151323 34.153382)
387,120795,30,13,17,0,0,0,7,3,4,3,3,0,14,3,11,3,2,1,Pacific School of Religion,Berkeley,CA,-122.263155,37.87669,3,POINT (-122.263155 37.87669)
388,120838,8,5,3,0,0,0,0,0,0,0,0,0,0,0,0,8,5,3,Pacific States University,Los Angeles,CA,-118.298408,34.061315,0,POINT (-118.298408 34.061315)
389,120865,283,98,185,66,30,36,13,3,10,61,22,39,69,14,55,13,5,8,Pacific Union College,Angwin,CA,-122.440308,38.570585,61,POINT (-122.440308 38.570585)
390,120883,1880,733,1147,601,225,376,77,24,53,391,139,252,547,213,334,111,65,46,University of the Pacific,Stockton,CA,-121.312301,37.981424,153,POINT (-121.312301 37.981424)
391,120953,351,281,70,10,8,2,34,33,1,197,145,52,93,81,12,0,0,0,Palo Verde College,Blythe,CA,-114.651698,33.661538,17,POINT (-114.651698 33.661538)
392,120971,2528,1152,1376,191,60,131,62,31,31,1053,466,587,962,477,485,43,19,24,Palomar College,San Marcos,CA,-117.183978,33.149483,217,POINT (-117.183978 33.149483)
393,121044,4484,1903,2581,1416,706,710,111,44,67,1947,731,1216,604,236,368,207,96,111,Pasadena City College,Pasadena,CA,-118.118196,34.144552,199,POINT (-118.118196 34.144552)
394,121150,3205,1120,2085,282,107,175,229,73,156,473,148,325,1334,461,873,504,196,308,Pepperdine University,Malibu,CA,-118.707077,34.037786,383,POINT (-118.707077 34.037786)
395,121257,205,82,123,25,9,16,19,8,11,31,15,16,88,33,55,16,7,9,Pitzer College,Claremont,CA,-117.706675,34.104107,26,POINT (-117.706675 34.104107)
396,121275,84,56,28,15,10,5,9,6,3,23,18,5,25,14,11,0,0,0,Platt College-San Diego,San Diego,CA,-117.063483,32.76373,12,POINT (-117.063483 32.76373)
397,121309,1346,427,919,93,28,65,41,10,31,424,140,284,631,195,436,25,6,19,Point Loma Nazarene University,San Diego,CA,-117.250265,32.718391,132,POINT (-117.250265 32.718391)
398,121345,347,161,186,55,24,31,38,17,21,72,30,42,92,48,44,49,27,22,Pomona College,Claremont,CA,-117.714556,34.099027,41,POINT (-117.714556 34.099027)
399,121363,700,269,431,25,9,16,2,1,1,559,207,352,95,46,49,3,1,2,Porterville College,Porterville,CA,-119.014368,36.049256,16,POINT (-119.014368 36.049256)
400,121433,21,0,21,0,0,0,0,0,0,18,0,18,0,0,0,3,0,3,Professional Institute of Beauty,El Monte,CA,-118.039028,34.075561,0,POINT (-118.039028 34.075561)
401,121619,2858,1239,1619,370,180,190,30,15,15,1857,716,1141,356,230,126,59,12,47,Santa Ana College,Santa Ana,CA,-117.887558,33.759309,186,POINT (-117.887558 33.759309)
402,121628,25,17,8,3,1,2,0,0,0,0,0,0,14,10,4,7,5,2,Pardee RAND Graduate School,Santa Monica,CA,-118.490655,34.00973,1,POINT (-118.490655 34.00973)
403,121637,52,3,49,1,0,1,1,0,1,16,1,15,28,1,27,0,0,0,Shasta School of Cosmetology,Redding,CA,-122.387248,40.597114,6,POINT (-122.387248 40.597114)
404,121691,1719,610,1109,107,43,64,98,39,59,718,225,493,616,221,395,57,31,26,University of Redlands,Redlands,CA,-117.163218,34.064218,123,POINT (-117.163218 34.064218)
405,121707,557,196,361,24,10,14,11,6,5,99,33,66,326,116,210,0,0,0,College of the Redwoods,Eureka,CA,-124.195293,40.698427,97,POINT (-124.195293 40.698427)
406,121859,150,5,145,7,0,7,17,3,14,80,2,78,37,0,37,0,0,0,Salon Success Academy-Upland,Upland,CA,-117.631783,34.108247,9,POINT (-117.631783 34.108247)
407,121868,136,3,133,6,0,6,10,1,9,70,2,68,39,0,39,0,0,0,Salon Success Academy-Corona,Corona,CA,-117.535638,33.847649,11,POINT (-117.535638 33.847649)
408,121886,1777,783,994,146,69,77,18,10,8,1460,609,851,103,66,37,11,5,6,Rio Hondo College,Whittier,CA,-118.033506,34.019821,39,POINT (-118.033506 34.019821)
409,121901,3308,1128,2180,219,81,138,197,63,134,2049,666,1383,710,266,444,43,22,21,Riverside City College,Riverside,CA,-117.384323,33.970918,90,POINT (-117.384323 33.970918)
410,122117,20,11,9,10,6,4,0,0,0,1,0,1,1,1,0,7,4,3,Dongguk University Los Angeles,Los Angeles,CA,-118.289523,34.06597,1,POINT (-118.289523 34.06597)
411,122180,1660,605,1055,339,125,214,122,39,83,534,183,351,461,189,272,29,15,14,Sacramento City College,Sacramento,CA,-121.491139,38.541096,175,POINT (-121.491139 38.541096)
412,122205,3403,1374,2029,312,122,190,45,25,20,879,351,528,1757,726,1031,36,13,23,Saddleback College,Mission Viejo,CA,-117.665584,33.553346,374,POINT (-117.665584 33.553346)
413,122296,918,215,703,302,79,223,57,8,49,185,32,153,254,70,184,0,0,0,Samuel Merritt University,Oakland,CA,-122.266331,37.82029,120,POINT (-122.266331 37.82029)
414,122339,1033,384,649,83,33,50,108,51,57,534,176,358,231,95,136,2,0,2,San Diego City College,San Diego,CA,-117.152733,32.717403,75,POINT (-117.152733 32.717403)
415,122375,1721,696,1025,254,90,164,100,53,47,632,239,393,544,230,314,38,16,22,San Diego Mesa College,San Diego,CA,-117.169165,32.803825,153,POINT (-117.169165 32.803825)
416,122384,1269,552,717,357,152,205,46,19,27,330,133,197,404,190,214,1,0,1,San Diego Miramar College,San Diego,CA,-117.120261,32.909757,131,POINT (-117.120261 32.909757)
417,122409,10327,4254,6073,1219,540,679,387,156,231,3287,1234,2053,3500,1387,2113,808,449,359,San Diego State University,San Diego,CA,-117.071228,32.77525,1126,POINT (-117.071228 32.77525)
418,122436,2951,1218,1733,229,80,149,122,56,66,610,252,358,1488,604,884,210,106,104,University of San Diego,San Diego,CA,-117.192073,32.770816,292,POINT (-117.192073 32.770816)
419,122454,54,15,39,7,1,6,2,1,1,9,3,6,19,3,16,9,4,5,San Francisco Art Institute,San Francisco,CA,-122.417,37.803575,8,POINT (-122.417 37.803575)
420,122506,132,62,70,17,10,7,2,1,1,8,5,3,39,21,18,64,23,41,San Francisco Conservatory of Music,San Francisco,CA,-122.420292,37.775543,2,POINT (-122.420292 37.775543)
421,122597,7633,3098,4535,2037,907,1130,378,141,237,2163,781,1382,1648,674,974,574,253,321,San Francisco State University,San Francisco,CA,-122.476799,37.721224,833,POINT (-122.476799 37.721224)
422,122612,3460,1208,2252,666,226,440,179,62,117,772,238,534,967,330,637,557,254,303,University of San Francisco,San Francisco,CA,-122.450477,37.776618,319,POINT (-122.450477 37.776618)
423,122649,33,17,16,4,2,2,0,0,0,10,5,5,17,8,9,0,0,0,San Joaquin College of Law,Clovis,CA,-119.697657,36.82448,2,POINT (-119.697657 36.82448)
424,122658,1992,675,1317,416,160,256,98,15,83,910,295,615,423,156,267,1,0,1,San Joaquin Delta College,Stockton,CA,-121.317597,37.995562,144,POINT (-121.317597 37.995562)
425,122685,964,249,715,58,23,35,49,11,38,495,122,373,264,66,198,1,0,1,San Joaquin Valley College-Visalia,Visalia,CA,-119.384981,36.328049,97,POINT (-119.384981 36.328049)
426,122694,403,142,261,18,9,9,21,6,15,243,92,151,96,30,66,2,1,1,San Joaquin Valley College-Bakersfield,Bakersfield,CA,-119.062071,35.352848,23,POINT (-119.062071 35.352848)
427,122728,481,185,296,26,11,15,17,6,11,67,19,48,254,90,164,82,47,35,William Jessup University,Rocklin,CA,-121.292312,38.819728,35,POINT (-121.292312 38.819728)
428,122746,949,318,631,227,95,132,50,19,31,474,129,345,125,47,78,18,6,12,San Jose City College,San Jose,CA,-121.926185,37.315827,55,POINT (-121.926185 37.315827)
429,122755,10139,4530,5609,3277,1610,1667,262,105,157,2530,948,1582,1872,776,1096,1278,685,593,San Jose State University,San Jose,CA,-121.880621,37.336569,920,POINT (-121.880621 37.336569)
430,122791,853,385,468,186,85,101,25,13,12,253,100,153,209,98,111,75,41,34,College of San Mateo,San Mateo,CA,-122.334801,37.535698,105,POINT (-122.334801 37.535698)
431,122834,127,27,100,9,3,6,8,2,6,84,14,70,19,5,14,1,0,1,Santa Barbara Business College-Bakersfield,Bakersfield,CA,-119.061264,35.359544,6,POINT (-119.061264 35.359544)
432,122852,32,1,31,1,0,1,1,0,1,17,1,16,12,0,12,0,0,0,Santa Barbara Business College-Santa Maria,Santa Maria,CA,-120.433296,34.937806,1,POINT (-120.433296 34.937806)
433,122889,1749,621,1128,77,26,51,35,16,19,710,234,476,639,236,403,98,43,55,Santa Barbara City College,Santa Barbara,CA,-119.698045,34.406788,190,POINT (-119.698045 34.406788)
434,122931,2599,1243,1356,459,230,229,66,27,39,424,188,236,1059,527,532,347,165,182,Santa Clara University,Santa Clara,CA,-121.93784,37.348362,244,POINT (-121.93784 37.348362)
435,122977,5275,2034,3241,575,241,334,305,115,190,1883,664,1219,1349,529,820,638,282,356,Santa Monica College,Santa Monica,CA,-118.469765,34.017022,525,POINT (-118.469765 34.017022)
436,123013,3397,1433,1964,147,59,88,58,20,38,1071,400,671,1642,750,892,26,11,15,Santa Rosa Junior College,Santa Rosa,CA,-122.718974,38.45709,453,POINT (-122.718974 38.45709)
437,123095,73,17,56,2,1,1,7,3,4,8,1,7,41,10,31,3,0,3,Saybrook University,Pasadena,CA,-118.152155,34.153103,12,POINT (-118.152155 34.153103)
438,123165,281,9,272,59,3,56,6,0,6,42,2,40,141,4,137,11,0,11,Scripps College,Claremont,CA,-117.711294,34.104147,22,POINT (-117.711294 34.104147)
439,123217,2199,844,1355,91,32,59,50,21,29,1478,566,912,475,183,292,1,1,0,College of the Sequoias,Visalia,CA,-119.315182,36.323877,104,POINT (-119.315182 36.323877)
440,123280,10,4,6,0,0,0,2,1,1,0,0,0,8,3,5,0,0,0,Shasta Bible College and Graduate School,Redding,CA,-122.314419,40.566034,0,POINT (-122.314419 40.566034)
441,123299,1023,342,681,50,20,30,16,7,9,165,52,113,682,219,463,0,0,0,Shasta College,Redding,CA,-122.317982,40.625731,110,POINT (-122.317982 40.625731)
442,123341,2831,1055,1776,234,93,141,73,25,48,765,269,496,1514,566,948,19,10,9,Sierra College,Rocklin,CA,-121.211688,38.790773,226,POINT (-121.211688 38.790773)
443,123350,58,18,40,8,0,8,1,0,1,39,17,22,7,1,6,0,0,0,Sierra College of Beauty,Merced,CA,-120.495874,37.306975,3,POINT (-120.495874 37.306975)
444,123448,105,30,75,7,4,3,37,6,31,19,3,16,31,13,18,0,0,0,Trinity Law School,Santa Ana,CA,-117.852059,33.766071,11,POINT (-117.852059 33.766071)
445,123457,264,76,188,13,5,8,8,4,4,47,12,35,171,46,125,0,0,0,Simpson University,Redding,CA,-122.332981,40.61334,25,POINT (-122.332981 40.61334)
446,123484,242,125,117,6,3,3,6,5,1,40,21,19,155,75,80,2,1,1,College of the Siskiyous,Weed,CA,-122.38909,41.413005,33,POINT (-122.38909 41.413005)
447,123493,86,28,58,30,13,17,10,3,7,17,2,15,25,9,16,0,0,0,Charles A Jones Career and Education Center,Sacramento,CA,-121.440796,38.516233,4,POINT (-121.440796 38.516233)
448,123509,895,305,590,367,139,228,22,5,17,266,69,197,121,43,78,45,15,30,Skyline College,San Bruno,CA,-122.467335,37.63042,74,POINT (-122.467335 37.63042)
449,123527,1053,363,690,45,19,26,118,50,68,565,178,387,109,30,79,1,0,1,San Bernardino Valley College,San Bernardino,CA,-117.313248,34.086353,215,POINT (-117.313248 34.086353)
450,123554,1037,423,614,94,35,59,41,18,23,260,97,163,399,149,250,41,28,13,Saint Mary's College of California,Moraga,CA,-122.109031,37.840731,202,POINT (-122.109031 37.840731)
451,123563,1147,328,819,211,69,142,99,27,72,368,98,270,322,89,233,5,1,4,Solano Community College,Fairfield,CA,-122.122368,38.235881,142,POINT (-122.122368 38.235881)
452,123572,2164,750,1414,100,35,65,39,11,28,676,215,461,1023,381,642,62,22,40,Sonoma State University,Rohnert Park,CA,-122.677066,38.340274,264,POINT (-122.677066 38.340274)
453,123633,67,21,46,40,13,27,0,0,0,3,0,3,3,0,3,20,8,12,South Baylo University,Anaheim,CA,-117.958416,33.848291,1,POINT (-117.958416 33.848291)
454,123642,19,4,15,0,0,0,2,2,0,6,0,6,7,1,6,0,0,0,South Coast College,Orange,CA,-117.874031,33.78818,4,POINT (-117.874031 33.78818)
455,123651,582,178,404,35,11,24,20,5,15,230,69,161,232,75,157,0,0,0,Vanguard University of Southern California,Costa Mesa,CA,-117.900911,33.662686,65,POINT (-117.900911 33.662686)
456,123679,431,129,302,78,28,50,15,2,13,170,41,129,18,6,12,0,0,0,Concorde Career College-Garden Grove,Garden Grove,CA,-117.938395,33.774741,150,POINT (-117.938395 33.774741)
457,123800,2227,799,1428,293,121,172,62,27,35,1530,522,1008,214,83,131,5,0,5,Southwestern College,Chula Vista,CA,-116.996803,32.640281,123,POINT (-116.996803 32.640281)
458,123916,23,8,15,0,0,0,4,2,2,2,0,2,16,6,10,0,0,0,Starr King School for the Ministry,Oakland,CA,-122.182294,37.781425,1,POINT (-122.182294 37.781425)
459,123943,185,64,121,100,33,67,3,1,2,13,5,8,51,17,34,1,0,1,Marshall B Ketchum University,Fullerton,CA,-117.886229,33.889348,17,POINT (-117.886229 33.889348)
460,123952,156,98,58,10,7,3,2,2,0,14,9,5,31,22,9,95,56,39,Southern California Institute of Architecture,Los Angeles,CA,-118.232799,34.044215,4,POINT (-118.232799 34.044215)
461,123961,16443,7503,8940,2711,1153,1558,864,288,576,2382,880,1502,4810,2229,2581,4344,2408,1936,University of Southern California,Los Angeles,CA,-118.284169,34.021281,1332,POINT (-118.284169 34.021281)
462,123970,231,98,133,21,8,13,10,2,8,61,24,37,115,53,62,5,2,3,Southwestern Law School,Los Angeles,CA,-118.288375,34.061558,19,POINT (-118.288375 34.061558)
463,124113,418,106,312,7,2,5,14,5,9,232,61,171,146,32,114,0,0,0,Taft College,Taft,CA,-119.459751,35.149343,19,POINT (-119.459751 35.149343)
464,124283,91,51,40,12,5,7,14,10,4,7,4,3,31,17,14,16,13,3,Claremont School of Theology,Claremont,CA,-117.715256,34.107602,11,POINT (-117.715256 34.107602)
465,124292,79,36,43,1,1,0,1,0,1,15,5,10,56,25,31,2,1,1,Thomas Aquinas College,Santa Paula,CA,-119.087141,34.429009,4,POINT (-119.087141 34.429009)
466,124487,28,15,13,1,0,1,7,4,3,4,2,2,12,6,6,2,2,0,Epic Bible College & Graduate School,Sacramento,CA,-121.362642,38.645152,2,POINT (-121.362642 38.645152)
467,124681,735,208,527,0,0,0,17,5,12,170,44,126,0,0,0,0,0,0,United Education Institute-Huntington Park Campus,Huntington Park,CA,-118.226206,33.986057,548,POINT (-118.226206 33.986057)
468,124706,500,86,414,13,3,10,40,3,37,209,38,171,34,5,29,1,0,1,Concorde Career College-San Bernardino,San Bernardino,CA,-117.283995,34.066823,203,POINT (-117.283995 34.066823)
469,124937,379,102,277,12,5,7,4,2,2,197,36,161,6,4,2,0,0,0,Concorde Career College-North Hollywood,North Hollywood,CA,-118.403627,34.186407,160,POINT (-118.403627 34.186407)
470,125028,2139,743,1396,108,33,75,33,15,18,1332,435,897,539,216,323,6,3,3,Ventura College,Ventura,CA,-119.230604,34.277393,121,POINT (-119.230604 34.277393)
471,125037,38,9,29,6,1,5,4,0,4,12,3,9,12,4,8,0,0,0,The Santa Barbara and Ventura Colleges of Law at Ventura,Ventura,CA,-119.232988,34.25747,4,POINT (-119.232988 34.25747)
472,125082,21,2,19,1,1,0,0,0,0,17,1,16,2,0,2,0,0,0,Bridges Beauty College,Victorville,CA,-117.303933,34.528602,1,POINT (-117.303933 34.528602)
473,125091,1854,762,1092,59,29,30,121,35,86,1043,401,642,511,242,269,0,0,0,Victor Valley College,Victorville,CA,-117.261456,34.472231,120,POINT (-117.261456 34.472231)
474,125170,408,156,252,79,38,41,52,16,36,113,37,76,83,38,45,32,9,23,Berkeley City College,Berkeley,CA,-122.269877,37.869769,49,POINT (-122.269877 37.869769)
475,125231,12698,2446,10252,447,125,322,4352,848,3504,729,173,556,5249,863,4386,267,54,213,Walden University,Minneapolis,MN,-93.265738,44.98125,1654,POINT (-93.265738 44.98125)
476,125310,20,2,18,3,0,3,1,0,1,14,2,12,1,0,1,0,0,0,Waynes College of Beauty,Salinas,CA,-121.652672,36.700635,1,POINT (-121.652672 36.700635)
477,125462,554,172,382,7,4,3,8,5,3,470,137,333,49,23,26,2,0,2,West Hills College-Coalinga,Coalinga,CA,-120.356747,36.147891,18,POINT (-120.356747 36.147891)
478,125471,1003,447,556,50,27,23,225,93,132,500,205,295,135,80,55,12,7,5,West Los Angeles College,Culver City,CA,-118.386664,34.004512,81,POINT (-118.386664 34.004512)
479,125499,897,350,547,132,37,95,16,9,7,275,113,162,379,148,231,12,1,11,West Valley College,Saratoga,CA,-122.008324,37.26398,83,POINT (-122.008324 37.26398)
480,125532,1011,89,922,139,21,118,96,9,87,339,33,306,296,17,279,7,1,6,Carrington College-Sacramento,Sacramento,CA,-121.371331,38.556151,134,POINT (-121.371331 38.556151)
481,125718,32,29,3,9,9,0,0,0,0,2,2,0,14,12,2,5,5,0,Westminster Theological Seminary in California,Escondido,CA,-117.046371,33.121447,2,POINT (-117.046371 33.121447)
482,125727,306,125,181,23,7,16,9,6,3,58,25,33,167,65,102,4,2,2,Westmont College,Santa Barbara,CA,-119.662517,34.450151,45,POINT (-119.662517 34.450151)
483,125763,407,162,245,29,9,20,13,9,4,224,80,144,88,37,51,12,10,2,Whittier College,Whittier,CA,-118.032299,33.978773,41,POINT (-118.032299 33.978773)
484,125897,288,132,156,29,16,13,8,7,1,76,36,40,125,41,84,41,26,15,Woodbury University,Burbank,CA,-118.341147,34.208011,9,POINT (-118.341147 34.208011)
485,126012,165,31,134,20,5,15,6,1,5,9,1,8,98,19,79,9,1,8,The Wright Institute,Berkeley,CA,-122.253168,37.868221,23,POINT (-122.253168 37.868221)
486,126049,54,22,32,9,3,6,5,2,3,14,6,8,22,8,14,1,0,1,Thomas Jefferson School of Law,San Diego,CA,-117.157862,32.717595,3,POINT (-117.157862 32.717595)
487,126076,19,19,0,0,0,0,0,0,0,0,0,0,19,19,0,0,0,0,Yeshiva Ohr Elchonon Chabad West Coast Talmudical Seminary,Los Angeles,CA,-118.346613,34.085465,0,POINT (-118.346613 34.085465)
488,126119,911,338,573,165,65,100,26,9,17,312,105,207,325,125,200,0,0,0,Yuba College,Marysville,CA,-121.53964,39.126536,83,POINT (-121.53964 39.126536)
489,126164,32,0,32,0,0,0,1,0,1,14,0,14,15,0,15,0,0,0,The Salon Professional Academy-Grand Junction,Grand Junction,CO,-108.56521,39.078114,2,POINT (-108.56521 39.078114)
490,126182,895,377,518,18,9,9,42,29,13,232,92,140,509,199,310,9,4,5,Adams State University,Alamosa,CO,-105.879642,37.473636,85,POINT (-105.879642 37.473636)
491,126207,1249,556,693,26,7,19,29,15,14,396,152,244,731,355,376,17,8,9,Aims Community College,Greeley,CO,-104.763415,40.409559,50,POINT (-104.763415 40.409559)
492,126289,633,230,403,21,9,12,16,7,9,79,32,47,428,144,284,17,8,9,Arapahoe Community College,Littleton,CO,-105.018631,39.607505,72,POINT (-105.018631 39.607505)
493,126359,93,6,87,2,0,2,0,0,0,9,1,8,72,3,69,0,0,0,Bel-Rea Institute of Animal Technology,Denver,CO,-104.876207,39.686194,10,POINT (-104.876207 39.686194)
494,126562,5503,2124,3379,452,153,299,208,95,113,858,301,557,3014,1170,1844,502,219,283,University of Colorado Denver/Anschutz Medical Campus,Denver,CO,-104.837722,39.745149,469,POINT (-104.837722 39.745149)
495,126580,2665,1173,1492,91,34,57,93,41,52,454,186,268,1744,771,973,49,34,15,University of Colorado Colorado Springs,Colorado Springs,CO,-104.800296,38.892735,234,POINT (-104.800296 38.892735)
496,126605,150,138,12,3,3,0,2,2,0,20,16,4,105,98,7,0,0,0,Spartan College of Aeronautics and Technology,Broomfield,CO,-105.119096,39.914822,20,POINT (-105.119096 39.914822)
497,126614,8940,4897,4043,465,244,221,135,77,58,1031,511,520,5875,3206,2669,807,542,265,University of Colorado Boulder,Boulder,CO,-105.270823,40.008781,627,POINT (-105.270823 40.008781)
498,126669,1310,378,932,28,10,18,108,40,68,195,44,151,895,262,633,1,0,1,Colorado Christian University,Lakewood,CO,-105.09456,39.71388,83,POINT (-105.09456 39.71388)
499,126678,497,213,284,23,9,14,9,4,5,42,13,29,335,152,183,37,14,23,Colorado College,Colorado Springs,CO,-104.822697,38.84886,51,POINT (-104.822697 38.84886)
500,126687,522,67,455,16,3,13,49,4,45,132,17,115,74,9,65,0,0,0,Concorde Career College-Aurora,Aurora,CO,-104.867089,39.718699,251,POINT (-104.867089 39.718699)
501,126711,1303,603,700,15,6,9,9,3,6,342,131,211,851,419,432,0,0,0,Colorado Mountain College,Glenwood Springs,CO,-107.324441,39.54636,86,POINT (-107.324441 39.54636)
502,126748,184,56,128,3,1,2,0,0,0,35,13,22,134,39,95,4,2,2,Colorado Northwestern Community College,Rangely,CO,-108.790048,40.081112,8,POINT (-108.790048 40.081112)
503,126775,1606,1125,481,74,41,33,22,15,7,132,97,35,1121,779,342,160,129,31,Colorado School of Mines,Golden,CO,-105.223364,39.751443,97,POINT (-105.223364 39.751443)
504,126784,70,69,1,0,0,0,0,0,0,5,5,0,50,49,1,0,0,0,Colorado School of Trades,Lakewood,CO,-105.104174,39.74181,15,POINT (-105.104174 39.74181)
505,126818,7426,3403,4023,202,60,142,143,70,73,931,401,530,5243,2410,2833,471,282,189,Colorado State University-Fort Collins,Fort Collins,CO,-105.080732,40.574805,436,POINT (-105.080732 40.574805)
506,126827,6834,2560,4274,162,87,75,1566,485,1081,67,30,37,2296,981,1315,3,1,2,Colorado Technical University-Colorado Springs,Colorado Springs,CO,-104.833928,38.894265,2740,POINT (-104.833928 38.894265)
507,126863,789,254,535,47,15,32,120,36,84,237,64,173,284,112,172,36,8,28,Community College of Aurora,Aurora,CO,-104.802673,39.71788,65,POINT (-104.802673 39.71788)
508,126915,253,99,154,1,0,1,0,0,0,47,13,34,195,84,111,0,0,0,Technical College of the Rockies,Delta,CO,-108.031072,38.702524,10,POINT (-108.031072 38.702524)
509,126942,1020,297,723,55,9,46,116,28,88,334,75,259,368,135,233,66,23,43,Community College of Denver,Denver,CO,-105.001044,39.741413,81,POINT (-105.001044 39.741413)
510,126951,766,709,57,4,4,0,43,39,4,236,220,16,405,377,28,0,0,0,Lincoln College of Technology-Denver,Denver,CO,-104.856171,39.77651,78,POINT (-104.856171 39.77651)
511,126979,180,82,98,7,5,2,8,3,5,4,3,1,150,66,84,0,0,0,Denver Seminary,Littleton,CO,-105.022363,39.600595,11,POINT (-105.022363 39.600595)
512,127060,4685,1737,2948,186,60,126,179,62,117,578,177,401,3142,1157,1985,288,159,129,University of Denver,Denver,CO,-104.963259,39.678005,312,POINT (-104.963259 39.678005)
513,127158,609,246,363,21,7,14,54,16,38,280,119,161,126,54,72,28,11,17,Emily Griffith Technical College,Denver,CO,-104.985751,39.74575,100,POINT (-104.985751 39.74575)
514,127185,567,228,339,4,0,4,1,1,0,58,15,43,279,137,142,3,1,2,Fort Lewis College,Durango,CO,-107.867422,37.275939,222,POINT (-107.867422 37.275939)
515,127200,4876,2206,2670,178,68,110,72,33,39,1060,443,617,3111,1451,1660,73,34,39,Front Range Community College,Westminster,CO,-105.038068,39.901452,382,POINT (-105.038068 39.901452)
516,127273,42,21,21,0,0,0,3,1,2,2,1,1,36,18,18,0,0,0,Iliff School of Theology,Denver,CO,-104.960657,39.675927,1,POINT (-104.960657 39.675927)
517,127316,158,19,139,2,0,2,34,9,25,35,3,32,69,7,62,0,0,0,International Salon and Spa Academy,Colorado Springs,CO,-104.786252,38.913621,18,POINT (-104.786252 38.913621)
518,127389,215,79,136,2,0,2,6,5,1,76,33,43,115,35,80,7,2,5,Lamar Community College,Lamar,CO,-102.616144,38.068886,9,POINT (-102.616144 38.068886)
519,127556,1741,760,981,24,7,17,26,16,10,319,125,194,1212,542,670,27,13,14,Colorado Mesa University,Grand Junction,CO,-108.553275,39.080643,133,POINT (-108.553275 39.080643)
520,127565,3511,1429,2082,141,59,82,198,71,127,874,320,554,1991,830,1161,36,23,13,Metropolitan State University of Denver,Denver,CO,-105.00504,39.744202,271,POINT (-105.00504 39.744202)
521,127617,290,98,192,1,1,0,26,16,10,100,35,65,148,40,108,7,2,5,Morgan Community College,Fort  Morgan,CO,-103.771822,40.258792,8,POINT (-103.771822 40.258792)
522,127653,215,47,168,2,2,0,1,0,1,22,3,19,164,39,125,3,0,3,Naropa University,Boulder,CO,-105.266987,40.014235,23,POINT (-105.266987 40.014235)
523,127714,69,37,32,7,3,4,5,2,3,5,2,3,49,29,20,0,0,0,Nazarene Bible College,Colorado Springs,CO,-104.803251,38.944824,3,POINT (-104.803251 38.944824)
524,127732,361,172,189,5,2,3,9,7,2,56,23,33,255,122,133,12,10,2,Northeastern Junior College,Sterling,CO,-103.197329,40.637215,24,POINT (-103.197329 40.637215)
525,127741,2921,854,2067,68,23,45,109,46,63,506,136,370,2039,577,1462,41,18,23,University of Northern Colorado,Greeley,CO,-104.692777,40.410855,158,POINT (-104.692777 40.410855)
526,127778,340,124,216,6,2,4,17,5,12,125,34,91,160,70,90,9,4,5,Otero Junior College,La Junta,CO,-103.544874,37.969984,23,POINT (-103.544874 37.969984)
527,127820,2784,1079,1705,82,25,57,174,63,111,506,171,335,1711,700,1011,28,11,17,Pikes Peak Community College,Colorado Springs,CO,-104.787261,38.764287,283,POINT (-104.787261 38.764287)
528,127884,2008,974,1034,23,7,16,121,84,37,576,245,331,1057,509,548,10,6,4,Pueblo Community College,Pueblo,CO,-104.636258,38.262124,221,POINT (-104.636258 38.262124)
529,127909,1864,878,986,71,29,42,39,15,24,345,135,210,1219,589,630,16,7,9,Red Rocks Community College,Lakewood,CO,-105.150094,39.720277,174,POINT (-105.150094 39.720277)
530,127918,2273,759,1514,114,50,64,105,47,58,361,111,250,1347,417,930,64,30,34,Regis University,Denver,CO,-105.030756,39.788175,282,POINT (-105.030756 39.788175)
531,127945,207,64,143,9,3,6,11,4,7,18,6,12,135,38,97,0,0,0,Rocky Mountain College of Art and Design,Lakewood,CO,-105.069911,39.74332,34,POINT (-105.069911 39.74332)
532,127954,35,4,31,2,0,2,0,0,0,3,0,3,30,4,26,0,0,0,Montessori Education Center of the Rockies,Denver,CO,-104.943415,39.762942,0,POINT (-104.943415 39.762942)
533,128106,853,319,534,15,7,8,39,13,26,274,89,185,427,162,265,25,15,10,Colorado State University Pueblo,Pueblo,CO,-104.579033,38.30859,73,POINT (-104.579033 38.30859)
534,128151,451,219,232,8,2,6,65,34,31,237,110,127,117,61,56,7,2,5,Pickens Technical College,Aurora,CO,-104.789683,39.723705,17,POINT (-104.789683 39.723705)
535,128179,264,178,86,6,3,3,45,31,14,45,22,23,162,118,44,0,0,0,Intellitec College-Colorado Springs,Colorado Springs,CO,-104.78721,38.832183,6,POINT (-104.78721 38.832183)
536,128188,487,166,321,4,0,4,17,8,9,173,59,114,263,81,182,0,0,0,Intellitec College-Grand Junction,Grand Junction,CO,-108.53062,39.116346,30,POINT (-108.53062 39.116346)
537,128258,462,207,255,2,1,1,10,10,0,187,56,131,202,110,92,21,13,8,Trinidad State College,Trinidad,CO,-104.513451,37.172059,40,POINT (-104.513451 37.172059)
538,128328,1030,738,292,58,37,21,56,39,17,102,72,30,683,501,182,15,12,3,United States Air Force Academy,USAF Academy,CO,-104.891358,39.010957,116,POINT (-104.891358 39.010957)
539,128337,45,3,42,1,0,1,0,0,0,17,1,16,16,1,15,0,0,0,Empire Beauty School-Thornton,Thornton,CO,-104.94357,39.915253,11,POINT (-104.94357 39.915253)
540,128391,460,227,233,1,1,0,11,8,3,44,22,22,355,170,185,4,1,3,Western Colorado University,Gunnison,CO,-106.919132,38.549936,45,POINT (-106.919132 38.549936)
541,128498,361,109,252,4,2,2,122,33,89,60,14,46,121,40,81,7,0,7,Albertus Magnus College,New Haven,CT,-72.923848,41.332519,47,POINT (-72.923848 41.332519)
542,128577,260,136,124,6,4,2,33,19,14,38,22,16,166,83,83,1,0,1,Asnuntuck Community College,Enfield,CT,-72.570177,41.998409,16,POINT (-72.570177 41.998409)
543,128744,1356,416,940,75,25,50,295,74,221,207,46,161,549,145,404,167,110,57,University of Bridgeport,Bridgeport,CT,-73.190166,41.164741,63,POINT (-73.190166 41.164741)
544,128771,2544,1157,1387,143,73,70,276,126,150,344,159,185,1599,729,870,50,17,33,Central Connecticut State University,New Britain,CT,-72.765991,41.692502,132,POINT (-72.765991 41.692502)
545,128780,628,189,439,18,6,12,105,25,80,84,22,62,370,121,249,8,1,7,Charter Oak State College,New Britain,CT,-72.767972,41.688246,43,POINT (-72.767972 41.688246)
546,128896,67,16,51,0,0,0,3,0,3,4,1,3,13,4,9,0,0,0,Cortiva Institute,Cromwell,CT,-72.678562,41.604041,47,POINT (-72.678562 41.604041)
547,128902,375,134,241,15,3,12,19,10,9,22,13,9,272,90,182,23,14,9,Connecticut College,New London,CT,-72.107321,41.379833,24,POINT (-72.107321 41.379833)
548,129002,143,84,59,3,1,2,46,18,28,33,24,9,48,33,15,0,0,0,Porter and Chester Institute of Hamden,Hamden,CT,-72.931908,41.346568,13,POINT (-72.931908 41.346568)
549,129020,8490,3826,4664,824,361,463,549,237,312,835,316,519,4632,2116,2516,1175,578,597,University of Connecticut,Storrs,CT,-72.249948,41.809098,475,POINT (-72.249948 41.809098)
550,129154,976,227,749,35,11,24,169,41,128,198,42,156,542,122,420,2,1,1,Goodwin University,East Hartford,CT,-72.64032,41.742977,30,POINT (-72.64032 41.742977)
551,129181,427,394,33,9,7,2,55,51,4,86,83,3,222,205,17,1,1,0,Lincoln Technical Institute-East Windsor,East Windsor,CT,-72.596915,41.924248,54,POINT (-72.596915 41.924248)
552,129215,1051,372,679,34,13,21,71,24,47,119,43,76,719,262,457,12,6,6,Eastern Connecticut State University,Willimantic,CT,-72.218753,41.721673,96,POINT (-72.218753 41.721673)
553,129242,1400,529,871,34,12,22,49,12,37,111,49,62,1071,380,691,56,34,22,Fairfield University,Fairfield,CT,-73.255903,41.157673,79,POINT (-73.255903 41.157673)
554,129349,122,2,120,3,0,3,19,0,19,24,1,23,66,1,65,0,0,0,Paul Mitchell the School-North Haven,North Haven,CT,-72.85745,41.394495,10,POINT (-72.85745 41.394495)
555,129367,344,125,219,19,12,7,99,28,71,77,26,51,117,48,69,9,4,5,Capital Community College,Hartford,CT,-72.672734,41.768397,23,POINT (-72.672734 41.768397)
556,129428,46,39,7,4,4,0,1,0,1,2,2,0,37,32,5,0,0,0,Rensselaer at Hartford,Hartford,CT,-72.673916,41.773462,2,POINT (-72.673916 41.773462)
557,129482,132,6,126,2,1,1,33,0,33,57,2,55,31,1,30,0,0,0,American Institute-West Hartford,West Hartford,CT,-72.725762,41.727016,9,POINT (-72.725762 41.727016)
558,129491,31,14,17,1,0,1,7,1,6,1,0,1,18,10,8,4,3,1,Hartford Seminary,Hartford,CT,-72.707766,41.769861,0,POINT (-72.707766 41.769861)
559,129525,1895,839,1056,86,40,46,196,88,108,185,78,107,1166,523,643,134,69,65,University of Hartford,West Hartford,CT,-72.715213,41.798591,128,POINT (-72.715213 41.798591)
560,129534,165,107,58,6,4,2,5,3,2,11,5,6,97,69,28,38,20,18,Holy Apostles College and Seminary,Cromwell,CT,-72.647853,41.60682,8,POINT (-72.647853 41.60682)
561,129543,438,158,280,22,13,9,132,36,96,156,52,104,112,49,63,3,2,1,Housatonic Community College,Bridgeport,CT,-73.191003,41.175228,13,POINT (-73.191003 41.175228)
562,129695,671,255,416,25,8,17,94,35,59,115,38,77,376,150,226,11,4,7,Manchester Community College,Manchester,CT,-72.561939,41.761625,50,POINT (-72.561939 41.761625)
563,129729,713,274,439,29,13,16,60,19,41,166,63,103,393,155,238,22,11,11,Naugatuck Valley Community College,Waterbury,CT,-73.072963,41.549749,43,POINT (-73.072963 41.549749)
564,129756,339,123,216,13,4,9,21,6,15,59,21,38,225,81,144,3,0,3,Middlesex Community College,Middletown,CT,-72.611838,41.539516,18,POINT (-72.611838 41.539516)
565,129774,133,66,67,2,0,2,8,3,5,9,5,4,84,40,44,0,0,0,Mitchell College,New London,CT,-72.09523,41.328013,30,POINT (-72.09523 41.328013)
566,129808,422,155,267,16,9,7,27,9,18,65,28,37,277,90,187,6,2,4,Three Rivers Community College,Norwich,CT,-72.103039,41.509945,31,POINT (-72.103039 41.509945)
567,129923,261,132,129,5,3,2,60,26,34,80,33,47,85,52,33,0,0,0,Lincoln Technical Institute-New Britain,New Britain,CT,-72.754498,41.659236,31,POINT (-72.754498 41.659236)
568,129932,520,464,56,2,2,0,188,165,23,162,145,17,163,147,16,1,1,0,New England Tractor Trailer Training School of Connecticut,Somers,CT,-72.450218,41.979699,4,POINT (-72.450218 41.979699)
569,129941,2057,957,1100,86,35,51,208,86,122,221,75,146,1085,474,611,385,253,132,University of New Haven,West Haven,CT,-72.961472,41.291314,72,POINT (-72.961472 41.291314)
570,130004,584,198,386,31,12,19,69,17,52,181,56,125,225,90,135,51,9,42,Norwalk Community College,Norwalk,CT,-73.450965,41.102574,27,POINT (-73.450965 41.102574)
571,130040,161,50,111,2,1,1,3,0,3,22,8,14,129,40,89,1,0,1,Northwestern Connecticut Community College,Winsted,CT,-73.058734,41.920668,4,POINT (-73.058734 41.920668)
572,130110,11,3,8,0,0,0,2,0,2,0,0,0,8,3,5,1,0,1,Paier College,Bridgeport,CT,-73.194727,41.163451,0,POINT (-73.194727 41.163451)
573,130174,1087,651,436,18,8,10,207,102,105,278,135,143,486,353,133,0,0,0,Porter and Chester Institute,Bridgeport,CT,-73.187731,41.200813,98,POINT (-73.187731 41.200813)
574,130183,2186,912,1274,19,10,9,386,121,265,161,59,102,782,303,479,28,18,10,Post University,Waterbury,CT,-73.081497,41.535549,810,POINT (-73.081497 41.535549)
575,130217,242,100,142,6,2,4,5,3,2,19,7,12,195,82,113,0,0,0,Quinebaug Valley Community College,Danielson,CT,-71.889673,41.82623,17,POINT (-71.889673 41.82623)
576,130226,3050,1065,1985,129,48,81,140,56,84,266,87,179,2286,799,1487,18,8,10,Quinnipiac University,Hamden,CT,-72.894117,41.418915,211,POINT (-72.894117 41.418915)
577,130253,2607,820,1787,46,12,34,155,54,101,267,94,173,1807,530,1277,122,69,53,Sacred Heart University,Fairfield,CT,-73.243332,41.220893,210,POINT (-73.243332 41.220893)
578,130314,831,119,712,52,9,43,89,18,71,86,11,75,553,67,486,10,4,6,University of Saint Joseph,West Hartford,CT,-72.72965,41.781041,41,POINT (-72.72965 41.781041)
579,130396,645,228,417,35,13,22,116,35,81,148,50,98,314,116,198,9,4,5,Gateway Community College,New Haven,CT,-72.927682,41.303785,23,POINT (-72.927682 41.303785)
580,130493,2172,711,1461,66,31,35,297,93,204,250,65,185,1323,423,900,33,15,18,Southern Connecticut State University,New Haven,CT,-72.947897,41.333225,203,POINT (-72.947897 41.333225)
581,130509,131,7,124,2,0,2,83,5,78,23,0,23,12,1,11,0,0,0,Stone Academy-West Haven,West Haven,CT,-72.976966,41.267503,11,POINT (-72.976966 41.267503)
582,130590,540,253,287,28,9,19,43,20,23,38,18,20,338,159,179,67,32,35,Trinity College,Hartford,CT,-72.690882,41.747451,26,POINT (-72.690882 41.747451)
583,130606,432,144,288,10,2,8,40,17,23,96,27,69,261,88,173,6,1,5,Tunxis Community College,Farmington,CT,-72.87754,41.705498,19,POINT (-72.87754 41.705498)
584,130624,251,166,85,12,6,6,16,14,2,32,20,12,156,102,54,7,5,2,United States Coast Guard Academy,New London,CT,-72.101583,41.375823,28,POINT (-72.101583 41.375823)
585,130697,778,344,434,67,25,42,49,18,31,95,32,63,408,187,221,100,54,46,Wesleyan University,Middletown,CT,-72.657146,41.554665,59,POINT (-72.657146 41.554665)
586,130776,1209,508,701,60,28,32,104,43,61,222,79,143,767,331,436,1,0,1,Western Connecticut State University,Danbury,CT,-73.444264,41.400365,55,POINT (-73.444264 41.400365)
587,130794,3867,1883,1984,557,224,333,236,100,136,343,163,180,1538,794,744,921,489,432,Yale University,New Haven,CT,-72.926688,41.311158,272,POINT (-72.926688 41.311158)
588,130837,28,4,24,0,0,0,1,0,1,1,0,1,21,3,18,0,0,0,Margaret H Rollins School of Nursing at Beebe Medical Center,Lewes,DE,-75.142864,38.771565,5,POINT (-75.142864 38.771565)
589,130873,483,174,309,10,4,6,268,115,153,59,19,40,108,24,84,0,0,0,Dawn Career Institute LLC,Newark,DE,-75.677768,39.668605,38,POINT (-75.677768 39.668605)
590,130907,1953,626,1327,83,32,51,349,100,249,219,63,156,1165,384,781,28,8,20,Delaware Technical Community College-Terry,Dover,DE,-75.56012,39.198371,109,POINT (-75.56012 39.198371)
591,130934,776,208,568,8,1,7,532,140,392,83,23,60,88,25,63,24,10,14,Delaware State University,Dover,DE,-75.54053,39.187173,41,POINT (-75.54053 39.187173)
592,130943,5815,2376,3439,316,144,172,331,129,202,491,200,291,3843,1469,2374,544,304,240,University of Delaware,Newark,DE,-75.752822,39.679577,290,POINT (-75.752822 39.679577)
593,130989,456,193,263,19,8,11,62,31,31,34,6,28,145,63,82,182,80,102,Goldey-Beacom College,Wilmington,DE,-75.689624,39.741501,14,POINT (-75.689624 39.741501)
594,131061,92,12,80,1,0,1,37,3,34,19,3,16,29,6,23,0,0,0,Schilling-Douglas School of Hair Design LLC,Newark,DE,-75.74178,39.711442,6,POINT (-75.74178 39.711442)
595,131098,270,87,183,5,1,4,111,44,67,0,0,0,138,40,98,0,0,0,Wesley College,Dover,DE,-75.527716,39.163182,16,POINT (-75.527716 39.163182)
596,131113,3823,1200,2623,88,31,57,751,210,541,251,90,161,2177,629,1548,338,174,164,Wilmington University,New Castle,DE,-75.586998,39.682299,218,POINT (-75.586998 39.682299)
597,131159,4180,1536,2644,239,74,165,381,98,283,449,150,299,1992,782,1210,537,231,306,American University,Washington,DC,-77.088875,38.936005,582,POINT (-77.088875 38.936005)
598,131283,1589,708,881,65,25,40,126,44,82,157,57,100,918,407,511,174,102,72,The Catholic University of America,Washington,DC,-76.997909,38.933651,149,POINT (-76.997909 38.933651)
599,131399,752,311,441,22,8,14,423,152,271,108,56,52,61,25,36,77,45,32,University of the District of Columbia,Washington,DC,-77.066247,38.943819,61,POINT (-77.066247 38.943819)
600,131405,36,29,7,0,0,0,0,0,0,1,1,0,33,26,7,2,2,0,Pontifical Faculty of the Immaculate Conception at the Dominican House of Studies,Washington,DC,-76.998724,38.931652,0,POINT (-76.998724 38.931652)
601,131450,370,117,253,24,9,15,37,14,23,41,15,26,208,62,146,12,5,7,Gallaudet University,Washington,DC,-76.993675,38.907371,48,POINT (-76.993675 38.907371)
602,131469,9176,3582,5594,975,339,636,876,254,622,687,245,442,4344,1661,2683,1466,753,713,George Washington University,Washington,DC,-77.048363,38.89923,828,POINT (-77.048363 38.89923)
603,131496,6683,3080,3603,594,266,328,505,190,315,589,264,325,3146,1527,1619,1263,547,716,Georgetown University,Washington,DC,-77.073463,38.908809,586,POINT (-77.073463 38.908809)
604,131520,2287,646,1641,91,21,70,1724,472,1252,134,33,101,69,22,47,168,72,96,Howard University,Washington,DC,-77.018966,38.922392,101,POINT (-77.018966 38.922392)
605,131803,161,56,105,5,4,1,122,43,79,13,3,10,8,1,7,1,0,1,Strayer University-District of Columbia,Washington,DC,-77.034133,38.904881,12,POINT (-77.034133 38.904881)
606,131830,17,8,9,0,0,0,5,3,2,1,0,1,7,4,3,2,0,2,National Conservatory of Dramatic Arts,Washington,DC,-77.065095,38.910024,2,POINT (-77.065095 38.910024)
607,131876,367,30,337,7,1,6,198,16,182,93,2,91,22,5,17,5,0,5,Trinity Washington University,Washington,DC,-77.004261,38.927398,42,POINT (-77.004261 38.927398)
608,131973,134,72,62,11,8,3,40,20,20,6,4,2,48,22,26,18,12,6,Wesley Theological Seminary,Washington,DC,-77.08996,38.939606,11,POINT (-77.08996 38.939606)
609,132374,576,323,253,16,11,5,296,151,145,116,64,52,89,73,16,40,15,25,Atlantic Technical College,Coconut Creek,FL,-80.192271,26.24278,19,POINT (-80.192271 26.24278)
610,132408,70,37,33,1,0,1,4,3,1,2,1,1,57,28,29,0,0,0,The Baptist College of Florida,Graceville,FL,-85.503931,30.962708,6,POINT (-85.503931 30.962708)
611,132471,1956,618,1338,92,29,63,540,142,398,620,171,449,475,198,277,141,54,87,Barry University,Miami,FL,-80.198925,25.878908,88,POINT (-80.198925 25.878908)
612,132602,556,195,361,1,0,1,454,159,295,5,1,4,15,6,9,0,0,0,Bethune-Cookman University,Daytona Beach,FL,-81.032946,29.207195,81,POINT (-81.032946 29.207195)
613,132657,846,365,481,13,7,6,96,36,60,121,54,67,307,127,180,152,75,77,Lynn University,Boca Raton,FL,-80.122806,26.385985,157,POINT (-80.122806 26.385985)
614,132675,97,50,47,0,0,0,32,20,12,5,1,4,58,28,30,0,0,0,North Florida Technical College,Starke,FL,-82.117224,29.952308,2,POINT (-82.117224 29.952308)
615,132693,3260,1253,2007,91,32,59,279,80,199,504,178,326,2140,857,1283,42,25,17,Eastern Florida State College,Cocoa,FL,-80.756474,28.38361,204,POINT (-80.756474 28.38361)
616,132709,9520,3829,5691,307,144,163,2612,837,1775,3457,1441,2016,1630,784,846,734,328,406,Broward College,Fort Lauderdale,FL,-80.14183,26.119422,780,POINT (-80.14183 26.119422)
617,132842,238,34,204,0,0,0,8,1,7,192,25,167,18,5,13,10,1,9,Albizu University-Miami,Miami,FL,-80.356315,25.794178,10,POINT (-80.356315 25.794178)
618,132851,1888,661,1227,47,15,32,199,53,146,349,114,235,1165,423,742,30,13,17,College of Central Florida,Ocala,FL,-82.175692,29.166079,98,POINT (-82.175692 29.166079)
619,132879,28,17,11,1,1,0,3,3,0,3,0,3,19,12,7,1,1,0,Johnson University Florida,Kissimmee,FL,-81.363053,28.302547,1,POINT (-81.363053 28.302547)
620,132903,18725,7524,11201,1173,526,647,1984,659,1325,4892,1845,3047,9028,3693,5335,758,437,321,University of Central Florida,Orlando,FL,-81.200889,28.602159,890,POINT (-81.200889 28.602159)
621,132976,254,124,130,6,1,5,28,15,13,46,21,25,166,86,80,0,0,0,Charlotte Technical College,Port Charlotte,FL,-82.147238,27.005558,8,POINT (-82.147238 27.005558)
622,133021,550,219,331,2,0,2,77,33,44,27,7,20,390,159,231,11,7,4,Chipola College,Marianna,FL,-85.23139,30.789228,43,POINT (-85.23139 30.789228)
623,133155,495,197,298,3,2,1,86,31,55,253,96,157,121,63,58,23,1,22,Lorenzo Walker Technical College,Naples,FL,-81.763568,26.141141,9,POINT (-81.763568 26.141141)
624,133386,3499,1322,2177,93,43,50,377,115,262,600,213,387,2209,863,1346,5,3,2,Daytona State College,Daytona Beach,FL,-81.049685,29.203275,215,POINT (-81.049685 29.203275)
625,133465,199,27,172,11,0,11,106,15,91,42,7,35,35,4,31,1,0,1,South University-West Palm Beach,Royal Palm Beach,FL,-80.200219,26.69215,4,POINT (-80.200219 26.69215)
626,133492,423,142,281,6,5,1,10,4,6,43,12,31,326,106,220,18,10,8,Eckerd College,Saint Petersburg,FL,-82.687043,27.715798,20,POINT (-82.687043 27.715798)
627,133508,3024,1029,1995,73,18,55,295,84,211,981,335,646,1384,488,896,57,18,39,Florida SouthWestern State College,Fort Myers,FL,-81.887102,26.552403,234,POINT (-81.887102 26.552403)
628,133526,128,66,62,1,0,1,107,54,53,5,4,1,8,4,4,1,0,1,Edward Waters University,Jacksonville,FL,-81.684879,30.34479,6,POINT (-81.684879 30.34479)
629,133553,1521,1135,386,72,55,17,65,50,15,183,132,51,816,611,205,287,214,73,Embry-Riddle Aeronautical University-Daytona Beach,Daytona Beach,FL,-81.048367,29.189903,98,POINT (-81.048367 29.189903)
630,133650,2084,682,1402,21,8,13,1737,544,1193,104,38,66,136,60,76,12,5,7,Florida Agricultural and Mechanical University,Tallahassee,FL,-84.290226,30.428504,74,POINT (-84.290226 30.428504)
631,133669,8050,3136,4914,346,136,210,1556,484,1072,2194,837,1357,3279,1382,1897,324,164,160,Florida Atlantic University,Boca Raton,FL,-80.102978,26.372421,351,POINT (-80.102978 26.372421)
632,133702,8264,3066,5198,364,154,210,2143,667,1476,1016,364,652,4074,1604,2470,66,23,43,Florida State College at Jacksonville,Jacksonville,FL,-81.659901,30.334918,601,POINT (-81.659901 30.334918)
633,133711,736,232,504,9,2,7,31,13,18,58,21,37,550,164,386,36,16,20,Flagler College,Saint Augustine,FL,-81.314887,29.892733,52,POINT (-81.314887 29.892733)
634,133809,144,57,87,3,0,3,6,1,5,9,5,4,119,47,72,0,0,0,Florida College,Temple Terrace,FL,-82.383289,28.034936,7,POINT (-82.383289 28.034936)
635,133845,298,30,268,2,1,1,69,2,67,17,1,16,15,2,13,0,0,0,Concorde Career Institute-Jacksonville,Jacksonville,FL,-81.581748,30.23886,195,POINT (-81.581748 30.23886)
636,133854,252,43,209,3,0,3,68,5,63,37,13,24,8,1,7,0,0,0,Concorde Career Institute-Miramar,Miramar,FL,-80.291516,25.977088,136,POINT (-80.291516 25.977088)
637,133863,274,23,251,5,0,5,44,4,40,108,10,98,28,1,27,0,0,0,Concorde Career Institute-Tampa,Tampa,FL,-82.514341,27.959148,89,POINT (-82.514341 27.959148)
638,133872,528,89,439,39,12,27,84,13,71,149,23,126,180,27,153,15,3,12,AdventHealth University,Orlando,FL,-81.367687,28.576142,61,POINT (-81.367687 28.576142)
639,133881,2004,1098,906,70,35,35,143,64,79,225,103,122,995,516,479,449,314,135,Florida Institute of Technology,Melbourne,FL,-80.622893,28.065815,122,POINT (-80.622893 28.065815)
640,133942,43,2,41,0,0,0,2,0,2,4,0,4,37,2,35,0,0,0,Florida Institute of Ultrasound Inc,Pensacola,FL,-87.220895,30.524582,0,POINT (-87.220895 30.524582)
641,133951,16917,6792,10125,450,199,251,2091,716,1375,10531,4154,6377,1683,686,997,1748,868,880,Florida International University,Miami,FL,-80.373928,25.75732,414,POINT (-80.373928 25.75732)
642,133960,296,148,148,3,0,3,27,16,11,101,52,49,142,66,76,5,3,2,The College of the Florida Keys,Key West,FL,-81.74446,24.582748,18,POINT (-81.74446 24.582748)
643,133979,197,61,136,0,0,0,137,39,98,18,12,6,2,0,2,21,5,16,Florida Memorial University,Miami Gardens,FL,-80.270753,25.918278,19,POINT (-80.270753 25.918278)
644,133997,264,102,162,3,2,1,44,13,31,121,47,74,4,1,3,0,0,0,Florida Career College-Miami,Miami,FL,-80.36778,25.756567,92,POINT (-80.36778 25.756567)
645,134079,804,257,547,21,6,15,58,17,41,87,34,53,587,178,409,22,13,9,Florida Southern College,Lakeland,FL,-81.948203,28.032443,29,POINT (-81.948203 28.032443)
646,134097,11953,4972,6981,289,116,173,1090,348,742,2281,934,1347,7183,3058,4125,515,277,238,Florida State University,Tallahassee,FL,-84.291921,30.440756,595,POINT (-84.291921 30.440756)
647,134130,15459,6812,8647,1142,529,613,810,274,536,2969,1225,1744,7967,3399,4568,1517,935,582,University of Florida,Gainesville,FL,-82.347911,29.64629,1054,POINT (-82.347911 29.64629)
648,134228,14,7,7,0,0,0,7,3,4,3,2,1,4,2,2,0,0,0,Fort Pierce Beauty Academy,Fort Pierce,FL,-80.325377,27.411962,0,POINT (-80.325377 27.411962)
649,134237,6095,4109,1986,163,107,56,1394,915,479,1088,758,330,2462,1717,745,13,12,1,Full Sail University,Winter Park,FL,-81.301286,28.596546,975,POINT (-81.301286 28.596546)
650,134291,304,240,64,1,1,0,37,34,3,22,19,3,223,168,55,0,0,0,George Stone Technical College,Pensacola,FL,-87.290659,30.487547,21,POINT (-87.290659 30.487547)
651,134307,176,165,11,0,0,0,15,14,1,111,104,7,40,37,3,9,9,0,George T Baker Aviation Technical College,Miami,FL,-80.263591,25.804092,1,POINT (-80.263591 25.804092)
652,134343,1037,408,629,22,8,14,101,30,71,63,20,43,760,315,445,8,1,7,Gulf Coast State College,Panama City,FL,-85.727918,30.185542,83,POINT (-85.727918 30.185542)
653,134422,2,0,2,0,0,0,1,0,1,0,0,0,1,0,1,0,0,0,Key College,Fort Lauderdale,FL,-80.114462,26.13887,0,POINT (-80.114462 26.13887)
654,134495,5506,2406,3100,206,77,129,730,277,453,1777,748,1029,2235,1042,1193,142,64,78,Hillsborough Community College,Tampa,FL,-82.456253,27.934888,416,POINT (-82.456253 27.934888)
655,134510,31,14,17,0,0,0,1,1,0,3,0,3,24,11,13,1,0,1,Hobe Sound Bible College,Hobe Sound,FL,-80.13184,27.066304,2,POINT (-80.13184 27.066304)
656,134529,283,25,258,3,0,3,158,14,144,82,9,73,21,1,20,0,0,0,Hollywood Institute of Beauty Careers,Hollywood,FL,-80.209125,26.007139,19,POINT (-80.209125 26.007139)
657,134574,125,29,96,5,1,4,21,5,16,22,4,18,53,12,41,0,0,0,Cortiva Institute,St. Petersburg,FL,-82.680031,27.793547,24,POINT (-82.680031 27.793547)
658,134608,4034,1424,2610,70,35,35,578,189,389,1118,356,762,1998,727,1271,45,18,27,Indian River State College,Fort Pierce,FL,-80.358682,27.42416,225,POINT (-80.358682 27.42416)
659,134714,72,5,67,0,0,0,24,2,22,3,1,2,42,2,40,0,0,0,International Academy,South Daytona,FL,-80.997811,29.162159,3,POINT (-80.997811 29.162159)
660,134811,218,71,147,4,0,4,23,10,13,68,31,37,33,15,18,73,13,60,AI Miami International University of Art and Design,Miami,FL,-80.18839,25.790008,17,POINT (-80.18839 25.790008)
661,134945,1144,365,779,39,13,26,195,58,137,129,30,99,648,199,449,67,45,22,Jacksonville University,Jacksonville,FL,-81.60458,30.353227,66,POINT (-81.60458 30.353227)
662,135081,5866,1704,4162,234,121,113,891,224,667,1821,544,1277,1898,524,1374,58,33,25,Keiser University-Ft Lauderdale,Fort Lauderdale,FL,-80.163959,26.185869,964,POINT (-80.163959 26.185869)
663,135142,310,4,306,1,0,1,8,0,8,301,4,297,0,0,0,0,0,0,La Belle Beauty School,Hialeah,FL,-80.312711,25.86695,0,POINT (-80.312711 25.86695)
664,135160,953,321,632,15,8,7,155,39,116,69,25,44,696,242,454,1,0,1,Florida Gateway College,Lake City,FL,-82.5679,30.175298,17,POINT (-82.5679 30.175298)
665,135179,598,352,246,7,3,4,84,36,48,100,59,41,388,246,142,2,1,1,Lake Technical College,Eustis,FL,-81.690874,28.833446,17,POINT (-81.690874 28.833446)
666,135188,1027,369,658,54,17,37,71,21,50,222,76,146,591,222,369,10,5,5,Lake-Sumter State College,Leesburg,FL,-81.797193,28.828649,79,POINT (-81.797193 28.828649)
667,135267,591,383,208,3,2,1,96,42,54,199,136,63,283,195,88,3,2,1,Fort Myers Technical College,Fort Myers,FL,-81.836596,26.647517,7,POINT (-81.836596 26.647517)
668,135276,410,229,181,5,1,4,165,60,105,36,24,12,190,134,56,0,0,0,Lively Technical College,Tallahassee,FL,-84.339057,30.448534,14,POINT (-84.339057 30.448534)
669,135294,284,97,187,1,0,1,150,40,110,77,36,41,19,10,9,32,9,23,Lindsey Hopkins Technical College,Miami,FL,-80.208154,25.794676,5,POINT (-80.208154 25.794676)
670,135337,78,4,74,3,0,3,23,1,22,10,1,9,37,2,35,0,0,0,Loraines Academy & Spa,Saint Petersburg,FL,-82.713964,27.783077,5,POINT (-82.713964 27.783077)
671,135364,171,115,56,4,3,1,66,30,36,3,1,2,91,77,14,0,0,0,Luther Rice College & Seminary,Lithonia,GA,-84.123179,33.698126,7,POINT (-84.123179 33.698126)
672,135391,2311,816,1495,56,21,35,135,45,90,397,130,267,1258,439,819,34,12,22,State College of Florida-Manatee-Sarasota,Bradenton,FL,-82.590887,27.43804,431,POINT (-82.590887 27.43804)
673,135407,701,373,328,10,6,4,63,20,43,218,108,110,350,212,138,27,14,13,Manatee Technical College,Bradenton,FL,-82.481088,27.447894,33,POINT (-82.481088 27.447894)
674,135522,202,102,100,8,4,4,34,12,22,54,28,26,97,54,43,3,2,1,Traviss Technical College,Lakeland,FL,-81.892381,27.995822,6,POINT (-81.892381 27.995822)
675,135559,51,7,44,0,0,0,4,1,3,30,3,27,17,3,14,0,0,0,Merryfield School of Pet Grooming,Oakland Park,FL,-80.129991,26.19044,0,POINT (-80.129991 26.19044)
676,135610,57,15,42,1,0,1,23,6,17,24,6,18,8,3,5,0,0,0,Trinity International University-Florida,Miami,FL,-80.417646,25.68307,1,POINT (-80.417646 25.68307)
677,135647,73,35,38,0,0,0,45,22,23,24,12,12,3,1,2,1,0,1,Miami Lakes Educational Center and Technical College,Miami Lakes,FL,-80.29513,25.916128,0,POINT (-80.29513 25.916128)
678,135717,16125,6372,9753,180,72,108,2218,712,1506,11301,4547,6754,825,359,466,1146,500,646,Miami Dade College,Miami,FL,-80.190856,25.777717,455,POINT (-80.190856 25.777717)
679,135726,5285,2330,2955,265,111,154,433,131,302,1432,574,858,1964,928,1036,787,402,385,University of Miami,Coral Gables,FL,-80.278662,25.72126,404,POINT (-80.278662 25.72126)
680,135735,414,375,39,13,11,2,81,68,13,131,117,14,177,170,7,4,3,1,Orange Technical College-Mid Florida Campus,Orlando,FL,-81.415996,28.471695,8,POINT (-81.415996 28.471695)
681,136109,106,4,102,0,0,0,24,1,23,11,0,11,67,3,64,0,0,0,Paul Mitchell the School-Jacksonville,Jacksonville,FL,-81.527515,30.259433,4,POINT (-81.527515 30.259433)
682,136145,393,124,269,3,0,3,102,21,81,32,12,20,250,90,160,1,0,1,North Florida College,Madison,FL,-83.420732,30.473841,5,POINT (-83.420732 30.473841)
683,136172,4634,1765,2869,247,93,154,451,148,303,573,196,377,3002,1181,1821,111,55,56,University of North Florida,Jacksonville,FL,-81.509144,30.27194,250,POINT (-81.509144 30.27194)
684,136215,5972,1633,4339,486,168,318,1103,215,888,1867,471,1396,1821,532,1289,265,117,148,Nova Southeastern University,Fort Lauderdale,FL,-80.24248,26.079337,430,POINT (-80.24248 26.079337)
685,136233,1179,431,748,29,9,20,85,27,58,108,43,65,700,243,457,16,2,14,Northwest Florida State College,Niceville,FL,-86.47456,30.540017,241,POINT (-86.47456 30.540017)
686,136303,306,34,272,11,1,10,128,12,116,104,12,92,46,6,40,13,3,10,Orange Technical College-Orlando Campus,Orlando,FL,-81.383783,28.550422,4,POINT (-81.383783 28.550422)
687,136330,773,247,526,13,2,11,82,17,65,137,32,105,439,150,289,35,24,11,Palm Beach Atlantic University,West Palm Beach,FL,-80.05247,26.7044,67,POINT (-80.05247 26.7044)
688,136358,6734,2548,4186,215,93,122,1760,540,1220,2024,765,1259,2225,938,1287,119,60,59,Palm Beach State College,Lake Worth,FL,-80.08653,26.61256,391,POINT (-80.08653 26.61256)
689,136400,2001,757,1244,68,27,41,112,45,67,434,150,284,1220,474,746,12,6,6,Pasco-Hernando State College,New Port Richey,FL,-82.646727,28.2751,155,POINT (-82.646727 28.2751)
690,136473,2222,742,1480,38,14,24,331,85,246,160,50,110,1485,532,953,40,10,30,Pensacola State College,Pensacola,FL,-87.200265,30.479267,168,POINT (-87.200265 30.479267)
691,136491,430,207,223,13,4,9,90,31,59,68,30,38,245,136,109,2,0,2,Pinellas Technical College-Clearwater,Clearwater,FL,-82.719064,27.911922,12,POINT (-82.719064 27.911922)
692,136516,2584,890,1694,75,32,43,370,117,253,589,206,383,1386,478,908,29,10,19,Polk State College,Winter Haven,FL,-81.711873,28.032411,135,POINT (-81.711873 28.032411)
693,136659,115,81,34,1,1,0,12,5,7,2,2,0,93,68,25,0,0,0,Radford M Locklin Technical College,Milton,FL,-87.09971,30.648077,7,POINT (-87.09971 30.648077)
694,136701,33,33,0,1,1,0,1,1,0,13,13,0,12,12,0,6,6,0,Saint Vincent de Paul Regional Seminary,Boynton Beach,FL,-80.125185,26.516538,0,POINT (-80.125185 26.516538)
695,136765,239,118,121,3,1,2,46,15,31,109,58,51,71,40,31,1,1,0,Ridge Technical College,Winter Haven,FL,-81.654463,28.076632,9,POINT (-81.654463 28.076632)
696,136774,306,76,230,30,5,25,11,5,6,51,13,38,148,37,111,42,9,33,Ringling College of Art and Design,Sarasota,FL,-82.547803,27.360931,24,POINT (-82.547803 27.360931)
697,136826,159,84,75,3,1,2,36,17,19,96,52,44,18,11,7,6,3,3,Robert Morgan Educational Center and Technical College,Miami,FL,-80.390054,25.599247,0,POINT (-80.390054 25.599247)
698,136950,785,305,480,18,8,10,36,10,26,173,64,109,416,166,250,66,30,36,Rollins College,Winter Park,FL,-81.349239,28.592787,76,POINT (-81.349239 28.592787)
699,137023,344,181,163,3,2,1,47,10,37,28,12,16,258,156,102,1,0,1,First Coast Technical College,Saint Augustine,FL,-81.345829,29.924377,7,POINT (-81.345829 29.924377)
700,137032,3366,1241,2125,55,24,31,935,305,630,449,168,281,1218,464,754,83,38,45,Saint Leo University,Saint Leo,FL,-82.257801,28.336776,626,POINT (-82.257801 28.336776)
701,137078,6494,2380,4114,253,99,154,698,207,491,989,353,636,4141,1571,2570,60,25,35,St Petersburg College,St. Petersburg,FL,-82.636587,27.773264,353,POINT (-82.636587 27.773264)
702,137087,505,221,284,18,11,7,171,65,106,65,25,40,235,112,123,4,2,2,Pinellas Technical College-St. Petersburg,Saint Petersburg,FL,-82.681534,27.761183,12,POINT (-82.681534 27.761183)
703,137096,3337,1502,1835,148,71,77,306,104,202,686,317,369,1881,853,1028,110,68,42,Santa Fe College,Gainesville,FL,-82.433143,29.681037,206,POINT (-82.433143 29.681037)
704,137120,604,327,277,4,0,4,65,30,35,117,58,59,396,233,163,7,0,7,Suncoast Technical College,Sarasota,FL,-82.500827,27.285486,15,POINT (-82.500827 27.285486)
705,137209,5524,2229,3295,223,81,142,759,249,510,1486,555,931,2601,1168,1433,128,47,81,Seminole State College of Florida,Sanford,FL,-81.308003,28.745482,327,POINT (-81.308003 28.745482)
706,137245,939,382,557,19,11,8,509,179,330,219,97,122,145,74,71,26,11,15,Sheridan Technical College,Hollywood,FL,-80.198024,26.031736,21,POINT (-80.198024 26.031736)
707,137272,16,16,0,1,1,0,2,2,0,4,4,0,5,5,0,4,4,0,St. John Vianney College Seminary,Miami,FL,-80.337411,25.742579,0,POINT (-80.337411 25.742579)
708,137281,1455,537,918,21,6,15,121,32,89,164,68,96,1047,390,657,3,1,2,Saint Johns River State College,Palatka,FL,-81.681387,29.647516,99,POINT (-81.681387 29.647516)
709,137315,671,259,412,15,8,7,62,22,40,233,85,148,319,125,194,11,4,7,South Florida State College,Avon Park,FL,-81.508667,27.56974,31,POINT (-81.508667 27.56974)
710,137351,14498,5748,8750,919,378,541,1327,409,918,2636,969,1667,7189,2773,4416,1349,773,576,University of South Florida,Tampa,FL,-82.413232,28.061458,1078,POINT (-82.413232 28.061458)
711,137476,875,323,552,12,5,7,239,67,172,365,146,219,105,43,62,88,41,47,St. Thomas University,Miami Gardens,FL,-80.253273,25.922071,66,POINT (-80.253273 25.922071)
712,137546,1054,442,612,16,8,8,75,32,43,165,76,89,676,265,411,66,35,31,Stetson University,DeLand,FL,-81.300746,29.035475,56,POINT (-81.300746 29.035475)
713,137564,1580,575,1005,31,9,22,178,65,113,281,100,181,995,364,631,30,17,13,Southeastern University,Lakeland,FL,-81.918382,28.029733,65,POINT (-81.918382 28.029733)
714,137591,198,28,170,1,0,1,20,5,15,39,12,27,128,11,117,0,0,0,Bene's Career Academy,New Port Richey,FL,-82.728584,28.259612,10,POINT (-82.728584 28.259612)
715,137713,57,14,43,0,0,0,13,2,11,3,1,2,40,11,29,0,0,0,Riveroak Technical College,Live Oak,FL,-82.992512,30.281999,1,POINT (-82.992512 30.281999)
716,137759,2921,1296,1625,41,18,23,722,229,493,434,223,211,1530,743,787,33,15,18,Tallahassee Community College,Tallahassee,FL,-84.339,30.443866,161,POINT (-84.339 30.443866)
717,137777,9,9,0,0,0,0,0,0,0,0,0,0,8,8,0,1,1,0,Talmudic College of Florida,Miami Beach,FL,-80.136293,25.811996,0,POINT (-80.136293 25.811996)
718,137801,249,138,111,7,1,6,55,26,29,97,59,38,76,48,28,0,0,0,Altierus Career College-Tampa,Tampa,FL,-82.497616,27.996582,14,POINT (-82.497616 27.996582)
719,137847,2329,926,1403,44,14,30,103,34,69,254,93,161,1319,526,793,254,141,113,The University of Tampa,Tampa,FL,-82.46483,27.948455,355,POINT (-82.46483 27.948455)
720,137856,152,82,70,0,0,0,20,5,15,5,4,1,122,70,52,0,0,0,Big Bend Technical College,Perry,FL,-83.565783,30.077954,5,POINT (-83.565783 30.077954)
721,137865,153,105,48,1,1,0,13,9,4,12,8,4,117,78,39,2,2,0,Tom P. Haney Technical College,Panama City,FL,-85.646585,30.203363,8,POINT (-85.646585 30.203363)
722,137953,72,38,34,2,2,0,11,5,6,6,4,2,48,25,23,1,0,1,Trinity Baptist College,Jacksonville,FL,-81.79626,30.311171,4,POINT (-81.79626 30.311171)
723,137962,34,15,19,0,0,0,5,0,5,5,3,2,13,5,8,2,2,0,Trinity College of Florida,Trinity,FL,-82.678318,28.194732,9,POINT (-82.678318 28.194732)
724,138187,13968,5901,8067,634,304,330,2070,800,1270,4883,1965,2918,3947,1847,2100,707,322,385,Valencia College,Orlando,FL,-81.471466,28.520898,1727,POINT (-81.471466 28.520898)
725,138275,302,146,156,2,1,1,89,43,46,41,19,22,153,76,77,10,6,4,Warner University,Lake Wales,FL,-81.599972,27.825751,7,POINT (-81.599972 27.825751)
726,138284,229,100,129,0,0,0,40,12,28,8,4,4,171,80,91,0,0,0,Florida Panhandle Technical College,Chipley,FL,-85.553345,30.77449,10,POINT (-85.553345 30.77449)
727,138293,168,99,69,2,2,0,32,23,9,18,12,6,63,29,34,36,23,13,Webber International University,Babson Park,FL,-81.532315,27.838778,17,POINT (-81.532315 27.838778)
728,138309,4114,541,3573,120,28,92,708,84,624,636,98,538,1771,260,1511,0,0,0,Rasmussen University-Florida,Ocala,FL,-82.197343,29.140099,879,POINT (-82.197343 29.140099)
729,138354,4223,1497,2726,109,46,63,459,168,291,403,128,275,2814,986,1828,150,57,93,The University of West Florida,Pensacola,FL,-87.218511,30.549076,288,POINT (-87.218511 30.549076)
730,138372,270,104,166,5,1,4,86,26,60,85,29,56,88,47,41,4,1,3,Orange Technical College-Westside Campus,Winter Garden,FL,-81.571532,28.559574,2,POINT (-81.571532 28.559574)
731,138479,583,350,233,22,9,13,153,77,76,220,141,79,165,111,54,12,6,6,William T McFatter Technical College,Davie,FL,-80.232201,26.085022,11,POINT (-80.232201 26.085022)
732,138488,235,51,184,15,2,13,80,13,67,86,18,68,46,17,29,0,0,0,Orange Technical College-Winter Park Campus,Winter Park,FL,-81.36174,28.604386,8,POINT (-81.36174 28.604386)
733,138497,325,194,131,2,1,1,17,5,12,37,19,18,247,155,92,0,0,0,Withlacoochee Technical College,Inverness,FL,-82.345563,28.834861,22,POINT (-82.345563 28.834861)
734,138558,623,236,387,7,5,2,57,18,39,43,16,27,495,191,304,8,4,4,Abraham Baldwin Agricultural College,Tifton,GA,-83.528281,31.481889,13,POINT (-83.528281 31.481889)
735,138600,214,1,213,12,0,12,76,1,75,29,0,29,68,0,68,10,0,10,Agnes Scott College,Decatur,GA,-84.295459,33.769268,19,POINT (-84.295459 33.769268)
736,138655,189,106,83,15,8,7,79,55,24,59,27,32,36,16,20,0,0,0,Interactive College of Technology-Chamblee,Chamblee,GA,-84.304381,33.886966,0,POINT (-84.304381 33.886966)
737,138664,18,8,10,3,3,0,13,4,9,2,1,1,0,0,0,0,0,0,Interactive College of Technology-Morrow,Morrow,GA,-84.336098,33.57233,0,POINT (-84.336098 33.57233)
738,138682,1149,423,726,3,3,0,885,301,584,28,13,15,211,99,112,1,0,1,Albany Technical College,Albany,GA,-84.174284,31.55434,21,POINT (-84.174284 31.55434)
739,138716,1070,232,838,12,2,10,755,150,605,43,10,33,207,52,155,9,6,3,Albany State University,Albany,GA,-84.141825,31.56928,44,POINT (-84.141825 31.56928)
740,138761,75,35,40,1,1,0,37,8,29,2,1,1,31,22,9,1,1,0,Andrew College,Cuthbert,GA,-84.795021,31.772321,3,POINT (-84.795021 31.772321)
741,138813,133,66,67,3,1,2,72,29,43,15,10,5,26,16,10,4,0,4,The Art Institute of Atlanta,Atlanta,GA,-84.355252,33.936024,13,POINT (-84.355252 33.936024)
742,138822,364,10,354,3,0,3,227,7,220,19,1,18,112,2,110,1,0,1,Georgia Career Institute,Conyers,GA,-84.018321,33.64336,2,POINT (-84.018321 33.64336)
743,138840,1940,697,1243,22,14,8,1672,564,1108,108,53,55,67,35,32,20,9,11,Atlanta Technical College,Atlanta,GA,-84.404995,33.712009,51,POINT (-84.404995 33.712009)
744,138868,250,106,144,1,1,0,87,32,55,12,5,7,110,43,67,12,12,0,Point University,West Point,GA,-85.184931,32.87912,28,POINT (-85.184931 32.87912)
745,138901,206,58,148,2,1,1,180,52,128,12,1,11,3,1,2,1,1,0,Atlanta Metropolitan State College,Atlanta,GA,-84.404659,33.70893,8,POINT (-84.404659 33.70893)
746,138929,76,28,48,6,1,5,26,5,21,8,1,7,29,17,12,1,0,1,Atlanta's John Marshall Law School,Atlanta,GA,-84.385603,33.76128,6,POINT (-84.385603 33.76128)
747,138938,234,18,216,5,0,5,114,9,105,23,0,23,76,7,69,0,0,0,Atlanta School of Massage,Atlanta,GA,-84.311332,33.922131,16,POINT (-84.311332 33.922131)
748,138947,804,201,603,0,0,0,722,161,561,2,1,1,1,1,0,30,24,6,Clark Atlanta University,Atlanta,GA,-84.412584,33.747628,49,POINT (-84.412584 33.747628)
749,138956,1323,693,630,22,10,12,555,283,272,84,57,27,582,309,273,4,0,4,Augusta Technical College,Augusta,GA,-82.048439,33.418992,76,POINT (-82.048439 33.418992)
750,139144,510,205,305,11,5,6,34,18,16,24,10,14,403,152,251,7,5,2,Berry College,Mount Berry,GA,-85.189202,34.290414,31,POINT (-85.189202 34.290414)
751,139153,75,35,40,14,9,5,38,16,22,2,1,1,9,2,7,0,0,0,Beulah Heights University,Atlanta,GA,-84.35768,33.736993,12,POINT (-84.35768 33.736993)
752,139199,776,120,656,18,6,12,253,37,216,55,5,50,362,55,307,48,11,37,Brenau University,Gainesville,GA,-83.821513,34.303117,40,POINT (-83.821513 34.303117)
753,139205,61,21,40,0,0,0,19,8,11,4,2,2,33,10,23,3,1,2,Brewton-Parker College,Mount Vernon,GA,-82.586136,32.185718,2,POINT (-82.586136 32.185718)
754,139250,735,208,527,12,4,8,122,23,99,43,11,32,495,146,349,8,6,2,College of Coastal Georgia,Brunswick,GA,-81.485973,31.182745,55,POINT (-81.485973 31.182745)
755,139278,1810,818,992,16,9,7,486,175,311,157,75,82,1071,525,546,6,2,4,West Georgia Technical College,Waco,GA,-85.183666,33.691657,74,POINT (-85.183666 33.691657)
756,139311,1297,295,1002,72,20,52,861,169,692,100,26,74,173,49,124,32,19,13,Clayton  State University,Morrow,GA,-84.328174,33.594079,59,POINT (-84.328174 33.594079)
757,139348,59,27,32,3,0,3,12,5,7,2,1,1,30,12,18,10,7,3,Columbia Theological Seminary,Decatur,GA,-84.281695,33.764292,2,POINT (-84.281695 33.764292)
758,139357,1435,553,882,20,9,11,650,207,443,115,58,57,545,233,312,8,5,3,Columbus Technical College,Columbus,GA,-84.978551,32.508076,97,POINT (-84.978551 32.508076)
759,139366,1643,586,1057,34,18,16,572,148,424,104,38,66,866,350,516,36,19,17,Columbus State University,Columbus,GA,-84.94106,32.50096,31,POINT (-84.94106 32.50096)
760,139384,1835,770,1065,13,7,6,131,30,101,336,184,152,1293,523,770,14,6,8,Georgia Northwestern Technical College,Rome,GA,-85.171361,34.224673,48,POINT (-85.171361 34.224673)
761,139393,236,104,132,4,0,4,6,3,3,6,5,1,204,86,118,5,4,1,Covenant College,Lookout Mountain,GA,-85.375066,34.965161,11,POINT (-85.375066 34.965161)
762,139463,779,267,512,13,3,10,28,10,18,214,81,133,485,156,329,18,9,9,Dalton State College,Dalton,GA,-85.002775,34.774221,21,POINT (-85.002775 34.774221)
763,139506,25,10,15,0,0,0,25,10,15,0,0,0,0,0,0,0,0,0,Pro Way Hair School,Stone Mountain,GA,-84.205183,33.801802,0,POINT (-84.205183 33.801802)
764,139579,355,103,252,19,6,13,102,21,81,21,7,14,204,64,140,3,3,0,South University-Savannah,Savannah,GA,-81.105435,31.999571,6,POINT (-81.105435 31.999571)
765,139621,303,83,220,1,0,1,137,35,102,14,5,9,138,40,98,2,1,1,East Georgia State College,Swainsboro,GA,-82.309021,32.594944,11,POINT (-82.309021 32.594944)
766,139630,128,63,65,0,0,0,17,11,6,9,1,8,83,39,44,15,10,5,Emmanuel College,Franklin Springs,GA,-83.14822,34.283641,4,POINT (-83.14822 34.283641)
767,139658,4474,1636,2838,730,287,443,502,118,384,347,127,220,1956,697,1259,671,307,364,Emory University,Atlanta,GA,-84.325512,33.790183,268,POINT (-84.325512 33.790183)
768,139700,986,321,665,12,4,8,148,38,110,130,41,89,650,223,427,9,3,6,Georgia Highlands College,Rome,GA,-85.207356,34.169791,37,POINT (-85.207356 34.169791)
769,139719,481,162,319,1,0,1,444,151,293,7,2,5,15,2,13,3,2,1,Fort Valley State University,Fort Valley,GA,-83.89537,32.537595,11,POINT (-83.89537 32.537595)
770,139746,45,8,37,4,1,3,25,5,20,1,0,1,15,2,13,0,0,0,Grady Health System Professional Schools,Atlanta,GA,-84.381561,33.751852,0,POINT (-84.381561 33.751852)
771,139755,9064,6165,2899,1665,1107,558,395,219,176,473,301,172,3719,2587,1132,2399,1693,706,Georgia Institute of Technology-Main Campus,Atlanta,GA,-84.394832,33.77242,413,POINT (-84.394832 33.77242)
772,139764,695,162,533,12,7,5,146,31,115,33,10,23,467,98,369,13,6,7,Georgia Southwestern State University,Americus,GA,-84.217738,32.054662,24,POINT (-84.217738 32.054662)
773,139861,1770,612,1158,18,13,5,210,74,136,98,28,70,1390,472,918,11,8,3,Georgia College & State University,Milledgeville,GA,-83.231962,33.082787,43,POINT (-83.231962 33.082787)
774,139931,5636,2088,3548,133,66,67,1307,415,892,342,114,228,3481,1329,2152,138,74,64,Georgia Southern University,Statesboro,GA,-81.784045,32.426153,235,POINT (-81.784045 32.426153)
775,139940,7812,2913,4899,962,421,541,2693,825,1868,785,285,500,2211,917,1294,646,291,355,Georgia State University,Atlanta,GA,-84.38667,33.7527,515,POINT (-84.38667 33.7527)
776,139959,10781,4439,6342,927,421,506,915,278,637,607,256,351,7285,3051,4234,473,200,273,University of Georgia,Athens,GA,-83.374039,33.956262,574,POINT (-83.374039 33.956262)
777,139968,546,151,395,3,3,0,188,51,137,27,7,20,309,83,226,1,0,1,Gordon State College,Barnesville,GA,-84.154508,33.04571,18,POINT (-84.154508 33.04571)
778,139986,2873,763,2110,32,7,25,1282,265,1017,182,57,125,1300,412,888,3,1,2,Southern Crescent Technical College,Griffin,GA,-84.291662,33.255438,74,POINT (-84.291662 33.255438)
779,139995,121,40,81,2,1,1,60,20,40,9,2,7,49,17,32,1,0,1,Gupton Jones College of Funeral Service,Decatur,GA,-84.179775,33.710709,0,POINT (-84.179775 33.710709)
780,140003,65,7,58,2,0,2,41,6,35,13,0,13,9,1,8,0,0,0,Gwinnett College-Lilburn,Lilburn,GA,-84.121874,33.901271,0,POINT (-84.121874 33.901271)
781,140012,2447,1120,1327,259,125,134,696,275,421,413,212,201,894,437,457,35,11,24,Gwinnett Technical College,Lawrenceville,GA,-84.066224,33.962763,150,POINT (-84.066224 33.962763)
782,140146,53,34,19,0,0,0,52,33,19,0,0,0,0,0,0,1,1,0,Interdenominational Theological Center,Atlanta,GA,-84.409207,33.752338,0,POINT (-84.409207 33.752338)
783,140234,253,95,158,2,1,1,58,23,35,6,4,2,177,63,114,3,1,2,LaGrange College,Lagrange,GA,-85.043113,33.038564,7,POINT (-85.043113 33.038564)
784,140243,1393,576,817,44,15,29,128,43,85,273,98,175,890,398,492,25,13,12,Lanier Technical College,Gainesville,GA,-83.778107,34.330323,33,POINT (-83.778107 34.330323)
785,140252,602,285,317,19,11,8,76,28,48,132,57,75,301,154,147,45,21,24,Life University,Marietta,GA,-84.514729,33.932781,29,POINT (-84.514729 33.932781)
786,140331,3013,1433,1580,75,31,44,670,276,394,424,194,230,1649,851,798,51,20,31,Chattahoochee Technical College,Marietta,GA,-84.553722,33.929092,144,POINT (-84.553722 33.929092)
787,140340,244,54,190,20,11,9,164,32,132,11,2,9,36,8,28,0,0,0,Herzing University-Atlanta,Atlanta,GA,-84.387251,33.754218,13,POINT (-84.387251 33.754218)
788,140447,2631,877,1754,242,92,150,775,183,592,135,47,88,1228,473,755,82,33,49,Mercer University,Macon,GA,-83.648295,32.831787,169,POINT (-83.648295 32.831787)
789,140553,431,431,0,0,0,0,388,388,0,1,1,0,2,2,0,7,7,0,Morehouse College,Atlanta,GA,-84.414917,33.745982,33,POINT (-84.414917 33.745982)
790,140562,150,59,91,21,11,10,108,39,69,9,3,6,6,3,3,0,0,0,Morehouse School of Medicine,Atlanta,GA,-84.41186,33.742888,6,POINT (-84.41186 33.742888)
791,140678,775,361,414,6,1,5,41,13,28,57,29,28,638,304,334,1,0,1,North Georgia Technical College,Clarkesville,GA,-83.530118,34.639721,32,POINT (-83.530118 34.639721)
792,140696,291,116,175,14,4,10,73,28,45,36,14,22,131,59,72,18,7,11,Oglethorpe University,Atlanta,GA,-84.333687,33.875441,19,POINT (-84.333687 33.875441)
793,140720,20,8,12,0,0,0,18,7,11,0,0,0,1,1,0,0,0,0,Paine College,Augusta,GA,-81.993225,33.469545,1,POINT (-81.993225 33.469545)
794,140818,1021,201,820,12,1,11,112,30,82,45,14,31,787,148,639,0,0,0,Piedmont University,Demorest,GA,-83.542126,34.566042,65,POINT (-83.542126 34.566042)
795,140827,30,8,22,1,1,0,11,3,8,2,0,2,16,4,12,0,0,0,Miami Ad School-Atlanta,Atlanta,GA,-84.396182,33.812116,0,POINT (-84.396182 33.812116)
796,140872,351,187,164,7,4,3,54,36,18,32,19,13,221,109,112,8,7,1,Reinhardt University,Waleska,GA,-84.554264,34.319756,29,POINT (-84.554264 34.319756)
797,140942,1719,756,963,32,13,19,809,305,504,175,99,76,616,301,315,17,8,9,Savannah Technical College,Savannah,GA,-81.114753,32.023211,70,POINT (-81.114753 32.023211)
798,140951,3284,1032,2252,145,35,110,319,94,225,201,69,132,1572,513,1059,913,286,627,Savannah College of Art and Design,Savannah,GA,-81.09395,32.072964,134,POINT (-81.09395 32.072964)
799,140960,613,206,407,3,1,2,490,164,326,54,19,35,20,10,10,20,7,13,Savannah State University,Savannah,GA,-81.063377,32.024781,26,POINT (-81.063377 32.024781)
800,140988,314,125,189,4,2,2,74,27,47,10,5,5,204,79,125,7,6,1,Shorter University,Rome,GA,-85.196529,34.257543,15,POINT (-85.196529 34.257543)
801,141006,1012,559,453,8,8,0,474,201,273,35,16,19,474,326,148,7,1,6,South Georgia Technical College,Americus,GA,-84.188321,32.116663,14,POINT (-84.188321 32.116663)
802,141015,58,16,42,4,2,2,8,3,5,1,0,1,34,9,25,0,0,0,The Creative Circus,Atlanta,GA,-84.361989,33.813156,11,POINT (-84.361989 33.813156)
803,141060,485,0,485,0,0,0,473,0,473,0,0,0,0,0,0,3,0,3,Spelman College,Atlanta,GA,-84.411527,33.745279,9,POINT (-84.411527 33.745279)
804,141167,378,105,273,4,0,4,82,10,72,9,5,4,130,45,85,1,1,0,Thomas University,Thomasville,GA,-83.963587,30.815576,152,POINT (-83.963587 30.815576)
805,141185,173,74,99,10,9,1,9,2,7,8,5,3,143,57,86,0,0,0,Toccoa Falls College,Toccoa Falls,GA,-83.357617,34.593414,3,POINT (-83.357617 34.593414)
806,141237,162,62,100,0,0,0,4,3,1,9,4,5,143,53,90,2,2,0,Truett McConnell University,Cleveland,GA,-83.748911,34.596306,4,POINT (-83.748911 34.596306)
807,141255,1574,676,898,9,7,2,539,244,295,125,43,82,868,374,494,2,0,2,Wiregrass Georgia Technical College,Valdosta,GA,-83.35381,30.889221,31,POINT (-83.35381 30.889221)
808,141264,2577,753,1824,38,14,24,755,206,549,158,51,107,1488,431,1057,47,16,31,Valdosta State University,Valdosta,GA,-83.289282,30.847402,91,POINT (-83.289282 30.847402)
809,141325,177,6,171,2,0,2,56,2,54,5,0,5,67,3,64,40,0,40,Wesleyan College,Macon,GA,-83.715417,32.876037,7,POINT (-83.715417 32.876037)
810,141334,2889,812,2077,35,7,28,913,264,649,163,37,126,1615,451,1164,34,13,21,University of West Georgia,Carrollton,GA,-85.097762,33.573621,129,POINT (-85.097762 33.573621)
811,141361,190,85,105,0,0,0,19,11,8,10,5,5,137,56,81,9,6,3,Young Harris College,Young Harris,GA,-83.84587,34.933523,15,POINT (-83.84587 34.933523)
812,141486,636,189,447,179,48,131,25,12,13,34,8,26,103,33,70,38,13,25,Chaminade University of Honolulu,Honolulu,HI,-157.807851,21.28995,257,POINT (-157.807851 21.28995)
813,141565,635,217,418,144,49,95,10,5,5,92,33,59,118,40,78,21,8,13,University of Hawaii at Hilo,Hilo,HI,-155.080847,19.701189,250,POINT (-155.080847 19.701189)
814,141574,4151,1664,2487,1472,634,838,47,22,25,428,142,286,824,329,495,279,117,162,University of Hawaii at Manoa,Honolulu,HI,-157.818979,21.298598,1101,POINT (-157.818979 21.298598)
815,141608,45,28,17,17,6,11,7,6,1,3,3,0,1,0,1,0,0,0,Hawaii Institute of Hair Design,Honolulu,HI,-157.861609,21.31146,17,POINT (-157.861609 21.31146)
816,141644,771,305,466,148,59,89,49,34,15,105,40,65,227,90,137,70,28,42,Hawaii Pacific University,Honolulu,HI,-157.859645,21.310306,172,POINT (-157.859645 21.310306)
817,141680,641,458,183,279,209,70,10,6,4,69,47,22,31,24,7,4,2,2,Honolulu Community College,Honolulu,HI,-157.87,21.321785,248,POINT (-157.87 21.321785)
818,141796,965,370,595,414,166,248,8,2,6,94,35,59,72,30,42,144,47,97,Kapiolani Community College,Honolulu,HI,-157.800213,21.27148,233,POINT (-157.800213 21.27148)
819,141802,174,66,108,52,19,33,0,0,0,31,10,21,21,11,10,3,3,0,Kauai Community College,Lihue,HI,-159.395883,21.968887,67,POINT (-159.395883 21.968887)
820,141811,1128,454,674,436,194,242,20,10,10,169,60,109,89,39,50,22,8,14,Leeward Community College,Pearl City,HI,-157.983771,21.39267,392,POINT (-157.983771 21.39267)
821,141839,440,131,309,137,42,95,3,1,2,58,15,43,73,19,54,10,5,5,University of Hawaii Maui College,Kahului,HI,-156.477252,20.88956,159,POINT (-156.477252 20.88956)
822,141981,671,222,449,262,91,171,16,9,7,73,22,51,63,30,33,3,2,1,University of Hawaii-West Oahu,Kapolei,HI,-158.056403,21.35531,254,POINT (-158.056403 21.35531)
823,141990,257,86,171,39,14,25,1,0,1,51,9,42,42,12,30,1,0,1,Windward Community College,Kaneohe,HI,-157.813307,21.407051,123,POINT (-157.813307 21.407051)
824,142054,343,45,298,32,14,18,4,1,3,91,9,82,200,21,179,0,0,0,Carrington College-Boise,Boise,ID,-116.260675,43.615295,16,POINT (-116.260675 43.615295)
825,142090,22,13,9,1,0,1,0,0,0,1,1,0,19,12,7,1,0,1,Boise Bible College,Boise,ID,-116.291321,43.658651,0,POINT (-116.291321 43.658651)
826,142115,5126,2044,3082,142,55,87,107,54,53,606,238,368,3815,1496,2319,99,55,44,Boise State University,Boise,ID,-116.203301,43.604284,357,POINT (-116.203301 43.604284)
827,142179,330,121,209,5,1,4,4,2,2,43,16,27,266,100,166,0,0,0,College of Eastern Idaho,Idaho Falls,ID,-111.985519,43.486041,12,POINT (-111.985519 43.486041)
828,142276,2538,1033,1505,43,16,27,26,15,11,236,102,134,1936,743,1193,110,75,35,Idaho State University,Pocatello,ID,-112.432312,42.863832,187,POINT (-112.432312 42.863832)
829,142285,2284,1184,1100,24,14,10,27,21,6,193,84,109,1715,871,844,166,103,63,University of Idaho,Moscow,ID,-117.014167,46.727406,159,POINT (-117.014167 46.727406)
830,142294,233,118,115,4,2,2,7,6,1,28,12,16,143,68,75,29,19,10,The College of Idaho,Caldwell,ID,-116.677992,43.652284,22,POINT (-116.677992 43.652284)
831,142328,756,234,522,7,3,4,8,3,5,59,14,45,603,184,419,13,7,6,Lewis-Clark State College,Lewiston,ID,-117.024875,46.412199,66,POINT (-117.024875 46.412199)
832,142407,64,7,57,0,0,0,0,0,0,26,5,21,35,2,33,0,0,0,Aveda Institute-Twin Falls,Twin Falls,ID,-114.461545,42.593567,3,POINT (-114.461545 42.593567)
833,142416,12,1,11,0,0,0,0,0,0,0,0,0,12,1,11,0,0,0,Mr Leon's School of Hair Design-Moscow,Moscow,ID,-117.001162,46.729532,0,POINT (-117.001162 46.729532)
834,142443,921,360,561,12,0,12,4,3,1,56,19,37,740,298,442,5,4,1,North Idaho College,Coeur d'Alene,ID,-116.798905,47.67569,104,POINT (-116.798905 47.67569)
835,142461,574,201,373,8,4,4,11,5,6,56,19,37,464,156,308,9,8,1,Northwest Nazarene University,Nampa,ID,-116.565783,43.562411,26,POINT (-116.565783 43.562411)
836,142489,14,0,14,0,0,0,1,0,1,3,0,3,9,0,9,0,0,0,Nathan Layne Institute of Cosmetology,Chubbuck,ID,-112.464554,42.919964,1,POINT (-112.464554 42.919964)
837,142522,7508,3025,4483,76,32,44,37,14,23,231,89,142,5719,2282,3437,631,307,324,Brigham Young University-Idaho,Rexburg,ID,-111.782431,43.818408,814,POINT (-111.782431 43.818408)
838,142559,1106,389,717,19,8,11,23,11,12,301,91,210,700,261,439,18,8,10,College of Southern Idaho,Twin Falls,ID,-114.473901,42.579837,45,POINT (-114.473901 42.579837)
839,142832,470,86,384,42,8,34,49,9,40,50,12,38,244,45,199,3,1,2,Adler University,Chicago,IL,-87.629156,41.882414,82,POINT (-87.629156 41.882414)
840,142887,34,8,26,0,0,0,3,1,2,10,3,7,19,4,15,0,0,0,American Academy of Art College,Chicago,IL,-87.624788,41.87742,2,POINT (-87.624788 41.87742)
841,142957,2,2,0,2,2,0,0,0,0,0,0,0,0,0,0,0,0,0,American Islamic College,Chicago,IL,-87.646898,41.954969,0,POINT (-87.646898 41.954969)
842,143048,844,214,630,76,13,63,38,19,19,76,27,49,299,82,217,287,56,231,School of the Art Institute of Chicago,Chicago,IL,-87.625758,41.88105,68,POINT (-87.625758 41.88105)
843,143084,611,258,353,12,3,9,24,12,12,63,28,35,428,179,249,61,29,32,Augustana College,Rock Island,IL,-90.55057,41.502365,23,POINT (-90.55057 41.502365)
844,143118,2146,616,1530,55,19,36,172,43,129,512,146,366,1237,350,887,7,0,7,Aurora University,Aurora,IL,-88.349023,41.753631,163,POINT (-88.349023 41.753631)
845,143215,2017,1024,993,32,10,22,301,100,201,105,50,55,1386,760,626,7,4,3,Southwestern Illinois College,Belleville,IL,-89.924466,38.516406,186,POINT (-89.924466 38.516406)
846,143233,23,10,13,0,0,0,3,2,1,0,0,0,12,6,6,2,1,1,Bethany Theological Seminary,Richmond,IN,-84.910689,39.826244,6,POINT (-84.910689 39.826244)
847,143279,681,234,447,14,0,14,55,13,42,111,33,78,461,177,284,3,1,2,Black Hawk College,Moline,IL,-90.447799,41.477283,37,POINT (-90.447799 41.477283)
848,143288,95,39,56,1,0,1,6,2,4,5,2,3,82,34,48,0,0,0,Blackburn College,Carlinville,IL,-89.870241,39.287896,1,POINT (-89.870241 39.287896)
849,143297,83,12,71,0,0,0,1,0,1,0,0,0,75,11,64,0,0,0,Blessing Rieman College of Nursing and Health Sciences,Quincy,IL,-91.357497,39.949641,7,POINT (-91.357497 39.949641)
850,143358,1547,664,883,57,24,33,122,38,84,144,61,83,1090,469,621,68,46,22,Bradley University,Peoria,IL,-89.616786,40.696896,66,POINT (-89.616786 40.696896)
851,143376,97,5,92,0,0,0,32,3,29,5,0,5,57,1,56,0,0,0,Paul Mitchell the School-Bradley,Bourbonnais,IL,-87.847099,41.172891,3,POINT (-87.847099 41.172891)
852,143464,21,2,19,0,0,0,6,1,5,6,1,5,7,0,7,0,0,0,Cameo Beauty Academy,Oak Lawn,IL,-87.740894,41.716051,2,POINT (-87.740894 41.716051)
853,143473,20,0,20,0,0,0,0,0,0,18,0,18,0,0,0,0,0,0,Cannella School of Hair Design-Villa Park,Villa Park,IL,-87.994628,41.90417,2,POINT (-87.994628 41.90417)
854,143482,18,0,18,1,0,1,12,0,12,4,0,4,0,0,0,0,0,0,Cannella School of Hair Design-Chicago,Chicago,IL,-87.551622,41.731381,1,POINT (-87.551622 41.731381)
855,143491,27,0,27,0,0,0,1,0,1,24,0,24,0,0,0,0,0,0,Cannella School of Hair Design-Chicago,Chicago,IL,-87.701198,41.815763,2,POINT (-87.701198 41.815763)
856,143552,30,0,30,0,0,0,10,0,10,4,0,4,16,0,16,0,0,0,Capri Beauty College,Oak Forest,IL,-87.771567,41.603863,0,POINT (-87.771567 41.603863)
857,143613,553,205,348,6,1,5,29,10,19,43,19,24,443,162,281,0,0,0,Carl Sandburg College,Galesburg,IL,-90.408203,40.98128,32,POINT (-90.408203 40.98128)
858,143659,52,32,20,2,1,1,0,0,0,7,3,4,13,9,4,21,12,9,Catholic Theological Union at Chicago,Chicago,IL,-87.585989,41.797895,9,POINT (-87.585989 41.797895)
859,143853,910,345,565,229,115,114,13,4,9,45,8,37,556,190,366,15,6,9,Midwestern University-Downers Grove,Downers Grove,IL,-87.998342,41.828115,52,POINT (-87.998342 41.828115)
860,143978,393,70,323,23,5,18,57,12,45,55,9,46,204,36,168,19,1,18,The Chicago School of Professional Psychology at Chicago,Chicago,IL,-87.63379,41.888293,35,POINT (-87.63379 41.888293)
861,144005,511,147,364,20,9,11,332,78,254,50,17,33,41,22,19,24,11,13,Chicago State University,Chicago,IL,-87.609384,41.718446,44,POINT (-87.609384 41.718446)
862,144014,49,21,28,1,1,0,17,5,12,2,1,1,28,14,14,0,0,0,Chicago Theological Seminary,Chicago,IL,-87.591178,41.785701,1,POINT (-87.591178 41.785701)
863,144050,5521,2998,2523,721,381,340,221,102,119,492,262,230,2138,1187,951,1602,864,738,University of Chicago,Chicago,IL,-87.599539,41.787994,347,POINT (-87.599539 41.787994)
864,144157,461,198,263,5,3,2,303,100,203,110,66,44,26,24,2,0,0,0,City Colleges of Chicago-Kennedy-King College,Chicago,IL,-87.643425,41.780253,17,POINT (-87.643425 41.780253)
865,144166,1511,318,1193,55,17,38,426,57,369,786,164,622,188,64,124,19,8,11,City Colleges of Chicago-Malcolm X College,Chicago,IL,-87.675321,41.878092,37,POINT (-87.675321 41.878092)
866,144175,381,155,226,1,1,0,281,104,177,71,33,38,10,7,3,2,1,1,City Colleges of Chicago-Olive-Harvey College,Chicago,IL,-87.589249,41.709997,16,POINT (-87.589249 41.709997)
867,144184,624,237,387,68,17,51,165,47,118,230,96,134,112,57,55,25,12,13,City Colleges of Chicago-Harry S Truman College,Chicago,IL,-87.659107,41.964502,24,POINT (-87.659107 41.964502)
868,144193,688,342,346,6,4,2,110,43,67,430,178,252,130,108,22,0,0,0,City Colleges of Chicago-Richard J Daley College,Chicago,IL,-87.723981,41.755955,12,POINT (-87.723981 41.755955)
869,144209,1700,601,1099,114,38,76,394,103,291,863,325,538,235,101,134,49,18,31,City Colleges of Chicago-Harold Washington College,Chicago,IL,-87.626596,41.886067,45,POINT (-87.626596 41.886067)
870,144218,1196,476,720,100,47,53,72,26,46,707,266,441,260,112,148,22,12,10,City Colleges of Chicago-Wilbur Wright College,Chicago,IL,-87.787868,41.958774,35,POINT (-87.787868 41.958774)
871,144281,1409,557,852,78,32,46,196,71,125,229,85,144,747,316,431,52,19,33,Columbia College Chicago,Chicago,IL,-87.624667,41.874261,107,POINT (-87.624667 41.874261)
872,144351,1876,641,1235,151,71,80,215,76,139,270,90,180,1153,376,777,0,0,0,Concordia University-Chicago,River Forest,IL,-87.809482,41.898696,87,POINT (-87.809482 41.898696)
873,144485,284,217,67,7,7,0,92,52,40,141,120,21,27,25,2,0,0,0,Coyne College,Chicago,IL,-87.627413,41.882558,17,POINT (-87.627413 41.882558)
874,144564,433,164,269,4,0,4,57,21,36,18,11,7,324,116,208,0,0,0,Danville Area Community College,Danville,IL,-87.587884,40.127539,30,POINT (-87.587884 40.127539)
875,144573,87,5,82,1,0,1,25,3,22,3,0,3,51,2,49,0,0,0,Tricoci University of Beauty Culture,Urbana,IL,-88.205972,40.117724,7,POINT (-88.205972 40.117724)
876,144740,6382,2878,3504,706,364,342,606,222,384,992,404,588,3227,1480,1747,371,177,194,DePaul University,Chicago,IL,-87.62724,41.877618,480,POINT (-87.62724 41.877618)
877,144795,153,24,129,8,0,8,10,4,6,56,11,45,69,7,62,0,0,0,Cosmetology & Spa Academy,Crystal Lake,IL,-88.294087,42.24918,10,POINT (-88.294087 42.24918)
878,144865,3028,1240,1788,315,127,188,182,71,111,711,262,449,1636,718,918,38,10,28,College of DuPage,Glen Ellyn,IL,-88.071635,41.841577,146,POINT (-88.071635 41.841577)
879,144883,62,34,28,0,0,0,24,12,12,16,8,8,3,2,1,19,12,7,East-West University,Chicago,IL,-87.624793,41.871309,0,POINT (-87.624793 41.871309)
880,144892,1868,683,1185,31,13,18,205,76,129,107,49,58,1246,417,829,209,104,105,Eastern Illinois University,Charleston,IL,-88.175658,39.479843,70,POINT (-88.175658 39.479843)
881,144944,1713,758,955,125,52,73,52,20,32,597,245,352,811,379,432,12,4,8,Elgin Community College,Elgin,IL,-88.32194,42.018066,116,POINT (-88.32194 42.018066)
882,144962,946,307,639,48,12,36,35,18,17,212,59,153,596,197,399,6,1,5,Elmhurst University,Elmhurst,IL,-87.945369,41.897164,49,POINT (-87.945369 41.897164)
883,144971,123,54,69,2,0,2,12,7,5,2,2,0,102,43,59,1,1,0,Eureka College,Eureka,IL,-89.269624,40.71482,4,POINT (-89.269624 40.71482)
884,145099,140,3,137,1,0,1,10,0,10,72,1,71,55,2,53,0,0,0,"First Institute of Travel, Inc.",Crystal Lake,IL,-88.339468,42.21926,2,POINT (-88.339468 42.21926)
885,145239,297,44,253,21,6,15,26,5,21,87,15,72,149,18,131,0,0,0,Fox College,Tinley Park,IL,-87.785169,41.563842,14,POINT (-87.785169 41.563842)
886,145275,68,35,33,6,3,3,12,6,6,3,1,2,33,13,20,12,11,1,Garrett-Evangelical Theological Seminary,Evanston,IL,-87.675497,42.056221,2,POINT (-87.675497 42.056221)
887,145309,20,10,10,0,0,0,1,1,0,0,0,0,19,9,10,0,0,0,Gem City College,Quincy,IL,-91.404218,39.926394,0,POINT (-91.404218 39.926394)
888,145336,1238,396,842,32,16,16,378,75,303,179,49,130,454,159,295,88,55,33,Governors State University,University Park,IL,-87.716441,41.449103,107,POINT (-87.716441 41.449103)
889,145354,10,0,10,0,0,0,0,0,0,0,0,0,10,0,10,0,0,0,Graham Hospital School of Nursing,Canton,IL,-90.038776,40.552962,0,POINT (-90.038776 40.552962)
890,145372,288,128,160,0,0,0,33,23,10,25,13,12,208,83,125,8,6,2,Greenville University,Greenville,IL,-89.40824,38.894162,14,POINT (-89.40824 38.894162)
891,145406,350,2,348,23,0,23,49,0,49,105,1,104,147,1,146,0,0,0,G Skin & Beauty Institute,Schaumburg,IL,-88.083218,42.061983,26,POINT (-88.083218 42.061983)
892,145424,16,1,15,0,0,0,2,1,1,1,0,1,13,0,13,0,0,0,Hair Professionals Career College,Sycamore,IL,-88.718145,41.962221,0,POINT (-88.718145 41.962221)
893,145433,35,1,34,2,1,1,2,0,2,8,0,8,22,0,22,0,0,0,Hair Professionals School of Cosmetology,Oswego,IL,-88.364727,41.682591,1,POINT (-88.364727 41.682591)
894,145497,37,11,26,0,0,0,0,0,0,0,0,0,36,11,25,1,0,1,Hebrew Theological College,Skokie,IL,-87.760874,42.010103,0,POINT (-87.760874 42.010103)
895,145521,419,158,261,4,1,3,32,17,15,18,4,14,337,129,208,2,2,0,Highland Community College,Freeport,IL,-89.67342,42.283344,26,POINT (-89.67342 42.283344)
896,145558,629,277,352,152,75,77,27,9,18,43,23,20,335,136,199,10,6,4,Rosalind Franklin University of Medicine and Science,North Chicago,IL,-87.859632,42.300069,62,POINT (-87.859632 42.300069)
897,145600,8564,3832,4732,1535,721,814,625,217,408,1914,754,1160,2952,1281,1671,1161,679,482,University of Illinois Chicago,Chicago,IL,-87.650503,41.871837,377,POINT (-87.650503 41.871837)
898,145619,1550,479,1071,193,62,131,153,30,123,163,60,103,613,189,424,22,9,13,Benedictine University,Lisle,IL,-88.097307,41.777569,406,POINT (-88.097307 41.777569)
899,145628,126,44,82,31,9,22,2,1,1,6,3,3,64,25,39,20,5,15,Illinois College of Optometry,Chicago,IL,-87.623016,41.835447,3,POINT (-87.623016 41.835447)
900,145637,13973,7413,6560,2115,1199,916,714,263,451,1300,592,708,5790,2914,2876,3377,2048,1329,University of Illinois Urbana-Champaign,Champaign,IL,-88.229114,40.104718,677,POINT (-88.229114 40.104718)
901,145646,353,158,195,22,8,14,25,12,13,43,15,28,241,113,128,9,2,7,Illinois Wesleyan University,Bloomington,IL,-88.992014,40.489901,13,POINT (-88.992014 40.489901)
902,145682,1188,498,690,20,4,16,92,31,61,70,25,45,931,406,525,24,13,11,Illinois Central College,East Peoria,IL,-89.52485,40.707235,51,POINT (-89.52485 40.707235)
903,145691,236,108,128,6,4,2,21,10,11,10,7,3,168,69,99,16,10,6,Illinois College,Jacksonville,IL,-90.246171,39.7313,15,POINT (-90.246171 39.7313)
904,145707,356,109,247,0,0,0,9,5,4,4,1,3,334,99,235,0,0,0,Olney Central College,Olney,IL,-88.099589,38.735913,9,POINT (-88.099589 38.735913)
905,145725,1877,1131,746,166,87,79,63,34,29,144,91,53,498,315,183,929,557,372,Illinois Institute of Technology,Chicago,IL,-87.627321,41.8313,77,POINT (-87.627321 41.8313)
906,145813,5357,2225,3132,125,48,77,359,137,222,503,206,297,3903,1614,2289,223,111,112,Illinois State University,Normal,IL,-88.990058,40.509403,244,POINT (-88.990058 40.509403)
907,145831,698,278,420,10,0,10,13,7,6,107,46,61,532,211,321,0,0,0,Illinois Valley Community College,Oglesby,IL,-89.100887,41.30744,36,POINT (-89.100887 41.30744)
908,145886,19,3,16,0,0,0,5,1,4,0,0,0,14,2,12,0,0,0,Institute for Clinical Social Work,Chicago,IL,-87.662806,41.972414,0,POINT (-87.662806 41.972414)
909,146205,659,209,450,6,2,4,45,11,34,6,2,4,546,173,373,0,0,0,John A Logan College,Carterville,IL,-89.09021,37.747453,56,POINT (-89.09021 37.747453)
910,146278,481,166,315,4,1,3,22,12,10,7,5,2,432,142,290,0,0,0,John Wood Community College,Quincy,IL,-91.335828,39.913741,16,POINT (-91.335828 39.913741)
911,146296,1868,757,1111,54,19,35,148,56,92,430,168,262,1134,466,668,6,4,2,Joliet Junior College,Joliet,IL,-88.180985,41.500535,96,POINT (-88.180985 41.500535)
912,146339,297,106,191,9,5,4,36,12,24,59,24,35,147,50,97,12,7,5,Judson University,Elgin,IL,-88.291336,42.061754,34,POINT (-88.291336 42.061754)
913,146348,571,184,387,3,0,3,49,9,40,98,32,66,393,133,260,1,1,0,Kankakee Community College,Kankakee,IL,-87.851047,41.098178,27,POINT (-87.851047 41.098178)
914,146366,738,194,544,7,2,5,35,12,23,15,5,10,664,171,493,0,0,0,Kaskaskia College,Centralia,IL,-89.191974,38.562112,17,POINT (-89.191974 38.562112)
915,146418,623,228,395,9,4,5,47,12,35,114,40,74,418,161,257,1,0,1,Kishwaukee College,Malta,IL,-88.880524,41.938234,34,POINT (-88.880524 41.938234)
916,146427,261,115,146,9,5,4,20,8,12,25,7,18,125,52,73,56,32,24,Knox College,Galesburg,IL,-90.373165,40.943064,26,POINT (-90.373165 40.943064)
917,146454,24,0,24,0,0,0,1,0,1,3,0,3,19,0,19,0,0,0,Educators of Beauty College of Cosmetology-Peru,PERU,IL,-89.118454,41.354338,1,POINT (-89.118454 41.354338)
918,146472,2874,1126,1748,147,57,90,150,47,103,1078,390,688,1257,537,720,14,4,10,College of Lake County,Grayslake,IL,-88.012291,42.354164,228,POINT (-88.012291 42.354164)
919,146481,362,158,204,22,7,15,16,8,8,50,17,33,197,88,109,28,14,14,Lake Forest College,Lake Forest,IL,-87.827454,42.249574,49,POINT (-87.827454 42.249574)
920,146490,122,57,65,25,16,9,7,3,4,3,1,2,77,31,46,0,0,0,Lake Forest Graduate School of Management,Lake Forest,IL,-87.893204,42.243432,10,POINT (-87.893204 42.243432)
921,146506,1067,510,557,9,2,7,96,82,14,46,27,19,877,375,502,10,6,4,Lake Land College,Mattoon,IL,-88.380835,39.416969,29,POINT (-88.380835 39.416969)
922,146533,61,6,55,3,1,2,5,0,5,2,0,2,47,4,43,0,0,0,Lakeview College of Nursing,Danville,IL,-87.644379,40.13855,4,POINT (-87.644379 40.13855)
923,146603,1094,410,684,3,1,2,78,28,50,27,10,17,887,335,552,0,0,0,Lewis and Clark Community College,Godfrey,IL,-90.194405,38.951624,99,POINT (-90.194405 38.951624)
924,146612,1781,717,1064,120,56,64,116,39,77,301,122,179,1085,428,657,55,34,21,Lewis University,Romeoville,IL,-88.079032,41.605432,104,POINT (-88.079032 41.605432)
925,146667,184,117,67,2,2,0,11,8,3,3,3,0,153,96,57,11,6,5,Lincoln Christian University,Lincoln,IL,-89.346721,40.148924,4,POINT (-89.346721 40.148924)
926,146676,208,69,139,0,0,0,69,25,44,15,7,8,78,25,53,5,4,1,Lincoln College,Lincoln,IL,-89.36153,40.155442,41,POINT (-89.36153 40.155442)
927,146685,1379,576,803,19,4,15,120,48,72,50,15,35,1047,447,600,0,0,0,Lincoln Land Community College,Springfield,IL,-89.611249,39.721211,143,POINT (-89.611249 39.721211)
928,146700,433,260,173,4,4,0,110,54,56,245,142,103,60,53,7,0,0,0,Lincoln College of Technology-Melrose Park,Melrose Park,IL,-87.832162,41.905577,14,POINT (-87.832162 41.905577)
929,146719,4886,1534,3352,566,187,379,287,80,207,692,208,484,2670,841,1829,255,102,153,Loyola University Chicago,Chicago,IL,-87.656872,42.000765,416,POINT (-87.656872 42.000765)
930,146728,45,15,30,0,0,0,2,1,1,2,1,1,29,8,21,10,4,6,Lutheran School of Theology at Chicago,Chicago,IL,-87.598978,41.79563,2,POINT (-87.598978 41.79563)
931,146755,85,5,80,3,0,3,5,0,5,4,0,4,65,5,60,0,0,0,Trinity College of Nursing & Health Sciences,Rock Island,IL,-90.568862,41.484924,8,POINT (-90.568862 41.484924)
932,146807,19,3,16,0,0,0,1,0,1,6,1,5,12,2,10,0,0,0,Steven Papageorge Hair Academy,Chicago,IL,-87.713577,41.968291,0,POINT (-87.713577 41.968291)
933,146816,45,10,35,1,0,1,24,7,17,8,1,7,10,2,8,0,0,0,MacCormac College,Chicago,IL,-87.626675,41.881773,2,POINT (-87.626675 41.881773)
934,146977,49,25,24,10,7,3,20,8,12,8,5,3,9,3,6,2,2,0,McCormick Theological Seminary,Chicago,IL,-87.598511,41.79597,0,POINT (-87.598511 41.79597)
935,147004,1107,477,630,26,7,19,15,8,7,177,66,111,787,348,439,0,0,0,McHenry County College,Crystal Lake,IL,-88.368956,42.259111,102,POINT (-88.368956 42.259111)
936,147013,638,247,391,4,3,1,59,27,32,20,7,13,465,166,299,27,19,8,McKendree University,Lebanon,IL,-89.816822,38.608154,63,POINT (-89.816822 38.608154)
937,147031,14,4,10,0,0,0,2,1,1,1,0,1,11,3,8,0,0,0,Meadville Theological School of Lombard College,Chicago,IL,-87.62671,41.885452,0,POINT (-87.62671 41.885452)
938,147129,213,26,187,8,2,6,37,4,33,5,0,5,155,19,136,0,0,0,Methodist College,Peoria,IL,-89.682864,40.7804,8,POINT (-89.682864 40.7804)
939,147244,483,188,295,9,3,6,46,22,24,21,7,14,363,134,229,16,9,7,Millikin University,Decatur,IL,-88.976298,39.842612,28,POINT (-88.976298 39.842612)
940,147341,201,99,102,1,0,1,16,12,4,13,6,7,138,67,71,6,4,2,Monmouth College,Monmouth,IL,-90.63731,40.914824,27,POINT (-90.63731 40.914824)
941,147369,716,407,309,25,16,9,56,32,24,44,32,12,431,253,178,52,26,26,Moody Bible Institute,Chicago,IL,-87.633459,41.897822,108,POINT (-87.633459 41.897822)
942,147378,2251,955,1296,70,36,34,160,52,108,512,216,296,1234,540,694,31,16,15,Moraine Valley Community College,Palos Hills,IL,-87.836915,41.694613,244,POINT (-87.836915 41.694613)
943,147396,26,26,0,0,0,0,0,0,0,1,1,0,25,25,0,0,0,0,Morrison Institute of Technology,Morrison,IL,-89.965963,41.7971,0,POINT (-89.965963 41.7971)
944,147411,585,177,408,6,4,2,12,4,8,488,150,338,46,12,34,0,0,0,Morton College,Cicero,IL,-87.762306,41.824303,33,POINT (-87.762306 41.824303)
945,147536,2175,474,1701,66,10,56,451,75,376,610,136,474,748,176,572,39,20,19,National Louis University,Chicago,IL,-87.624699,41.880093,261,POINT (-87.624699 41.880093)
946,147590,165,82,83,14,6,8,17,8,9,15,5,10,105,57,48,2,2,0,National University of Health Sciences,Lombard,IL,-88.013171,41.861697,12,POINT (-88.013171 41.861697)
947,147642,20,1,19,1,0,1,0,0,0,4,0,4,15,1,14,0,0,0,Cosmetology Concepts Niles,Niles,IL,-87.815113,42.027601,0,POINT (-87.815113 42.027601)
948,147660,757,286,471,23,12,11,20,8,12,122,47,75,512,192,320,21,10,11,North Central College,Naperville,IL,-88.14279,41.77576,59,POINT (-88.14279 41.77576)
949,147679,685,232,453,49,16,33,52,24,28,154,40,114,317,103,214,27,17,10,North Park University,Chicago,IL,-87.709948,41.975268,86,POINT (-87.709948 41.975268)
950,147697,63,41,22,0,0,0,17,7,10,2,2,0,38,27,11,4,3,1,Northern Baptist Theological Seminary,Lisle,IL,-88.056162,41.809104,2,POINT (-88.056162 41.809104)
951,147703,4420,2039,2381,299,154,145,425,157,268,697,308,389,2527,1162,1365,299,177,122,Northern Illinois University,Dekalb,IL,-88.766428,41.933869,173,POINT (-88.766428 41.933869)
952,147767,7465,3692,3773,982,484,498,377,154,223,566,258,308,3162,1600,1562,1500,843,657,Northwestern University,Evanston,IL,-87.679858,42.050356,878,POINT (-87.679858 42.050356)
953,147776,1822,652,1170,171,76,95,160,54,106,626,196,430,606,237,369,45,13,32,Northeastern Illinois University,Chicago,IL,-87.718983,41.980399,214,POINT (-87.718983 41.980399)
954,147800,1347,563,784,278,105,173,81,32,49,234,89,145,640,281,359,19,8,11,Oakton Community College,Des Plaines,IL,-87.880644,42.061893,95,POINT (-87.880644 42.061893)
955,147819,18,0,18,0,0,0,1,0,1,0,0,0,17,0,17,0,0,0,Oehrlein School of Cosmetology,East Peoria,IL,-89.55712,40.665832,0,POINT (-89.55712 40.665832)
956,147828,1264,390,874,32,6,26,101,28,73,72,19,53,944,305,639,6,3,3,Olivet Nazarene University,Bourbonnais,IL,-87.875165,41.155237,109,POINT (-87.875165 41.155237)
957,147916,1339,557,782,47,17,30,134,43,91,128,50,78,874,375,499,22,15,7,Parkland College,Champaign,IL,-88.290359,40.131963,134,POINT (-88.290359 40.131963)
958,148007,690,256,434,10,5,5,360,103,257,122,46,76,159,87,72,4,2,2,Prairie State College,Chicago Heights,IL,-87.638943,41.525316,35,POINT (-87.638943 41.525316)
959,148016,84,45,39,5,1,4,1,0,1,1,1,0,58,34,24,16,7,9,Principia College,Elsah,IL,-90.350285,38.948835,3,POINT (-90.350285 38.948835)
960,148098,14,0,14,0,0,0,5,0,5,3,0,3,6,0,6,0,0,0,Professional's Choice Hair Design Academy,Joliet,IL,-88.148846,41.523122,0,POINT (-88.148846 41.523122)
961,148131,247,118,129,0,0,0,17,16,1,9,7,2,198,85,113,5,3,2,Quincy University,Quincy,IL,-91.385975,39.938898,18,POINT (-91.385975 39.938898)
962,148256,595,263,332,3,1,2,23,11,12,13,7,6,549,241,308,0,0,0,Rend Lake College,Ina,IL,-88.918283,38.131481,7,POINT (-88.918283 38.131481)
963,148292,653,236,417,11,2,9,89,30,59,25,9,16,499,183,316,3,2,1,Richland Community College,Decatur,IL,-88.894125,39.883887,26,POINT (-88.894125 39.883887)
964,148380,1241,512,729,41,18,23,81,34,47,222,73,149,808,342,466,6,2,4,Rock Valley College,Rockford,IL,-88.993544,42.306174,83,POINT (-88.993544 42.306174)
965,148405,332,113,219,6,1,5,18,8,10,44,15,29,224,69,155,27,15,12,Rockford University,Rockford,IL,-89.019536,42.270639,13,POINT (-89.019536 42.270639)
966,148487,1580,537,1043,128,46,82,268,72,196,315,93,222,664,257,407,78,31,47,Roosevelt University,Chicago,IL,-87.624952,41.876055,127,POINT (-87.624952 41.876055)
967,148496,817,209,608,31,7,24,57,5,52,349,93,256,314,83,231,22,10,12,Dominican University,River Forest,IL,-87.823003,41.902678,44,POINT (-87.823003 41.902678)
968,148511,815,204,611,76,33,43,60,16,44,98,24,74,488,111,377,13,3,10,Rush University,Chicago,IL,-87.668581,41.874742,80,POINT (-87.668581 41.874742)
969,148575,163,23,140,4,3,1,9,1,8,5,1,4,139,18,121,0,0,0,Saint Francis Medical Center College of Nursing,Peoria,IL,-89.590322,40.701241,6,POINT (-89.590322 40.701241)
970,148584,1048,275,773,38,7,31,101,27,74,164,44,120,685,166,519,33,22,11,University of St Francis,Joliet,IL,-88.096057,41.532225,27,POINT (-88.096057 41.532225)
971,148593,57,10,47,2,1,1,2,1,1,2,1,1,51,7,44,0,0,0,St. John's College-Department of Nursing,Springfield,IL,-89.64532,39.807602,0,POINT (-89.64532 39.807602)
972,148627,899,294,605,35,15,20,88,19,69,262,77,185,444,158,286,0,0,0,Saint Xavier University,Chicago,IL,-87.714749,41.707199,70,POINT (-87.714749 41.707199)
973,148654,1065,513,552,50,27,23,110,47,63,73,36,37,672,319,353,117,61,56,University of Illinois Springfield,Springfield,IL,-89.616796,39.729524,43,POINT (-89.616796 39.729524)
974,148672,438,156,282,3,2,1,10,3,7,60,22,38,349,116,233,1,1,0,Sauk Valley Community College,Dixon,IL,-89.596483,41.817659,15,POINT (-89.596483 41.817659)
975,148821,368,114,254,1,0,1,48,15,33,11,2,9,294,92,202,0,0,0,Shawnee Community College,Ullin,IL,-89.03352,37.270198,14,POINT (-89.03352 37.270198)
976,148876,193,34,159,5,2,3,6,1,5,176,29,147,2,1,1,3,0,3,St. Augustine College,Chicago,IL,-87.662806,41.972414,1,POINT (-87.662806 41.972414)
977,148885,41,40,1,3,3,0,0,0,0,4,4,0,27,26,1,7,7,0,University of Saint Mary of the Lake,Mundelein,IL,-88.000262,42.280702,0,POINT (-88.000262 42.280702)
978,148937,253,112,141,5,1,4,6,2,4,5,3,2,223,101,122,0,0,0,Southeastern Illinois College,Harrisburg,IL,-88.436631,37.75174,14,POINT (-88.436631 37.75174)
979,148955,4,0,4,0,0,0,0,0,0,4,0,4,0,0,0,0,0,0,National Latino Education Institute,Chicago,IL,-87.675917,41.822756,0,POINT (-87.675917 41.822756)
980,148982,28,14,14,0,0,0,0,0,0,0,0,0,28,14,14,0,0,0,Spertus College,Chicago,IL,-87.624785,41.873881,0,POINT (-87.624785 41.873881)
981,148991,392,183,209,2,0,2,16,6,10,5,2,3,362,172,190,0,0,0,Spoon River College,Canton,IL,-90.07233,40.527991,7,POINT (-90.07233 40.527991)
982,149028,93,14,79,0,0,0,7,2,5,9,2,7,76,10,66,0,0,0,Saint Anthony College of Nursing,Rockford,IL,-88.991968,42.310147,1,POINT (-88.991968 42.310147)
983,149204,35,2,33,0,0,0,1,1,0,2,0,2,32,1,31,0,0,0,Educators of Beauty College of Cosmetology-Sterling,Sterling,IL,-89.692522,41.788581,0,POINT (-89.692522 41.788581)
984,149222,3357,1747,1610,88,47,41,421,184,237,256,146,110,2250,1181,1069,254,145,109,Southern Illinois University-Carbondale,Carbondale,IL,-89.217273,37.714193,88,POINT (-89.217273 37.714193)
985,149231,3166,1261,1905,78,28,50,352,117,235,125,49,76,2296,926,1370,133,72,61,Southern Illinois University-Edwardsville,Edwardsville,IL,-89.997779,38.793949,182,POINT (-89.997779 38.793949)
986,149310,83,43,40,0,0,0,13,1,12,1,0,1,0,0,0,69,42,27,Taylor Business Institute,Chicago,IL,-87.62671,41.885452,0,POINT (-87.62671 41.885452)
987,149329,3,3,0,0,0,0,0,0,0,0,0,0,3,3,0,0,0,0,Telshe Yeshiva-Chicago,Chicago,IL,-87.71755,41.975536,0,POINT (-87.71755 41.975536)
988,149365,441,124,317,5,3,2,244,54,190,91,27,64,77,34,43,0,0,0,South Suburban College,South Holland,IL,-87.619123,41.606427,24,POINT (-87.619123 41.606427)
989,149499,2,0,2,0,0,0,0,0,0,0,0,0,2,0,2,0,0,0,Tri-County Beauty Academy,LITCHFIELD,IL,-89.655742,39.176137,0,POINT (-89.655742 39.176137)
990,149505,315,91,224,2,1,1,42,6,36,47,12,35,200,64,136,10,4,6,Trinity Christian College,Palos Heights,IL,-87.783973,41.667687,14,POINT (-87.783973 41.667687)
991,149514,320,208,112,26,17,9,30,15,15,13,4,9,179,117,62,47,33,14,Trinity International University-Illinois,Deerfield,IL,-87.880851,42.197945,25,POINT (-87.880851 42.197945)
992,149532,1247,516,731,39,14,25,154,40,114,560,211,349,377,184,193,15,7,8,Triton College,River Grove,IL,-87.841056,41.916082,102,POINT (-87.841056 41.916082)
993,149550,103,7,96,0,0,0,22,2,20,3,0,3,75,4,71,0,0,0,University of Spa & Cosmetology Arts,Springfield,IL,-89.710839,39.76672,3,POINT (-89.710839 39.76672)
994,149639,52,32,20,2,1,1,1,1,0,3,2,1,42,27,15,1,0,1,VanderCook College of Music,Chicago,IL,-87.629138,41.836833,3,POINT (-87.629138 41.836833)
995,149727,1435,629,806,55,26,29,80,18,62,447,172,275,791,387,404,8,3,5,Waubonsee Community College,Sugar Grove,IL,-88.459925,41.795955,54,POINT (-88.459925 41.795955)
996,149763,495,74,421,83,17,66,110,16,94,148,19,129,125,15,110,1,1,0,Oak Point University,Oak Brook,IL,-87.930551,41.848066,28,POINT (-87.930551 41.848066)
997,149772,2147,942,1205,30,13,17,321,124,197,220,86,134,1326,590,736,152,80,72,Western Illinois University,Macomb,IL,-90.686899,40.468086,98,POINT (-90.686899 40.468086)
998,149781,761,308,453,56,28,28,21,8,13,39,14,25,530,222,308,69,23,46,Wheaton College,Wheaton,IL,-88.099643,41.870176,46,POINT (-88.099643 41.870176)
999,149842,3109,1253,1856,416,161,255,111,35,76,798,285,513,1614,707,907,33,9,24,William Rainey Harper College,Palatine,IL,-88.072811,42.081829,137,POINT (-88.072811 42.081829)
1000,150066,310,134,176,4,1,3,27,20,7,5,2,3,240,94,146,9,5,4,Anderson University,Anderson,IN,-85.664315,40.112768,25,POINT (-85.664315 40.112768)
1001,150136,6018,1884,4134,106,25,81,437,150,287,411,116,295,4654,1456,3198,146,54,92,Ball State University,Muncie,IN,-85.409043,40.203431,264,POINT (-85.409043 40.203431)
1002,150145,328,113,215,2,1,1,35,10,25,32,15,17,226,77,149,4,2,2,Bethel University,Mishawaka,IN,-86.194686,41.678399,29,POINT (-86.194686 41.678399)
1003,150163,1332,501,831,41,16,25,44,16,28,52,21,31,1139,426,713,9,6,3,Butler University,Indianapolis,IN,-86.172167,39.8374,47,POINT (-86.172167 39.8374)
1004,150172,160,85,75,0,0,0,42,22,20,35,19,16,79,43,36,0,0,0,Calumet College of Saint Joseph,Whiting,IN,-87.494123,41.671008,4,POINT (-87.494123 41.671008)
1005,150215,32,18,14,1,1,0,4,1,3,0,0,0,24,14,10,0,0,0,Christian Theological Seminary,Indianapolis,IN,-86.178551,39.832673,3,POINT (-86.178551 39.832673)
1006,150251,6,0,6,1,0,1,0,0,0,0,0,0,5,0,5,0,0,0,College of Court Reporting Inc,Valparaiso,IN,-87.066331,41.467574,0,POINT (-87.066331 41.467574)
1007,150288,75,59,16,1,1,0,1,1,0,0,0,0,60,45,15,12,12,0,Concordia Theological Seminary,Fort Wayne,IN,-85.10994,41.139321,1,POINT (-85.10994 41.139321)
1008,150303,188,5,183,0,0,0,91,4,87,30,0,30,56,1,55,0,0,0,Tricoci University of Beauty Culture-Highland,Highland,IN,-87.467018,41.555885,11,POINT (-87.467018 41.555885)
1009,150400,497,238,259,21,7,14,29,14,15,45,16,29,325,160,165,59,33,26,DePauw University,Greencastle,IN,-86.860363,39.640904,18,POINT (-86.860363 39.640904)
1010,150428,14,2,12,0,0,0,5,0,5,2,0,2,6,1,5,0,0,0,Don Roberts School of Hair Design,Schererville,IN,-87.447089,41.485532,1,POINT (-87.447089 41.485532)
1011,150455,210,92,118,11,2,9,14,7,7,25,10,15,112,50,62,33,14,19,Earlham College,Richmond,IN,-84.915037,39.823431,15,POINT (-84.915037 39.823431)
1012,150534,495,187,308,18,6,12,14,3,11,13,3,10,337,119,218,56,39,17,University of Evansville,Evansville,IN,-87.531644,37.971549,57,POINT (-87.531644 37.971549)
1013,150604,211,83,128,0,0,0,10,6,4,7,3,4,187,72,115,0,0,0,Franklin College,Franklin,IN,-86.047182,39.478298,7,POINT (-86.047182 39.478298)
1014,150668,231,78,153,3,2,1,9,3,6,37,13,24,159,52,107,11,4,7,Goshen College,Goshen,IN,-85.827795,41.563582,12,POINT (-85.827795 41.563582)
1015,150677,517,221,296,11,8,3,20,10,10,29,10,19,403,159,244,23,22,1,Grace College and Theological Seminary,Winona Lake,IN,-85.814228,41.22595,31,POINT (-85.814228 41.22595)
1016,150756,218,89,129,3,0,3,6,3,3,8,0,8,156,66,90,4,1,3,Hanover College,Hanover,IN,-85.460051,38.715642,41,POINT (-85.460051 38.715642)
1017,150765,59,2,57,1,0,1,6,0,6,4,0,4,44,2,42,0,0,0,J Michael Harrold Beauty Academy,Terre Haute,IN,-87.383391,39.470359,4,POINT (-87.383391 39.470359)
1018,150774,126,74,52,1,1,0,9,8,1,24,11,13,64,36,28,11,7,4,Holy Cross College,Notre Dame,IN,-86.253822,41.698996,17,POINT (-86.253822 41.698996)
1019,150853,67,1,66,1,0,1,9,1,8,2,0,2,53,0,53,0,0,0,PJ's College of Cosmetology-Clarksville,Clarksville,IN,-85.768914,38.3121,2,POINT (-85.768914 38.3121)
1020,150941,317,92,225,4,1,3,6,1,5,13,4,9,270,75,195,11,6,5,Huntington University,Huntington,IN,-85.497317,40.898152,13,POINT (-85.497317 40.898152)
1021,150987,22633,9000,13633,520,217,303,1937,592,1345,963,360,603,17390,7117,10273,0,0,0,Ivy Tech Community College,Indianapolis,IN,-86.158213,39.803753,1823,POINT (-86.158213 39.803753)
1022,151102,1339,625,714,51,24,27,69,24,45,87,43,44,985,452,533,91,58,33,Purdue University Fort Wayne,Fort Wayne,IN,-85.108962,41.117278,56,POINT (-85.108962 41.117278)
1023,151111,7599,2892,4707,456,182,274,679,205,474,510,166,344,5116,1924,3192,506,297,209,Indiana University-Purdue University-Indianapolis,Indianapolis,IN,-86.172217,39.772948,332,POINT (-86.172217 39.772948)
1024,151263,1446,468,978,34,12,22,110,33,77,59,22,37,1001,294,707,158,79,79,University of Indianapolis,Indianapolis,IN,-86.133969,39.709571,84,POINT (-86.133969 39.709571)
1025,151290,559,321,238,7,5,2,93,38,55,25,16,9,295,159,136,106,83,23,Indiana Institute of Technology,Fort Wayne,IN,-85.116479,41.078365,33,POINT (-85.116479 41.078365)
1026,151306,2363,864,1499,44,18,26,101,31,70,83,34,49,2020,733,1287,48,26,22,University of Southern Indiana,Evansville,IN,-87.677214,37.962374,67,POINT (-87.677214 37.962374)
1027,151324,2482,1027,1455,43,10,33,289,111,178,108,51,57,1814,733,1081,118,75,43,Indiana State University,Terre Haute,IN,-87.407846,39.469073,110,POINT (-87.407846 39.469073)
1028,151333,666,201,465,5,0,5,34,12,22,41,14,27,520,150,370,26,9,17,Indiana University-Kokomo,Kokomo,IN,-86.132048,40.460062,40,POINT (-86.132048 40.460062)
1029,151342,898,287,611,12,2,10,60,18,42,92,29,63,668,217,451,24,9,15,Indiana University-South Bend,South Bend,IN,-86.221991,41.665324,42,POINT (-86.221991 41.665324)
1030,151351,10879,5635,5244,630,319,311,476,185,291,668,329,339,7095,3723,3372,1569,851,718,Indiana University-Bloomington,Bloomington,IN,-86.526559,39.16609,441,POINT (-86.526559 39.16609)
1031,151360,670,167,503,25,9,16,106,23,83,152,38,114,361,88,273,5,1,4,Indiana University-Northwest,Gary,IN,-87.337249,41.557324,21,POINT (-87.337249 41.557324)
1032,151379,954,346,608,9,4,5,35,15,20,29,10,19,832,300,532,7,2,5,Indiana University-Southeast,New Albany,IN,-85.819985,38.345191,42,POINT (-85.819985 38.345191)
1033,151388,840,259,581,12,2,10,41,17,24,32,14,18,681,198,483,13,8,5,Indiana University-East,Richmond,IN,-84.881923,39.868707,61,POINT (-84.881923 39.868707)
1034,151467,153,19,134,3,1,2,7,1,6,16,1,15,117,15,102,0,0,0,International Business College-Indianapolis,Indianapolis,IN,-86.041648,39.885628,10,POINT (-86.041648 39.885628)
1035,151564,16,0,16,0,0,0,0,0,0,0,0,0,15,0,15,0,0,0,Taylor Institute of Cosmetology II,Knox,IN,-86.618158,41.287712,1,POINT (-86.618158 41.287712)
1036,151607,48,1,47,1,0,1,9,1,8,3,0,3,29,0,29,0,0,0,Tricoci University of Beauty Culture-Lafayette,Lafayette,IN,-86.887007,40.419818,6,POINT (-86.887007 40.419818)
1037,151652,120,2,118,4,0,4,37,2,35,7,0,7,63,0,63,0,0,0,Empire Beauty School-Indianapolis,Indianapolis,IN,-86.100614,39.666467,9,POINT (-86.100614 39.666467)
1038,151661,373,350,23,16,16,0,65,59,6,42,39,3,231,218,13,0,0,0,Lincoln College of Technology-Indianapolis,Indianapolis,IN,-86.246276,39.884503,19,POINT (-86.246276 39.884503)
1039,151777,294,124,170,10,4,6,17,5,12,14,4,10,208,92,116,7,6,1,Manchester University,North Manchester,IN,-85.762643,41.010549,38,POINT (-85.762643 41.010549)
1040,151786,1011,327,684,45,17,28,114,34,80,51,20,31,714,220,494,24,14,10,Marian University,Indianapolis,IN,-86.202643,39.813233,63,POINT (-86.202643 39.813233)
1041,151801,720,213,507,13,6,7,41,5,36,32,10,22,585,180,405,6,2,4,Indiana Wesleyan University-Marion,Marion,IN,-85.667503,40.517937,43,POINT (-85.667503 40.517937)
1042,151810,54,14,40,1,0,1,51,13,38,0,0,0,1,1,0,0,0,0,Martin University,Indianapolis,IN,-86.103953,39.798144,1,POINT (-86.103953 39.798144)
1043,151865,21,13,8,0,0,0,1,0,1,0,0,0,14,8,6,6,5,1,Anabaptist Mennonite Biblical Seminary,Elkhart,IN,-85.972165,41.656013,0,POINT (-85.972165 41.656013)
1044,151962,61,28,33,0,0,0,12,7,5,0,0,0,49,21,28,0,0,0,Mid-America College of Funeral Service,Jeffersonville,IN,-85.744696,38.31209,0,POINT (-85.744696 38.31209)
1045,152044,24,10,14,1,1,0,8,5,3,3,1,2,8,3,5,0,0,0,West Michigan College of Barbering and Beauty,Kalamazoo,MI,-85.590244,42.259329,4,POINT (-85.590244 42.259329)
1046,152080,3633,1948,1685,170,84,86,108,59,49,356,176,180,2385,1289,1096,406,226,180,University of Notre Dame,Notre Dame,IN,-86.238959,41.703058,208,POINT (-86.238959 41.703058)
1047,152099,238,95,143,1,1,0,22,9,13,6,2,4,198,81,117,1,0,1,Oakland City University,Oakland City,IN,-87.35144,38.340891,10,POINT (-87.35144 38.340891)
1048,152150,26,0,26,0,0,0,1,0,1,1,0,1,22,0,22,0,0,0,PJ's College of Cosmetology-Richmond,Richmond,IN,-84.842601,39.83227,2,POINT (-84.842601 39.83227)
1049,152275,66,11,55,4,1,3,23,4,19,9,3,6,26,2,24,0,0,0,Ravenscroft Beauty College,Fort Wayne,IN,-85.046078,41.121802,4,POINT (-85.046078 41.121802)
1050,152309,53,18,35,3,2,1,8,3,5,0,0,0,40,13,27,0,0,0,Rogers Academy of Hair Design,Evansville,IN,-87.572366,37.970675,2,POINT (-87.572366 37.970675)
1051,152318,452,349,103,32,25,7,11,5,6,27,16,11,295,237,58,67,52,15,Rose-Hulman Institute of Technology,Terre Haute,IN,-87.326749,39.483602,20,POINT (-87.326749 39.483602)
1052,152336,715,185,530,12,3,9,53,20,33,36,13,23,548,134,414,5,4,1,University of Saint Francis-Fort Wayne,Fort Wayne,IN,-85.177246,41.087205,61,POINT (-85.177246 41.087205)
1053,152381,293,33,260,2,0,2,13,2,11,7,2,5,242,27,215,0,0,0,Saint Mary-of-the-Woods College,Saint Mary of the Woods,IN,-87.463791,39.508546,29,POINT (-87.463791 39.508546)
1054,152390,349,2,347,7,0,7,9,0,9,44,1,43,272,1,271,0,0,0,Saint Mary's College,Notre Dame,IN,-86.256947,41.707274,17,POINT (-86.256947 41.707274)
1055,152451,55,45,10,1,0,1,0,0,0,3,2,1,41,33,8,10,10,0,Saint Meinrad School of Theology,St. Meinrad,IN,-86.810388,38.165546,0,POINT (-86.810388 38.165546)
1056,152497,35,0,35,0,0,0,1,0,1,1,0,1,32,0,32,0,0,0,Saint Elizabeth School of Nursing,Lafayette,IN,-86.88083,40.427401,1,POINT (-86.88083 40.427401)
1057,152530,410,175,235,15,4,11,15,8,7,19,9,10,337,144,193,19,9,10,Taylor University,Upland,IN,-85.497034,40.456246,5,POINT (-85.497034 40.456246)
1058,152567,513,302,211,8,2,6,13,9,4,23,13,10,427,252,175,15,11,4,Trine University,Angola,IN,-85.008009,41.632502,27,POINT (-85.008009 41.632502)
1059,152600,934,391,543,23,7,16,52,27,25,79,28,51,618,237,381,87,59,28,Valparaiso University,Valparaiso,IN,-87.040172,41.462239,75,POINT (-87.040172 41.462239)
1060,152628,2,0,2,0,0,0,0,0,0,0,0,0,2,0,2,0,0,0,Vincennes Beauty College,Vincennes,IN,-87.53241,38.679739,0,POINT (-87.53241 38.679739)
1061,152637,2017,1034,983,38,14,24,163,73,90,257,116,141,1432,763,669,19,7,12,Vincennes University,Vincennes,IN,-87.523407,38.686318,108,POINT (-87.523407 38.686318)
1062,152673,178,178,0,2,2,0,10,10,0,10,10,0,142,142,0,8,8,0,Wabash College,Crawfordsville,IN,-86.906,40.037588,6,POINT (-86.906 40.037588)
1063,152798,276,33,243,5,1,4,6,3,3,4,1,3,235,23,212,0,0,0,Allen College,Waterloo,IA,-92.340148,42.530084,26,POINT (-92.340148 42.530084)
1064,152992,254,75,179,8,2,6,26,11,15,27,9,18,178,44,134,11,6,5,Briar Cliff University,Sioux City,IA,-96.428444,42.526443,4,POINT (-96.428444 42.526443)
1065,153001,500,134,366,6,5,1,12,9,3,16,7,9,379,98,281,0,0,0,Buena Vista University,Storm Lake,IA,-95.208529,42.642255,87,POINT (-95.208529 42.642255)
1066,153074,81,4,77,0,0,0,7,1,6,3,0,3,70,3,67,0,0,0,Capri College-Dubuque,Dubuque,IA,-90.665565,42.497357,1,POINT (-90.665565 42.497357)
1067,153083,73,1,72,1,0,1,4,0,4,6,0,6,58,1,57,0,0,0,Capri College-Cedar Rapids,Cedar Rapids,IA,-91.710201,41.960734,4,POINT (-91.710201 41.960734)
1068,153108,233,113,120,2,2,0,3,3,0,17,11,6,197,92,105,0,0,0,Central College,Pella,IA,-92.922199,41.401539,14,POINT (-92.922199 41.401539)
1069,153126,208,70,138,2,1,1,6,2,4,17,11,6,172,54,118,2,0,2,Clarke University,Dubuque,IA,-90.690487,42.509475,9,POINT (-90.690487 42.509475)
1070,153144,267,108,159,15,7,8,13,6,7,25,8,17,189,77,112,6,2,4,Coe College,Cedar Rapids,IA,-91.658192,41.988263,19,POINT (-91.658192 41.988263)
1071,153162,244,115,129,7,3,4,16,9,7,12,3,9,173,81,92,20,10,10,Cornell College,Mount Vernon,IA,-91.423741,41.924554,16,POINT (-91.423741 41.924554)
1072,153214,3288,1315,1973,126,54,72,182,61,121,236,98,138,2284,898,1386,15,8,7,Des Moines Area Community College,Ankeny,IA,-93.611597,41.707348,445,POINT (-93.611597 41.707348)
1073,153241,18,12,6,5,5,0,0,0,0,0,0,0,0,0,0,13,7,6,Divine Word College,Epworth,IA,-90.934578,42.441721,0,POINT (-90.934578 42.441721)
1074,153250,372,202,170,3,1,2,4,3,1,11,6,5,301,161,140,33,18,15,Dordt University,Sioux Center,IA,-96.166562,43.082527,20,POINT (-96.166562 43.082527)
1075,153269,1263,466,797,46,20,26,47,18,29,76,30,46,1016,369,647,38,16,22,Drake University,Des Moines,IA,-93.652163,41.60129,40,POINT (-93.652163 41.60129)
1076,153278,517,252,265,7,2,5,46,26,20,32,11,21,345,157,188,35,29,6,University of Dubuque,Dubuque,IA,-90.693428,42.49726,52,POINT (-90.693428 42.49726)
1077,153296,161,56,105,1,0,1,15,13,2,9,4,5,118,32,86,8,3,5,Ellsworth Community College,Iowa Falls,IA,-93.265853,42.527524,10,POINT (-93.265853 42.527524)
1078,153302,86,44,42,2,0,2,3,3,0,5,2,3,72,37,35,1,1,0,Emmaus Bible College,Dubuque,IA,-90.706011,42.508307,3,POINT (-90.706011 42.508307)
1079,153311,1127,434,693,27,11,16,72,24,48,117,50,67,824,320,504,2,1,1,Eastern Iowa Community College District,Davenport,IA,-90.574459,41.522179,85,POINT (-90.574459 41.522179)
1080,153320,65,26,39,3,0,3,0,0,0,1,0,1,58,25,33,0,0,0,Faith Baptist Bible College and Theological Seminary,Ankeny,IA,-93.624422,41.737082,3,POINT (-93.624422 41.737082)
1081,153366,453,134,319,8,3,5,33,18,15,29,20,9,312,67,245,21,13,8,Graceland University-Lamoni,Lamoni,IA,-93.924893,40.615966,50,POINT (-93.924893 40.615966)
1082,153375,481,205,276,25,12,13,33,21,12,32,10,22,329,134,195,12,11,1,Grand View University,Des Moines,IA,-93.604352,41.620813,50,POINT (-93.604352 41.620813)
1083,153384,363,154,209,26,8,18,17,2,15,35,9,26,185,86,99,73,35,38,Grinnell College,Grinnell,IA,-92.722094,41.747952,27,POINT (-92.722094 41.747952)
1084,153427,89,37,52,0,0,0,11,6,5,14,6,8,59,24,35,0,0,0,Orion Technical College,Davenport,IA,-90.528333,41.56056,5,POINT (-90.528333 41.56056)
1085,153445,948,466,482,9,3,6,38,15,23,39,22,17,835,413,422,6,4,2,Hawkeye Community College,Waterloo,IA,-92.330633,42.430003,21,POINT (-92.330633 42.430003)
1086,153463,10,1,9,0,0,0,1,0,1,0,0,0,7,0,7,0,0,0,American Hair Academy,Mt. Pleasant,IA,-91.524949,40.962643,2,POINT (-91.524949 40.962643)
1087,153472,687,324,363,4,1,3,51,32,19,44,22,22,509,213,296,23,18,5,Indian Hills Community College,Ottumwa,IA,-92.394736,41.045105,56,POINT (-92.394736 41.045105)
1088,153524,986,413,573,12,6,6,72,47,25,74,23,51,688,261,427,48,28,20,Iowa Central Community College,Fort Dodge,IA,-94.20299,42.490067,92,POINT (-94.20299 42.490067)
1089,153533,342,157,185,0,0,0,15,11,4,16,6,10,290,126,164,0,0,0,Iowa Lakes Community College,Estherville,IA,-94.835661,43.401376,21,POINT (-94.835661 43.401376)
1090,153542,10,1,9,0,0,0,0,0,0,0,0,0,10,1,9,0,0,0,UnityPoint Health-Des Moines School of Radiologic Technology,Des Moines,IA,-93.635129,41.590094,0,POINT (-93.635129 41.590094)
1091,153597,68,1,67,1,0,1,8,1,7,11,0,11,41,0,41,0,0,0,Iowa School of Beauty-Des Moines,Des Moines,IA,-93.711628,41.624684,7,POINT (-93.711628 41.624684)
1092,153603,7911,4282,3629,272,150,122,208,105,103,413,184,229,5664,3022,2642,766,504,262,Iowa State University,Ames,IA,-93.648504,42.026212,588,POINT (-93.648504 42.026212)
1093,153621,152,80,72,1,1,0,18,11,7,10,5,5,76,30,46,27,24,3,Iowa Wesleyan University,Mount Pleasant,IA,-91.552459,40.973791,20,POINT (-91.552459 40.973791)
1094,153630,1159,464,695,26,12,14,96,52,44,75,24,51,891,336,555,29,16,13,Iowa Western Community College,Council Bluffs,IA,-95.797975,41.272168,42,POINT (-95.797975 41.272168)
1095,153658,7786,3614,4172,328,151,177,229,105,124,536,231,305,5595,2571,3024,634,366,268,University of Iowa,Iowa City,IA,-91.536425,41.661935,464,POINT (-91.536425 41.661935)
1096,153737,2033,891,1142,36,16,20,139,74,65,145,61,84,1552,667,885,24,12,12,Kirkwood Community College,Cedar Rapids,IA,-91.651172,41.911268,137,POINT (-91.651172 41.911268)
1097,153746,10,0,10,0,0,0,2,0,2,0,0,0,8,0,8,0,0,0,La James International College-Cedar Falls,Cedar Falls,IA,-92.434496,42.515026,0,POINT (-92.434496 42.515026)
1098,153764,28,1,27,3,0,3,2,1,1,0,0,0,23,0,23,0,0,0,La James International College-Johnston,Johnston,IA,-93.738577,41.661015,0,POINT (-93.738577 41.661015)
1099,153773,38,2,36,0,0,0,0,0,0,5,1,4,33,1,32,0,0,0,La James College of Hairstyling and Cosmetology,Mason City,IA,-93.199881,43.153786,0,POINT (-93.199881 43.153786)
1100,153782,17,0,17,0,0,0,4,0,4,1,0,1,11,0,11,0,0,0,La James International College-Ft Dodge,Fort Dodge,IA,-94.163856,42.5005,1,POINT (-94.163856 42.5005)
1101,153825,309,152,157,4,1,3,8,7,1,21,14,7,261,121,140,5,3,2,Loras College,Dubuque,IA,-90.679023,42.503908,10,POINT (-90.679023 42.503908)
1102,153834,398,156,242,9,2,7,2,1,1,24,11,13,313,118,195,35,19,16,Luther College,Decorah,IA,-91.802809,43.312304,15,POINT (-91.802809 43.312304)
1103,153861,600,387,213,12,5,7,71,52,19,17,3,14,98,41,57,307,255,52,Maharishi International University,Fairfield,IA,-91.967306,41.017781,95,POINT (-91.967306 41.017781)
1104,153922,324,138,186,12,4,8,9,2,7,70,21,49,194,86,108,19,15,4,Marshalltown Community College,Marshalltown,IA,-92.909411,42.00065,20,POINT (-92.909411 42.00065)
1105,153977,420,76,344,23,3,20,38,9,29,38,4,34,294,55,239,0,0,0,Mercy College of Health Sciences,Des Moines,IA,-93.626238,41.594559,27,POINT (-93.626238 41.594559)
1106,154004,557,139,418,9,3,6,9,3,6,19,4,15,484,109,375,7,7,0,Morningside University,Sioux City,IA,-96.359464,42.473891,29,POINT (-96.359464 42.473891)
1107,154013,528,158,370,7,4,3,34,18,16,8,2,6,420,111,309,15,8,7,Mount Mercy University,Cedar Rapids,IA,-91.650991,42.001931,44,POINT (-91.650991 42.001931)
1108,154022,10241,3257,6984,305,134,171,3115,785,2330,1575,504,1071,4370,1556,2814,17,8,9,Ashford University,San Diego,CA,-117.141961,32.8273,859,POINT (-117.141961 32.8273)
1109,154059,732,298,434,7,1,6,20,9,11,46,19,27,628,248,380,17,14,3,North Iowa Area Community College,Mason City,IA,-93.13126,43.157169,14,POINT (-93.13126 43.157169)
1110,154095,2674,1024,1650,39,10,29,72,33,39,103,38,65,2160,808,1352,152,82,70,University of Northern Iowa,Cedar Falls,IA,-92.459703,42.514923,148,POINT (-92.459703 42.514923)
1111,154101,341,108,233,2,2,0,4,1,3,7,1,6,280,89,191,6,4,2,Northwestern College,Orange City,IA,-96.058772,42.999007,42,POINT (-96.058772 42.999007)
1112,154110,625,195,430,7,1,6,16,3,13,18,2,16,551,176,375,1,0,1,Northeast Iowa Community College,Calmar,IA,-91.867105,43.17523,32,POINT (-91.867105 43.17523)
1113,154129,361,193,168,6,2,4,21,5,16,34,14,20,279,157,122,0,0,0,Northwest Iowa Community College,Sheldon,IA,-95.880639,43.184701,21,POINT (-95.880639 43.184701)
1114,154156,453,221,232,56,32,24,9,4,5,19,10,9,341,161,180,0,0,0,Des Moines University-Osteopathic Medical Center,Des Moines,IA,-93.661686,41.583325,28,POINT (-93.661686 41.583325)
1115,154165,14,0,14,0,0,0,1,0,1,0,0,0,13,0,13,0,0,0,Iowa School of Beauty-Ottumwa,Ottumwa,IA,-92.417948,41.02334,0,POINT (-92.417948 41.02334)
1116,154174,608,348,260,37,23,14,18,9,9,69,38,31,463,264,199,0,0,0,Palmer College of Chiropractic,Davenport,IA,-90.574607,41.529021,21,POINT (-90.574607 41.529021)
1117,154208,94,0,94,0,0,0,5,0,5,2,0,2,84,0,84,0,0,0,PCI Academy-Ames,Ames,IA,-93.613611,41.99767,3,POINT (-93.613611 41.99767)
1118,154235,822,296,526,12,2,10,23,7,16,60,25,35,643,217,426,31,24,7,Saint Ambrose University,Davenport,IA,-90.579854,41.54065,53,POINT (-90.579854 41.54065)
1119,154262,113,8,105,3,1,2,5,0,5,11,4,7,90,3,87,0,0,0,St Luke's College,Sioux City,IA,-96.404724,42.520081,4,POINT (-96.404724 42.520081)
1120,154332,45,2,43,1,0,1,11,1,10,6,1,5,24,0,24,0,0,0,La James International College-Davenport,Davenport,IA,-90.5682,41.572861,3,POINT (-90.5682 41.572861)
1121,154350,270,119,151,6,2,4,7,2,5,14,4,10,221,103,118,5,3,2,Simpson College,Indianola,IA,-93.563471,41.365503,17,POINT (-93.563471 41.365503)
1122,154378,626,216,410,8,1,7,27,15,12,25,10,15,232,67,165,15,10,5,Southeastern Community College,West Burlington,IA,-91.171881,40.814496,319,POINT (-91.171881 40.814496)
1123,154396,368,166,202,4,2,2,9,5,4,15,10,5,315,139,176,15,6,9,Southwestern Community College,Creston,IA,-94.380906,41.073437,10,POINT (-94.380906 41.073437)
1124,154448,81,2,79,1,0,1,13,0,13,5,0,5,55,2,53,1,0,1,Capri College-Davenport,Davenport,IA,-90.538828,41.575211,6,POINT (-90.538828 41.575211)
1125,154457,13,0,13,0,0,0,0,0,0,7,0,7,5,0,5,0,0,0,Iowa School of Beauty-Sioux City,Sioux City,IA,-96.365842,42.441812,1,POINT (-96.365842 42.441812)
1126,154466,20,3,17,0,0,0,7,3,4,2,0,2,11,0,11,0,0,0,E Q School of Hair Design,Council Bluffs,IA,-95.858073,41.235617,0,POINT (-95.858073 41.235617)
1127,154493,1298,472,826,23,9,14,245,73,172,90,42,48,861,308,553,35,19,16,Upper Iowa University,Fayette,IA,-91.799543,42.838283,44,POINT (-91.799543 42.838283)
1128,154518,959,599,360,12,7,5,78,50,28,41,27,14,275,157,118,5,4,1,Waldorf University,Forest City,IA,-93.641714,43.262923,548,POINT (-93.641714 43.262923)
1129,154527,258,93,165,3,0,3,6,3,3,18,3,15,201,77,124,21,9,12,Wartburg College,Waverly,IA,-92.483387,42.7277,9,POINT (-92.483387 42.7277)
1130,154536,36,14,22,0,0,0,0,0,0,3,2,1,33,12,21,0,0,0,Wartburg Theological Seminary,Dubuque,IA,-90.691225,42.485761,0,POINT (-90.691225 42.485761)
1131,154545,26,21,5,1,1,0,5,4,1,5,4,1,12,9,3,0,0,0,The Salon Professional Academy-Cedar Falls,Cedar Falls,IA,-92.433262,42.511022,3,POINT (-92.433262 42.511022)
1132,154572,1361,497,864,36,15,21,51,18,33,260,89,171,844,303,541,81,27,54,Western Iowa Tech Community College,Sioux City,IA,-96.348874,42.482953,89,POINT (-96.348874 42.482953)
1133,154590,228,105,123,2,0,2,26,18,8,22,12,10,144,62,82,18,12,6,William Penn University,Oskaloosa,IA,-92.647095,41.310111,16,POINT (-92.647095 41.310111)
1134,154642,380,115,265,5,2,3,23,11,12,24,12,12,311,85,226,0,0,0,Allen County Community College,Iola,KS,-95.396377,37.938038,17,POINT (-95.396377 37.938038)
1135,154688,677,240,437,16,6,10,53,19,34,46,19,27,521,177,344,6,4,2,Baker University,Baldwin City,KS,-95.187346,38.778712,35,POINT (-95.187346 38.778712)
1136,154697,960,412,548,12,7,5,147,83,64,130,51,79,590,234,356,1,0,1,Barton County Community College,Great Bend,KS,-98.731648,38.403529,80,POINT (-98.731648 38.403529)
1137,154712,415,184,231,4,2,2,10,9,1,31,12,19,339,146,193,13,8,5,Benedictine College,Atchison,KS,-95.111473,39.572646,18,POINT (-95.111473 39.572646)
1138,154721,134,54,80,1,1,0,9,6,3,32,16,16,72,26,46,11,4,7,Bethany College,Lindsborg,KS,-97.67367,38.580598,9,POINT (-97.67367 38.580598)
1139,154749,74,25,49,2,0,2,7,6,1,2,0,2,60,19,41,0,0,0,Bethel College-North Newton,North Newton,KS,-97.343256,38.075169,3,POINT (-97.343256 38.075169)
1140,154800,1391,469,922,75,22,53,79,36,43,148,53,95,915,286,629,38,19,19,Butler Community College,El Dorado,KS,-96.882987,37.806699,136,POINT (-96.882987 37.806699)
1141,154855,169,86,83,2,1,1,26,13,13,20,10,10,102,54,48,6,6,0,Central Christian College of Kansas,McPherson,KS,-97.668597,38.357978,13,POINT (-97.668597 38.357978)
1142,154907,389,146,243,2,0,2,21,6,15,26,15,11,257,87,170,22,15,7,Cloud County Community College,Concordia,KS,-97.664147,39.554199,61,POINT (-97.664147 39.554199)
1143,154925,357,170,187,3,0,3,48,29,19,32,17,15,205,97,108,11,7,4,Coffeyville Community College,Coffeyville,KS,-95.621374,37.033814,58,POINT (-95.621374 37.033814)
1144,154934,398,100,298,0,0,0,16,11,5,23,9,14,290,56,234,27,16,11,Colby Community College,Colby,KS,-101.052744,39.377601,42,POINT (-101.052744 39.377601)
1145,154952,727,276,451,11,3,8,27,15,12,74,27,47,524,191,333,33,17,16,Cowley County Community College,Arkansas City,KS,-97.043075,37.061668,58,POINT (-97.043075 37.061668)
1146,154998,307,87,220,4,3,1,19,15,4,163,31,132,102,30,72,0,0,0,Dodge City Community College,Dodge City,KS,-100.037481,37.776891,19,POINT (-100.037481 37.776891)
1147,155007,88,19,69,7,1,6,28,2,26,36,11,25,11,3,8,2,1,1,Donnelly College,Kansas City,KS,-94.650677,39.112256,4,POINT (-94.650677 39.112256)
1148,155025,1838,556,1282,34,15,19,71,34,37,49,16,33,1364,397,967,94,28,66,Emporia State University,Emporia,KS,-96.179021,38.414784,226,POINT (-96.179021 38.414784)
1149,155052,297,159,138,5,3,2,5,4,1,71,35,36,207,111,96,0,0,0,Flint Hills Technical College,Emporia,KS,-96.224141,38.41888,9,POINT (-96.224141 38.41888)
1150,155061,4215,1563,2652,48,20,28,131,71,60,250,83,167,2162,742,1420,1511,604,907,Fort Hays State University,Hays,KS,-99.342503,38.872156,113,POINT (-99.342503 38.872156)
1151,155070,38,18,20,0,0,0,7,5,2,1,1,0,27,12,15,0,0,0,Barclay College,Haviland,KS,-99.105351,37.62012,3,POINT (-99.105351 37.62012)
1152,155089,482,182,300,14,6,8,36,19,17,43,18,25,322,112,210,0,0,0,Friends University,Wichita,KS,-97.367048,37.678459,67,POINT (-97.367048 37.678459)
1153,155098,436,157,279,1,0,1,18,14,4,36,12,24,355,123,232,1,1,0,Fort Scott Community College,Fort Scott,KS,-94.715334,37.816206,25,POINT (-94.715334 37.816206)
1154,155104,529,200,329,13,4,9,40,28,12,264,84,180,180,73,107,16,8,8,Garden City Community College,Garden City,KS,-100.848082,37.970151,16,POINT (-100.848082 37.970151)
1155,155140,154,50,104,0,0,0,0,0,0,0,0,0,0,0,0,0,0,0,Haskell Indian Nations University,Lawrence,KS,-95.232879,38.938834,154,POINT (-95.232879 38.938834)
1156,155159,46,0,46,0,0,0,0,0,0,3,0,3,40,0,40,0,0,0,Hays Academy of Hair Design,Hays,KS,-99.310623,38.884873,3,POINT (-99.310623 38.884873)
1157,155177,128,43,85,4,1,3,5,2,3,22,7,15,72,22,50,21,11,10,Hesston College,Hesston,KS,-97.433883,38.134558,4,POINT (-97.433883 38.134558)
1158,155186,599,170,429,12,5,7,69,35,34,14,4,10,435,101,334,0,0,0,Highland Community College,Highland,KS,-95.271539,39.859987,69,POINT (-95.271539 39.859987)
1159,155195,1429,567,862,10,3,7,79,55,24,169,49,120,972,375,597,13,5,8,Hutchinson Community College,Hutchinson,KS,-97.92135,38.068035,186,POINT (-97.92135 38.068035)
1160,155201,197,74,123,1,0,1,40,38,2,23,10,13,99,17,82,2,0,2,Independence Community College,Independence,KS,-95.720518,37.195614,32,POINT (-95.720518 37.195614)
1161,155210,2500,1009,1491,119,37,82,137,42,95,277,100,177,1617,685,932,75,31,44,Johnson County Community College,Overland Park,KS,-94.727798,38.924125,275,POINT (-94.727798 38.924125)
1162,155283,306,22,284,7,1,6,73,2,71,36,2,34,90,6,84,0,0,0,Concorde Career College-Kansas City,Kansas City,MO,-94.589819,39.06799,100,POINT (-94.589819 39.06799)
1163,155292,1110,445,665,24,11,13,161,41,120,233,107,126,477,196,281,97,47,50,Kansas City Kansas Community College,Kansas City,KS,-94.748061,39.121911,118,POINT (-94.748061 39.121911)
1164,155308,27,13,14,0,0,0,8,5,3,2,2,0,10,3,7,2,2,0,Kansas Christian College,Overland Park,KS,-94.666878,38.994848,5,POINT (-94.666878 38.994848)
1165,155317,6743,3009,3734,314,136,178,265,119,146,560,227,333,4761,2080,2681,449,274,175,University of Kansas,Lawrence,KS,-95.247567,38.958549,394,POINT (-95.247567 38.958549)
1166,155335,465,157,308,21,7,14,20,11,9,47,11,36,331,112,219,14,8,6,Newman University,Wichita,KS,-97.37768,37.672643,32,POINT (-97.37768 37.672643)
1167,155353,49,42,7,1,1,0,21,19,2,8,6,2,13,10,3,0,0,0,Old Town Barber College-Wichita,Wichita,KS,-97.323179,37.68586,6,POINT (-97.323179 37.68586)
1168,155399,5249,2426,2823,100,43,57,152,75,77,339,154,185,4062,1843,2219,334,192,142,Kansas State University,Manhattan,KS,-96.581077,39.188648,262,POINT (-96.581077 39.188648)
1169,155414,173,93,80,2,1,1,14,11,3,33,21,12,111,55,56,3,0,3,Kansas Wesleyan University,Salina,KS,-97.607973,38.813795,10,POINT (-97.607973 38.813795)
1170,155423,738,376,362,5,2,3,46,12,34,93,33,60,407,222,185,0,0,0,Washburn Institute of Technology,Topeka,KS,-95.751158,39.04497,187,POINT (-95.751158 39.04497)
1171,155450,202,82,120,0,0,0,10,3,7,15,7,8,156,65,91,0,0,0,Labette Community College,Parsons,KS,-95.255368,37.339062,21,POINT (-95.255368 37.339062)
1172,155487,326,136,190,4,3,1,19,6,13,45,20,25,236,101,135,1,0,1,Manhattan Area Technical College,Manhattan,KS,-96.615672,39.197774,21,POINT (-96.615672 39.197774)
1173,155496,33,16,17,1,1,0,1,0,1,2,1,1,27,13,14,0,0,0,Manhattan Christian College,Manhattan,KS,-96.579383,39.184806,2,POINT (-96.579383 39.184806)
1174,155511,157,98,59,3,1,2,17,10,7,24,17,7,93,58,35,1,1,0,McPherson College,McPherson,KS,-97.642996,38.371422,19,POINT (-97.642996 38.371422)
1175,155520,579,162,417,15,6,9,58,24,34,3,1,2,375,99,276,13,3,10,MidAmerica Nazarene University,Olathe,KS,-94.781635,38.875615,115,POINT (-94.781635 38.875615)
1176,155566,673,237,436,11,1,10,33,10,23,62,24,38,518,179,339,13,9,4,Neosho County Community College,Chanute,KS,-95.464976,37.670672,36,POINT (-95.464976 37.670672)
1177,155593,409,182,227,3,0,3,9,2,7,16,3,13,364,168,196,0,0,0,North Central Kansas Technical College,Beloit,KS,-98.110826,39.482419,17,POINT (-98.110826 39.482419)
1178,155618,270,177,93,0,0,0,24,18,6,50,34,16,178,116,62,7,2,5,Northwest Kansas Technical College,Goodland,KS,-101.70022,39.346424,11,POINT (-101.70022 39.346424)
1179,155627,105,54,51,2,1,1,10,5,5,12,7,5,65,34,31,0,0,0,Ottawa University-Ottawa,Ottawa,KS,-95.264187,38.603173,16,POINT (-95.264187 38.603173)
1180,155636,158,58,100,33,20,13,10,2,8,7,3,4,95,28,67,0,0,0,Ottawa University-Kansas City,Overland Park,KS,-94.635461,38.932055,13,POINT (-94.635461 38.932055)
1181,155681,1751,797,954,18,10,8,53,28,25,73,33,40,1410,606,804,85,69,16,Pittsburg State University,Pittsburg,KS,-94.702473,37.392071,112,POINT (-94.702473 37.392071)
1182,155715,319,120,199,3,1,2,18,7,11,35,13,22,242,89,153,6,4,2,Pratt Community College,Pratt,KS,-98.714538,37.654451,15,POINT (-98.714538 37.654451)
1183,155812,378,152,226,9,6,3,29,15,14,53,29,24,203,74,129,8,5,3,University of Saint Mary,Leavenworth,KS,-94.906743,39.279396,76,POINT (-94.906743 39.279396)
1184,155830,362,120,242,9,2,7,10,1,9,58,14,44,264,95,169,0,0,0,Salina Area Technical College,Salina,KS,-97.636892,38.793582,21,POINT (-97.636892 38.793582)
1185,155858,368,138,230,4,2,2,8,5,3,232,91,141,90,28,62,16,6,10,Seward County Community College,Liberal,KS,-100.917695,37.059807,18,POINT (-100.917695 37.059807)
1186,155900,485,326,159,8,5,3,43,34,9,44,30,14,204,132,72,12,9,3,Southwestern College,Winfield,KS,-96.975405,37.248608,174,POINT (-96.975405 37.248608)
1187,155937,123,70,53,0,0,0,21,18,3,15,8,7,74,34,40,8,8,0,Sterling College,Sterling,KS,-98.208644,38.219937,5,POINT (-98.208644 38.219937)
1188,155973,120,58,62,1,0,1,9,6,3,12,10,2,81,34,47,4,3,1,Tabor College,Hillsboro,KS,-97.200949,38.348606,13,POINT (-97.200949 38.348606)
1189,156082,1422,499,923,13,2,11,58,30,28,127,41,86,983,326,657,49,32,17,Washburn University,Topeka,KS,-95.702222,39.033778,192,POINT (-95.702222 39.033778)
1190,156107,1099,463,636,62,29,33,80,22,58,219,80,139,608,285,323,17,4,13,Wichita State University-Campus of Applied Sciences and Technology,Wichita,KS,-97.224151,37.75764,113,POINT (-97.224151 37.75764)
1191,156125,3420,1417,2003,211,105,106,159,55,104,375,132,243,2120,826,1294,340,229,111,Wichita State University,Wichita,KS,-97.292361,37.718882,215,POINT (-97.292361 37.718882)
1192,156134,627,323,304,10,5,5,80,42,38,89,36,53,396,211,185,0,0,0,Wichita Technical Institute,Wichita,KS,-97.371819,37.656976,52,POINT (-97.371819 37.656976)
1193,156189,74,39,35,0,0,0,0,0,0,0,0,0,71,37,34,3,2,1,Alice Lloyd College,Pippa Passes,KY,-82.875068,37.335087,0,POINT (-82.875068 37.335087)
1194,156213,405,158,247,7,3,4,15,7,8,19,4,15,336,124,212,12,10,2,Asbury University,Wilmore,KY,-84.662606,37.862029,16,POINT (-84.662606 37.862029)
1195,156222,326,201,125,14,11,3,17,10,7,26,17,9,174,96,78,43,32,11,Asbury Theological Seminary,Wilmore,KY,-84.660127,37.861561,52,POINT (-84.660127 37.861561)
1196,156231,876,377,499,6,2,4,8,3,5,16,6,10,826,360,466,0,0,0,Ashland Community and Technical College,Ashland,KY,-82.650664,38.469201,20,POINT (-82.650664 38.469201)
1197,156277,16,1,15,0,0,0,6,0,6,1,0,1,7,1,6,0,0,0,Barrett and Company School of Hair Design,Nicholasville,KY,-84.580326,37.866361,2,POINT (-84.580326 37.866361)
1198,156286,882,297,585,25,9,16,59,15,44,39,12,27,670,224,446,26,15,11,Bellarmine University,Louisville,KY,-85.704997,38.219279,63,POINT (-85.704997 38.219279)
1199,156295,277,108,169,8,1,7,47,16,31,32,14,18,150,61,89,22,8,14,Berea College,Berea,KY,-84.292893,37.57202,18,POINT (-84.292893 37.57202)
1200,156310,190,3,187,12,0,12,45,0,45,10,0,10,97,2,95,0,0,0,PJ's College of Cosmetology-Bowling Green,Bowling Green,KY,-86.469756,36.979195,26,POINT (-86.469756 36.979195)
1201,156338,1099,467,632,25,8,17,79,27,52,57,26,31,893,389,504,1,0,1,Southcentral Kentucky Community and Technical College,Bowling Green,KY,-86.476717,36.984827,44,POINT (-86.476717 36.984827)
1202,156356,201,40,161,3,0,3,22,3,19,16,3,13,121,28,93,1,1,0,Brescia University,Owensboro,KY,-87.111639,37.769041,38,POINT (-87.111639 37.769041)
1203,156365,3458,2151,1307,12,3,9,121,49,72,39,13,26,787,253,534,2433,1807,626,Campbellsville University,Campbellsville,KY,-85.348943,37.343342,66,POINT (-85.348943 37.343342)
1204,156392,3282,1457,1825,77,39,38,312,118,194,153,61,92,2549,1148,1401,10,5,5,Bluegrass Community and Technical College,Lexington,KY,-84.503665,38.024808,181,POINT (-84.503665 38.024808)
1205,156408,339,156,183,17,8,9,10,2,8,25,11,14,245,111,134,25,14,11,Centre College,Danville,KY,-84.779392,37.645709,17,POINT (-84.779392 37.645709)
1206,156417,16,12,4,0,0,0,0,0,0,0,0,0,14,10,4,0,0,0,Clear Creek Baptist Bible College,Pineville,KY,-83.727702,36.725236,2,POINT (-83.727702 36.725236)
1207,156426,80,0,80,1,0,1,8,0,8,2,0,2,65,0,65,1,0,1,Paul Mitchell the School-Lexington,Lexington,KY,-84.548281,37.980361,3,POINT (-84.548281 37.980361)
1208,156471,1006,94,912,19,2,17,139,9,130,67,4,63,709,70,639,0,0,0,Galen College of Nursing-Louisville,Louisville,KY,-85.499039,38.281333,72,POINT (-85.499039 38.281333)
1209,156541,4005,1748,2257,39,26,13,40,19,21,32,12,20,705,210,495,809,583,226,University of the Cumberlands,Williamsburg,KY,-84.161646,36.737048,2380,POINT (-84.161646 36.737048)
1210,156620,3515,1409,2106,31,15,16,185,76,109,109,50,59,2943,1131,1812,52,34,18,Eastern Kentucky University,Richmond,KY,-84.300796,37.740845,195,POINT (-84.300796 37.740845)
1211,156648,1594,908,686,15,9,6,60,28,32,58,28,30,1405,819,586,0,0,0,Elizabethtown Community and Technical College,Elizabethtown,KY,-85.879927,37.692858,56,POINT (-85.879927 37.692858)
1212,156727,901,52,849,23,1,22,91,4,87,53,3,50,679,42,637,0,0,0,Frontier Nursing University,Versailles,KY,-84.692791,38.051018,55,POINT (-84.692791 38.051018)
1213,156745,348,117,231,1,0,1,17,9,8,13,8,5,276,84,192,4,3,1,Georgetown College,Georgetown,KY,-84.553767,38.207615,37,POINT (-84.553767 38.207615)
1214,156754,17,2,15,0,0,0,2,0,2,0,0,0,14,2,12,0,0,0,PJ's College of Cosmetology-Glasgow,Glasgow,KY,-85.922275,37.012713,1,POINT (-85.922275 37.012713)
1215,156790,815,388,427,2,1,1,6,4,2,6,1,5,789,377,412,0,0,0,Hazard Community and Technical College,Hazard,KY,-83.175644,37.234897,12,POINT (-83.175644 37.234897)
1216,156842,98,7,91,0,0,0,10,1,9,1,0,1,76,6,70,0,0,0,Paul Mitchell the School-Louisville,Louisville,KY,-85.578849,38.24897,11,POINT (-85.578849 38.24897)
1217,156851,317,88,229,4,0,4,22,7,15,12,4,8,263,72,191,0,0,0,Henderson Community College,Henderson,KY,-87.650091,37.797687,16,POINT (-87.650091 37.797687)
1218,156860,621,174,447,12,3,9,113,25,88,63,18,45,393,117,276,0,0,0,Hopkinsville Community College,Hopkinsville,KY,-87.488297,36.882654,40,POINT (-87.488297 36.882654)
1219,156921,2916,1455,1461,110,55,55,406,152,254,190,85,105,2038,1067,971,6,4,2,Jefferson Community and Technical College,Louisville,KY,-85.753615,38.246027,166,POINT (-85.753615 38.246027)
1220,156967,63,0,63,2,0,2,9,0,9,3,0,3,44,0,44,0,0,0,Summit Salon Academy-Lexington,Lexington,KY,-84.453521,38.028451,5,POINT (-84.453521 38.028451)
1221,157021,44,4,40,0,0,0,0,0,0,2,0,2,17,2,15,0,0,0,American National University-Pikeville,Pikeville,KY,-82.607154,37.539398,25,POINT (-82.607154 37.539398)
1222,157030,7,1,6,0,0,0,0,0,0,0,0,0,7,1,6,0,0,0,Kentucky Mountain Bible College,Jackson,KY,-83.438765,37.603443,0,POINT (-83.438765 37.603443)
1223,157058,202,91,111,1,1,0,123,63,60,11,5,6,44,18,26,5,2,3,Kentucky State University,Frankfort,KY,-84.855402,38.201427,18,POINT (-84.855402 38.201427)
1224,157076,160,70,90,0,0,0,14,9,5,6,1,5,121,49,72,0,0,0,Kentucky Wesleyan College,Owensboro,KY,-87.119658,37.744489,19,POINT (-87.119658 37.744489)
1225,157085,7107,2939,4168,204,81,123,467,173,294,301,127,174,5240,2119,3121,389,220,169,University of Kentucky,Lexington,KY,-84.504747,38.038911,506,POINT (-84.504747 38.038911)
1226,157100,120,57,63,0,0,0,10,9,1,2,0,2,92,39,53,4,2,2,Kentucky Christian University,Grayson,KY,-82.945561,38.338805,12,POINT (-82.945561 38.338805)
1227,157207,18,5,13,0,0,0,2,0,2,0,0,0,16,5,11,0,0,0,Lexington Theological Seminary,Lexington,KY,-84.526079,37.996332,0,POINT (-84.526079 37.996332)
1228,157216,645,159,486,4,1,3,47,19,28,2,1,1,437,88,349,2,0,2,Lindsey Wilson College,Columbia,KY,-85.299997,37.101502,153,POINT (-85.299997 37.101502)
1229,157289,5110,2368,2742,230,109,121,543,196,347,250,113,137,3665,1731,1934,175,106,69,University of Louisville,Louisville,KY,-85.760412,38.216862,247,POINT (-85.760412 38.216862)
1230,157298,34,13,21,1,1,0,9,4,5,1,1,0,22,6,16,1,1,0,Louisville Presbyterian Theological Seminary,Louisville,KY,-85.686411,38.237056,0,POINT (-85.686411 38.237056)
1231,157304,1114,401,713,5,2,3,46,10,36,45,17,28,944,343,601,0,0,0,Madisonville Community College,Madisonville,KY,-87.512137,37.362661,74,POINT (-87.512137 37.362661)
1232,157331,1343,575,768,6,1,5,20,6,14,38,16,22,1237,532,705,0,0,0,Maysville Community and Technical College,Maysville,KY,-83.806786,38.626607,42,POINT (-83.806786 38.626607)
1233,157377,318,93,225,4,2,2,24,8,16,17,8,9,241,63,178,4,3,1,Midway University,Midway,KY,-84.678142,38.146126,28,POINT (-84.678142 38.146126)
1234,157386,1520,551,969,4,0,4,50,28,22,27,11,16,1354,460,894,45,39,6,Morehead State University,Morehead,KY,-83.434021,38.186768,40,POINT (-83.434021 38.186768)
1235,157401,2236,808,1428,14,2,12,120,32,88,33,11,22,1877,668,1209,90,55,35,Murray State University,Murray,KY,-88.323629,36.612419,102,POINT (-88.323629 36.612419)
1236,157438,1689,925,764,20,9,11,109,55,54,83,43,40,1395,777,618,0,0,0,Gateway Community and Technical College,Florence,KY,-84.633478,38.960638,82,POINT (-84.633478 38.960638)
1237,157447,3477,1190,2287,53,23,30,289,83,206,98,42,56,2818,929,1889,89,64,25,Northern Kentucky University,Highland Heights,KY,-84.463483,39.029714,130,POINT (-84.463483 39.029714)
1238,157483,1563,581,982,13,6,7,81,22,59,79,35,44,1320,497,823,0,0,0,West Kentucky Community and Technical College,Paducah,KY,-88.658762,37.054081,70,POINT (-88.658762 37.054081)
1239,157535,430,208,222,30,15,15,29,21,8,8,3,5,346,159,187,7,5,2,University of Pikeville,Pikeville,KY,-82.521063,37.479232,10,POINT (-82.521063 37.479232)
1240,157553,673,268,405,0,0,0,2,1,1,15,8,7,633,244,389,0,0,0,Big Sandy Community and Technical College,Prestonsburg,KY,-82.778847,37.688248,23,POINT (-82.778847 37.688248)
1241,157614,33,1,32,0,0,0,8,0,8,2,1,1,23,0,23,0,0,0,Empire Beauty School-Chenoweth,Louisville,KY,-85.65752,38.255764,0,POINT (-85.65752 38.255764)
1242,157650,46,3,43,2,0,2,7,1,6,1,0,1,35,2,33,0,0,0,Empire Beauty School-Elizabethtown,Elizabethtown,KY,-85.878557,37.697453,1,POINT (-85.878557 37.697453)
1243,157669,35,0,35,1,0,1,18,0,18,1,0,1,10,0,10,0,0,0,Empire Beauty School-Dixie,Louisville,KY,-85.830866,38.167059,5,POINT (-85.830866 38.167059)
1244,157678,52,0,52,1,0,1,4,0,4,1,0,1,42,0,42,0,0,0,Empire Beauty School-Florence,Florence,KY,-84.628998,39.009553,4,POINT (-84.628998 39.009553)
1245,157711,1153,423,730,6,2,4,21,15,6,25,11,14,1078,385,693,1,0,1,Somerset Community College,Somerset,KY,-84.617546,37.059599,22,POINT (-84.617546 37.059599)
1246,157739,438,131,307,2,1,1,9,3,6,3,1,2,411,121,290,0,0,0,Southeast Kentucky Community & Technical College,Cumberland,KY,-82.997661,36.966051,13,POINT (-82.997661 36.966051)
1247,157748,644,537,107,25,22,3,15,13,2,13,12,1,520,436,84,65,50,15,The Southern Baptist Theological Seminary,Louisville,KY,-85.687649,38.248216,6,POINT (-85.687649 38.248216)
1248,157757,627,126,501,11,5,6,105,20,85,14,5,9,448,87,361,1,0,1,Spalding University,Louisville,KY,-85.757725,38.242407,48,POINT (-85.757725 38.242407)
1249,157793,904,285,619,51,27,24,127,39,88,45,17,28,519,157,362,3,2,1,Sullivan University,Louisville,KY,-85.670489,38.212824,159,POINT (-85.670489 38.212824)
1250,157809,407,186,221,3,2,1,38,17,21,12,3,9,321,150,171,0,0,0,Thomas More University,Crestview Hills,KY,-84.568923,39.022963,33,POINT (-84.568923 39.022963)
1251,157818,207,76,131,3,2,1,8,5,3,4,0,4,164,62,102,0,0,0,Transylvania University,Lexington,KY,-84.493202,38.052983,28,POINT (-84.493202 38.052983)
1252,157863,303,122,181,0,0,0,24,12,12,5,3,2,232,88,144,23,11,12,Union College,Barbourville,KY,-83.888477,36.870875,19,POINT (-83.888477 36.870875)
1253,157951,3911,1543,2368,44,23,21,309,127,182,147,82,65,3153,1170,1983,114,81,33,Western Kentucky University,Bowling Green,KY,-86.456828,36.985035,144,POINT (-86.456828 36.985035)
1254,158088,916,556,360,2,1,1,300,173,127,20,17,3,530,325,205,0,0,0,Central Louisiana Technical Community College,Alexandria,LA,-92.446693,31.310461,64,POINT (-92.446693 31.310461)
1255,158246,108,36,72,0,0,0,67,17,50,3,1,2,37,17,20,0,0,0,Ayers Career College,Shreveport,LA,-93.798229,32.418291,1,POINT (-93.798229 32.418291)
1256,158325,13,4,9,0,0,0,3,0,3,0,0,0,10,4,6,0,0,0,Baton Rouge General Medical Center School of Nursing & School of Radiologic Technology,Baton Rouge,LA,-91.152502,30.447919,0,POINT (-91.152502 30.447919)
1257,158343,43,24,19,0,0,0,17,9,8,0,0,0,26,15,11,0,0,0,Baton Rouge School of Computers,Baton Rouge,LA,-91.080837,30.422155,0,POINT (-91.080837 30.422155)
1258,158431,1044,327,717,11,3,8,293,72,221,49,12,37,601,209,392,11,3,8,Bossier Parish Community College,Bossier City,LA,-93.646881,32.539551,79,POINT (-93.646881 32.539551)
1259,158477,125,54,71,5,5,0,22,6,16,13,6,7,80,35,45,2,1,1,Centenary College of Louisiana,Shreveport,LA,-93.730834,32.483335,3,POINT (-93.730834 32.483335)
1260,158538,17,0,17,0,0,0,5,0,5,1,0,1,10,0,10,0,0,0,Cloyd's Beauty School 1 Inc,West Monroe,LA,-92.126506,32.499976,1,POINT (-92.126506 32.499976)
1261,158617,252,95,157,37,17,20,99,24,75,29,12,17,70,38,32,0,0,0,Crescent City Bartending School,New Orleans,LA,-90.086679,29.966842,17,POINT (-90.086679 29.966842)
1262,158662,2846,779,2067,116,48,68,1071,213,858,326,104,222,1074,328,746,51,12,39,Delgado Community College,New Orleans,LA,-90.103962,29.985149,208,POINT (-90.103962 29.985149)
1263,158778,18,0,18,0,0,0,9,0,9,0,0,0,8,0,8,0,0,0,Avery James School of Cosmetology,Lake Charles,LA,-93.219712,30.202601,1,POINT (-93.219712 30.202601)
1264,158787,27,0,27,1,0,1,0,0,0,0,0,0,26,0,26,0,0,0,Denham Springs Beauty School,Denham Springs,LA,-90.944774,30.484636,0,POINT (-90.944774 30.484636)
1265,158802,194,46,148,0,0,0,149,36,113,2,1,1,1,1,0,2,0,2,Dillard University,New Orleans,LA,-90.06464,29.996587,40,POINT (-90.06464 29.996587)
1266,158884,409,171,238,4,3,1,149,41,108,33,15,18,187,99,88,8,5,3,Nunez Community College,Chalmette,LA,-89.95888,29.95419,28,POINT (-89.95888 29.95419)
1267,159009,732,219,513,1,0,1,649,185,464,18,8,10,12,6,6,45,19,26,Grambling State University,Grambling,LA,-92.713245,32.523797,7,POINT (-92.713245 32.523797)
1268,159027,36,1,35,0,0,0,14,0,14,2,0,2,17,1,16,0,0,0,Guy's Shreveport Academy of Cosmetology Inc,Shreveport,LA,-93.706628,32.485759,3,POINT (-93.706628 32.485759)
1269,159197,263,214,49,5,3,2,108,83,25,6,3,3,137,120,17,0,0,0,ITI Technical College,Baton Rouge,LA,-91.030485,30.369764,7,POINT (-91.030485 30.369764)
1270,159328,78,3,75,4,0,4,15,0,15,5,0,5,51,3,48,0,0,0,John Jay Beauty College,Kenner,LA,-90.230259,30.007684,3,POINT (-90.230259 30.007684)
1271,159373,860,248,612,69,28,41,82,14,68,44,15,29,629,180,449,7,2,5,Louisiana State University Health Sciences Center-New Orleans,New Orleans,LA,-90.083145,29.957272,29,POINT (-90.083145 29.957272)
1272,159382,583,128,455,9,0,9,99,26,73,9,1,8,382,83,299,0,0,0,Louisiana State University-Alexandria,Alexandria,LA,-92.414409,31.178616,84,POINT (-92.414409 31.178616)
1273,159391,6678,2947,3731,243,125,118,818,263,555,445,192,253,4572,2054,2518,355,220,135,Louisiana State University and Agricultural & Mechanical College,Baton Rouge,LA,-91.178921,30.414986,245,POINT (-91.178921 30.414986)
1274,159407,352,72,280,3,2,1,46,7,39,11,4,7,277,58,219,2,0,2,Louisiana State University-Eunice,Eunice,LA,-92.434523,30.473292,13,POINT (-92.434523 30.473292)
1275,159416,3706,1582,2124,119,55,64,696,179,517,230,101,129,1765,809,956,160,85,75,Louisiana State University-Shreveport,Shreveport,LA,-93.70561,32.428465,736,POINT (-93.70561 32.428465)
1276,159513,92,6,86,2,0,2,47,3,44,2,1,1,38,2,36,0,0,0,Aveda Arts & Sciences Institute-Baton Rouge,Baton Rouge,LA,-91.054308,30.426526,3,POINT (-91.054308 30.426526)
1277,159522,135,3,132,1,0,1,23,1,22,2,0,2,103,1,102,0,0,0,Aveda Arts & Sciences Institute-Lafayette,Lafayette,LA,-92.042092,30.206168,6,POINT (-92.042092 30.206168)
1278,159531,18,0,18,0,0,0,2,0,2,0,0,0,16,0,16,0,0,0,Louisiana Academy of Beauty,Eunice,LA,-92.408948,30.495111,0,POINT (-92.408948 30.495111)
1279,159568,246,98,148,4,1,3,63,23,40,6,2,4,161,67,94,4,3,1,Louisiana College,Pineville,LA,-92.425973,31.324528,8,POINT (-92.425973 31.324528)
1280,159601,25,5,20,1,1,0,17,3,14,0,0,0,7,1,6,0,0,0,Opelousas School of Cosmetology,Opelousas,LA,-92.077854,30.53165,0,POINT (-92.077854 30.53165)
1281,159647,2041,1010,1031,27,16,11,211,95,116,68,35,33,1484,714,770,118,73,45,Louisiana Tech University,Ruston,LA,-92.649963,32.528297,133,POINT (-92.649963 32.528297)
1282,159656,1056,328,728,39,13,26,152,33,119,151,51,100,551,182,369,23,5,18,Loyola University New Orleans,New Orleans,LA,-90.120417,29.936141,140,POINT (-90.120417 29.936141)
1283,159717,1361,514,847,18,11,7,210,66,144,46,13,33,934,330,604,117,80,37,McNeese State University,Lake Charles,LA,-93.217222,30.178187,36,POINT (-93.217222 30.178187)
1284,159939,1609,759,850,108,55,53,273,87,186,167,82,85,874,428,446,103,71,32,University of New Orleans,New Orleans,LA,-90.067142,30.027704,84,POINT (-90.067142 30.027704)
1285,159948,598,418,180,26,14,12,44,25,19,17,11,6,345,240,105,4,4,0,New Orleans Baptist Theological Seminary,New Orleans,LA,-90.043439,30.004336,162,POINT (-90.043439 30.004336)
1286,159966,1368,433,935,16,4,12,235,81,154,47,15,32,971,300,671,20,6,14,Nicholls State University,Thibodaux,LA,-90.801571,29.794486,79,POINT (-90.801571 29.794486)
1287,159993,1849,527,1322,46,15,31,375,87,288,42,16,26,1193,325,868,94,56,38,University of Louisiana at Monroe,Monroe,LA,-92.07374,32.527748,99,POINT (-92.07374 32.527748)
1288,160010,578,405,173,1,0,1,165,83,82,23,20,3,342,267,75,2,1,1,Northwest Louisiana Technical Community College,Minden,LA,-93.26302,32.586037,45,POINT (-93.26302 32.586037)
1289,160038,1981,506,1475,21,7,14,513,119,394,119,35,84,1165,292,873,32,18,14,Northwestern State University of Louisiana,Natchitoches,LA,-93.097797,31.750666,131,POINT (-93.097797 31.750666)
1290,160065,214,35,179,8,1,7,60,7,53,21,5,16,113,21,92,0,0,0,University of Holy Cross,New Orleans,LA,-89.99445,29.912003,12,POINT (-89.99445 29.912003)
1291,160074,317,65,252,9,1,8,26,1,25,19,1,18,247,57,190,0,0,0,Franciscan Missionaries of Our Lady University,Baton Rouge,LA,-91.110587,30.401379,16,POINT (-91.110587 30.401379)
1292,160117,103,2,101,0,0,0,80,0,80,2,0,2,21,2,19,0,0,0,Pat Goins Benton Road Beauty School,Bossier City,LA,-93.719361,32.516422,0,POINT (-93.719361 32.516422)
1293,160126,10,2,8,0,0,0,10,2,8,0,0,0,0,0,0,0,0,0,Celebrity Stylist Beauty School,Monroe,LA,-92.085347,32.52121,0,POINT (-92.085347 32.52121)
1294,160199,23,0,23,0,0,0,0,0,0,1,0,1,20,0,20,0,0,0,Pineville Beauty School,Pineville,LA,-92.430903,31.325717,2,POINT (-92.430903 31.325717)
1295,160320,1811,42,1769,25,1,24,423,11,412,250,8,242,853,16,837,2,0,2,Aveda Arts & Sciences Institute-Covington,Covington,LA,-90.104008,30.494049,258,POINT (-90.104008 30.494049)
1296,160409,19,19,0,0,0,0,0,0,0,7,7,0,12,12,0,0,0,0,Saint Joseph Seminary College,St. Benedict,LA,-90.113621,30.526778,0,POINT (-90.113621 30.526778)
1297,160472,86,3,83,0,0,0,23,1,22,19,2,17,44,0,44,0,0,0,LaSalle Tech,Houma,LA,-90.696772,29.592656,0,POINT (-90.696772 29.592656)
1298,160481,517,200,317,8,1,7,93,39,54,25,12,13,323,120,203,0,0,0,Fletcher Technical Community College,Schriever,LA,-90.811707,29.690884,68,POINT (-90.811707 29.690884)
1299,160524,138,25,113,0,0,0,78,16,62,3,1,2,53,8,45,0,0,0,Remington College-Lafayette Campus,Lafayette,LA,-92.059734,30.166882,4,POINT (-92.059734 30.166882)
1300,160579,793,398,395,6,3,3,159,57,102,31,13,18,538,302,236,9,2,7,SOWELA Technical Community College,Lake Charles,LA,-93.16252,30.217331,50,POINT (-93.16252 30.217331)
1301,160597,22,6,16,0,0,0,22,6,16,0,0,0,0,0,0,0,0,0,Stevensons Academy of Hair Design,New Orleans,LA,-90.052219,29.948438,0,POINT (-90.052219 29.948438)
1302,160612,2175,768,1407,23,9,14,366,108,258,133,64,69,1457,498,959,71,34,37,Southeastern Louisiana University,Hammond,LA,-90.468676,30.514652,125,POINT (-90.468676 30.514652)
1303,160621,1187,393,794,23,15,8,1024,313,711,14,4,10,87,44,43,6,3,3,Southern University and A & M College,Baton Rouge,LA,-91.190105,30.524558,33,POINT (-91.190105 30.524558)
1304,160630,351,89,262,0,0,0,288,71,217,2,0,2,11,5,6,3,0,3,Southern University at New Orleans,New Orleans,LA,-90.044912,30.026162,47,POINT (-90.044912 30.026162)
1305,160649,235,41,194,1,0,1,205,35,170,2,0,2,23,3,20,1,1,0,Southern University at Shreveport,Shreveport,LA,-93.834559,32.545632,3,POINT (-93.834559 32.545632)
1306,160658,3573,1434,2139,95,42,53,644,200,444,203,80,123,2338,960,1378,97,60,37,University of Louisiana at Lafayette,Lafayette,LA,-92.020165,30.212191,196,POINT (-92.020165 30.212191)
1307,160667,962,558,404,5,3,2,280,131,149,34,29,5,580,360,220,6,3,3,Northshore Technical Community College,Lacombe,LA,-89.899196,30.379147,57,POINT (-89.899196 30.379147)
1308,160755,4080,1614,2466,231,94,137,310,88,222,303,107,196,2431,931,1500,577,306,271,Tulane University of Louisiana,New Orleans,LA,-90.122144,29.940069,228,POINT (-90.122144 29.940069)
1309,160904,560,131,429,67,27,40,381,66,315,18,7,11,37,12,25,13,6,7,Xavier University of Louisiana,New Orleans,LA,-90.107307,29.964162,44,POINT (-90.107307 29.964162)
1310,160959,86,25,61,3,2,1,2,0,2,4,0,4,51,18,33,18,3,15,College of the Atlantic,Bar Harbor,ME,-68.221517,44.395258,8,POINT (-68.221517 44.395258)
1311,160977,466,232,234,22,10,12,26,15,11,24,8,16,337,173,164,35,14,21,Bates College,Lewiston,ME,-70.203333,44.105299,22,POINT (-70.203333 44.105299)
1312,160995,173,28,145,0,0,0,5,2,3,3,2,1,161,23,138,0,0,0,Beal University,Bangor,ME,-68.785428,44.786465,4,POINT (-68.785428 44.786465)
1313,161004,448,210,238,45,21,24,39,20,19,44,21,23,256,123,133,28,15,13,Bowdoin College,Brunswick,ME,-69.963942,43.907134,36,POINT (-69.963942 43.907134)
1314,161022,68,5,63,1,0,1,2,0,2,2,1,1,59,4,55,0,0,0,Maine College of Health Professions,Lewiston,ME,-70.21732,44.100458,4,POINT (-70.21732 44.100458)
1315,161077,385,174,211,2,0,2,29,10,19,6,4,2,311,145,166,8,5,3,Central Maine Community College,Auburn,ME,-70.235498,44.134346,29,POINT (-70.235498 44.134346)
1316,161086,523,246,277,43,17,26,21,11,10,43,21,22,344,158,186,37,21,16,Colby College,Waterville,ME,-69.66337,44.564211,35,POINT (-69.66337 44.564211)
1317,161138,397,172,225,3,1,2,3,3,0,6,2,4,349,151,198,4,2,2,Eastern Maine Community College,Bangor,ME,-68.74445,44.826048,32,POINT (-68.74445 44.826048)
1318,161192,440,154,286,2,0,2,7,4,3,13,4,9,399,135,264,0,0,0,Kennebec Valley Community College,Fairfield,ME,-69.61157,44.594149,19,POINT (-69.61157 44.594149)
1319,161208,42,38,4,0,0,0,1,1,0,1,0,1,39,36,3,1,1,0,The Landing School,Arundel,ME,-70.503619,43.380492,0,POINT (-70.503619 43.380492)
1320,161217,543,152,391,4,0,4,12,5,7,13,4,9,465,117,348,0,0,0,University of Maine at Augusta,Augusta,ME,-69.796396,44.337746,49,POINT (-69.796396 44.337746)
1321,161226,389,101,288,2,1,1,6,2,4,8,3,5,343,87,256,3,0,3,University of Maine at Farmington,Farmington,ME,-70.147121,44.666911,27,POINT (-70.147121 44.666911)
1322,161235,243,57,186,3,1,2,10,1,9,8,1,7,171,37,134,13,7,6,University of Maine at Fort Kent,Fort Kent,ME,-68.589319,47.250389,38,POINT (-68.589319 47.250389)
1323,161253,2427,1139,1288,40,21,19,35,25,10,83,40,43,1952,901,1051,117,66,51,University of Maine,Orono,ME,-68.669332,44.899257,200,POINT (-68.669332 44.899257)
1324,161299,203,169,34,3,3,0,1,1,0,3,1,2,171,146,25,0,0,0,Maine Maritime Academy,Castine,ME,-68.804347,44.389654,25,POINT (-68.804347 44.389654)
1325,161341,196,77,119,3,2,1,4,2,2,8,3,5,161,59,102,12,6,6,University of Maine at Presque Isle,Presque Isle,ME,-68.016343,46.672285,8,POINT (-68.016343 46.672285)
1326,161457,1563,448,1115,90,33,57,72,21,51,21,6,15,1244,333,911,11,8,3,University of New England,Biddeford,ME,-70.38535,43.458591,125,POINT (-70.38535 43.458591)
1327,161484,153,67,86,0,0,0,3,0,3,2,1,1,143,65,78,1,0,1,Northern Maine Community College,Presque Isle,ME,-68.034796,46.694668,4,POINT (-68.034796 46.694668)
1328,161493,68,4,64,2,0,2,1,0,1,1,0,1,62,4,58,0,0,0,Empire Beauty School-Maine,Portland,ME,-70.258154,43.667885,2,POINT (-70.258154 43.667885)
1329,161509,112,31,81,1,1,0,1,0,1,5,1,4,81,23,58,0,0,0,Maine College of Art & Design,Portland,ME,-70.261015,43.655743,24,POINT (-70.261015 43.655743)
1330,161518,538,189,349,8,4,4,5,3,2,18,8,10,350,132,218,0,0,0,Saint Joseph's College of Maine,Standish,ME,-70.483373,43.826314,157,POINT (-70.483373 43.826314)
1331,161527,219,24,195,7,1,6,6,1,5,7,3,4,195,18,177,0,0,0,Spa Tech Institute-Westbrook,Westbrook,ME,-70.335331,43.67659,4,POINT (-70.335331 43.67659)
1332,161545,775,330,445,16,9,7,52,23,29,27,8,19,621,265,356,5,2,3,Southern Maine Community College,South Portland,ME,-70.229182,43.646649,54,POINT (-70.229182 43.646649)
1333,161554,1831,569,1262,36,10,26,97,34,63,39,16,23,1523,464,1059,18,10,8,University of Southern Maine,Portland,ME,-70.274247,43.662863,118,POINT (-70.274247 43.662863)
1334,161563,223,102,121,1,1,0,11,8,3,3,1,2,192,84,108,6,3,3,Thomas College,Waterville,ME,-69.664734,44.524909,10,POINT (-69.664734 44.524909)
1335,161572,197,82,115,4,2,2,4,3,1,1,0,1,177,75,102,0,0,0,Unity College,New Gloucester,ME,-69.332276,44.603165,11,POINT (-69.332276 44.603165)
1336,161581,79,45,34,1,1,0,2,2,0,1,0,1,67,39,28,2,0,2,Washington County Community College,Calais,ME,-67.243306,45.165537,6,POINT (-67.243306 45.165537)
1337,161688,534,129,405,4,1,3,30,11,19,13,3,10,461,110,351,4,0,4,Allegany College of Maryland,Cumberland,MD,-78.730398,39.652152,22,POINT (-78.730398 39.652152)
1338,161767,2022,742,1280,100,38,62,304,111,193,161,51,110,1177,432,745,37,14,23,Anne Arundel Community College,Arnold,MD,-76.512223,39.049813,243,POINT (-76.512223 39.049813)
1339,161800,40,17,23,0,0,0,25,11,14,3,2,1,12,4,8,0,0,0,Award Beauty School,Hagerstown,MD,-77.720283,39.640443,0,POINT (-77.720283 39.640443)
1340,161855,26,1,25,0,0,0,26,1,25,0,0,0,0,0,0,0,0,0,Baltimore Studio of Hair Design,Baltimore,MD,-76.620008,39.293371,0,POINT (-76.620008 39.293371)
1341,161864,520,172,348,3,1,2,308,80,228,15,4,11,29,14,15,141,63,78,Baltimore City Community College,Baltimore,MD,-76.662878,39.319978,24,POINT (-76.662878 39.319978)
1342,161873,1167,468,699,76,29,47,431,140,291,77,33,44,449,200,249,36,16,20,University of Baltimore,Baltimore,MD,-76.616591,39.305834,98,POINT (-76.616591 39.305834)
1343,162007,1175,391,784,20,7,13,897,292,605,57,10,47,43,13,30,89,52,37,Bowie State University,Bowie,MD,-76.759721,39.018185,69,POINT (-76.759721 39.018185)
1344,162061,177,137,40,13,11,2,53,36,17,16,10,6,75,65,10,1,1,0,Capitol Technology University,Laurel,MD,-76.850231,39.046673,19,POINT (-76.850231 39.046673)
1345,162104,277,96,181,0,0,0,12,3,9,20,10,10,222,76,146,0,0,0,Cecil College,North East,MD,-75.955949,39.642225,23,POINT (-75.955949 39.642225)
1346,162122,1121,382,739,47,20,27,215,70,145,79,25,54,664,230,434,10,3,7,College of Southern Maryland,La Plata,MD,-77.009245,38.55895,106,POINT (-77.009245 38.55895)
1347,162168,296,84,212,3,1,2,32,5,27,17,3,14,223,66,157,4,2,2,Chesapeake College,Wye Mills,MD,-76.083668,38.952193,17,POINT (-76.083668 38.952193)
1348,162210,261,72,189,10,1,9,123,23,100,31,9,22,18,7,11,41,16,25,Washington Adventist University,Takoma Park,MD,-77.000608,38.986349,38,POINT (-77.000608 38.986349)
1349,162283,396,80,316,2,0,2,306,47,259,7,3,4,9,5,4,53,16,37,Coppin State University,Baltimore,MD,-76.658687,39.311258,19,POINT (-76.658687 39.311258)
1350,162335,16,1,15,0,0,0,9,0,9,2,1,1,5,0,5,0,0,0,Delmarva Beauty Academy,Salisbury,MD,-75.601701,38.339006,0,POINT (-75.601701 38.339006)
1351,162371,458,423,35,6,5,1,316,293,23,7,6,1,127,118,9,0,0,0,North American Trade Schools,Baltimore,MD,-76.749455,39.309556,2,POINT (-76.749455 39.309556)
1352,162557,957,393,564,39,17,22,132,50,82,136,41,95,590,261,329,17,5,12,Frederick Community College,Frederick,MD,-77.417849,39.452241,43,POINT (-77.417849 39.452241)
1353,162584,1280,510,770,32,10,22,245,105,140,46,19,27,711,293,418,176,58,118,Frostburg State University,Frostburg,MD,-78.934293,39.650918,70,POINT (-78.934293 39.650918)
1354,162609,110,58,52,0,0,0,3,1,2,3,2,1,100,52,48,1,1,0,Garrett College,McHenry,MD,-79.342923,39.560493,3,POINT (-79.342923 39.560493)
1355,162654,523,125,398,16,3,13,65,15,50,28,8,20,253,59,194,5,3,2,Goucher College,Baltimore,MD,-76.594843,39.410175,156,POINT (-76.594843 39.410175)
1356,162690,747,236,511,23,8,15,80,32,48,49,7,42,530,160,370,10,8,2,Hagerstown Community College,Hagerstown,MD,-77.667379,39.631009,55,POINT (-77.667379 39.631009)
1357,162706,871,317,554,31,16,15,102,32,70,47,17,30,640,237,403,15,3,12,Harford Community College,Bel Air,MD,-76.282845,39.56131,36,POINT (-76.282845 39.56131)
1358,162760,549,212,337,19,7,12,57,19,38,39,12,27,338,132,206,55,32,23,Hood College,Frederick,MD,-77.419049,39.420631,41,POINT (-77.419049 39.420631)
1359,162779,1275,503,772,162,69,93,337,103,234,122,53,69,456,202,254,89,32,57,Howard Community College,Columbia,MD,-76.877964,39.213636,109,POINT (-76.877964 39.213636)
1360,162830,145,2,143,6,0,6,55,0,55,11,0,11,68,1,67,0,0,0,Aveda Institute-Maryland,Bel Air,MD,-76.349927,39.531933,5,POINT (-76.349927 39.531933)
1361,162928,9479,4187,5292,1211,534,677,697,211,486,723,334,389,3635,1688,1947,2556,1113,1443,Johns Hopkins University,Baltimore,MD,-76.621595,39.328977,657,POINT (-76.621595 39.328977)
1362,163028,386,355,31,17,17,0,181,166,15,77,75,2,78,70,8,0,0,0,Lincoln College of Technology-Columbia,Columbia,MD,-76.836463,39.174673,33,POINT (-76.836463 39.174673)
1363,163046,1573,522,1051,63,15,48,129,43,86,127,43,84,1184,403,781,25,7,18,Loyola University Maryland,Baltimore,MD,-76.621872,39.346358,45,POINT (-76.621872 39.346358)
1364,163204,14796,7667,7129,865,481,384,4159,1921,2238,1833,986,847,5513,3144,2369,213,91,122,University of Maryland Global Campus,Adelphi,MD,-76.847584,38.912706,2213,POINT (-76.847584 38.912706)
1365,163259,2464,616,1848,349,100,249,414,84,330,190,44,146,1263,317,946,98,31,67,"University of Maryland, Baltimore",Baltimore,MD,-76.623983,39.286864,150,POINT (-76.623983 39.286864)
1366,163268,3480,1775,1705,653,324,329,585,261,324,281,121,160,1319,731,588,409,222,187,University of Maryland-Baltimore County,Baltimore,MD,-76.711607,39.256686,233,POINT (-76.711607 39.256686)
1367,163286,10965,5537,5428,1656,820,836,1230,497,733,931,435,496,4858,2549,2309,1493,847,646,University of Maryland-College Park,College Park,MD,-76.944721,38.988178,797,POINT (-76.944721 38.988178)
1368,163295,606,177,429,50,15,35,79,36,43,62,10,52,216,66,150,160,41,119,Maryland Institute College of Art,Baltimore,MD,-76.621033,39.308792,39,POINT (-76.621033 39.308792)
1369,163338,506,209,297,10,6,4,303,109,194,36,18,18,66,35,31,28,14,14,University of Maryland Eastern Shore,Princess Anne,MD,-75.686852,38.207386,63,POINT (-75.686852 38.207386)
1370,163347,275,8,267,3,0,3,203,6,197,14,1,13,36,1,35,0,0,0,Fortis Institute-Towson,Towson,MD,-76.604593,39.403271,19,POINT (-76.604593 39.403271)
1371,163408,43,8,35,0,0,0,21,7,14,22,1,21,0,0,0,0,0,0,Montgomery Beauty School,Silver Spring,MD,-77.001966,38.999622,0,POINT (-77.001966 38.999622)
1372,163426,2999,1183,1816,442,192,250,729,245,484,729,279,450,657,291,366,323,129,194,Montgomery College,Rockville,MD,-77.15929,39.098656,119,POINT (-77.15929 39.098656)
1373,163453,1473,599,874,22,11,11,1133,407,726,48,17,31,39,23,16,181,123,58,Morgan State University,Baltimore,MD,-76.585565,39.344161,50,POINT (-76.585565 39.344161)
1374,163462,564,274,290,13,9,4,79,32,47,59,29,30,369,178,191,11,8,3,Mount St. Mary's University,Emmitsburg,MD,-77.351887,39.681705,33,POINT (-77.351887 39.681705)
1375,163532,91,91,0,0,0,0,0,0,0,0,0,0,88,88,0,3,3,0,Ner Israel Rabbinical College,Baltimore,MD,-76.753526,39.388021,0,POINT (-76.753526 39.388021)
1376,163541,105,35,70,0,0,0,101,34,67,2,0,2,2,1,1,0,0,0,Hair Academy,New Carrollton,MD,-76.869467,38.956205,0,POINT (-76.869467 38.956205)
1377,163578,591,80,511,33,3,30,124,13,111,50,7,43,326,50,276,3,1,2,Notre Dame of Maryland University,Baltimore,MD,-76.619739,39.350612,55,POINT (-76.619739 39.350612)
1378,163657,1267,404,863,101,43,58,841,257,584,179,48,131,55,24,31,49,17,32,Prince George's Community College,Largo,MD,-76.824623,38.888689,42,POINT (-76.824623 38.888689)
1379,163815,27,1,26,0,0,0,9,0,9,2,0,2,14,1,13,0,0,0,Maryland Beauty Academy of Essex,Baltimore,MD,-76.509213,39.29844,2,POINT (-76.509213 39.29844)
1380,163851,2163,856,1307,56,21,35,295,100,195,62,24,38,1554,619,935,41,23,18,Salisbury University,Salisbury,MD,-75.604815,38.34648,155,POINT (-75.604815 38.34648)
1381,163912,351,137,214,15,7,8,26,7,19,21,10,11,254,100,154,2,1,1,St. Mary's College of Maryland,St. Mary's City,MD,-76.429097,38.190904,33,POINT (-76.429097 38.190904)
1382,163976,101,52,49,3,1,2,3,0,3,5,2,3,58,32,26,21,8,13,St. John's College,Annapolis,MD,-76.491359,38.981598,11,POINT (-76.491359 38.981598)
1383,164076,5704,2057,3647,390,168,222,1147,372,775,420,156,264,3187,1172,2015,142,66,76,Towson University,Towson,MD,-76.611164,39.393622,418,POINT (-76.611164 39.393622)
1384,164085,302,14,288,13,2,11,47,1,46,5,0,5,200,8,192,12,1,11,Maryland University of Integrative Health,Laurel,MD,-76.888025,39.165872,25,POINT (-76.888025 39.165872)
1385,164155,1099,788,311,81,46,35,63,47,16,124,88,36,683,498,185,13,12,1,United States Naval Academy,Annapolis,MD,-76.481692,38.980507,135,POINT (-76.481692 38.980507)
1386,164173,1022,309,713,32,8,24,252,78,174,59,19,40,604,176,428,5,3,2,Stevenson University,Stevenson,MD,-76.702092,39.421988,70,POINT (-76.702092 39.421988)
1387,164216,297,104,193,12,2,10,36,8,28,20,9,11,201,75,126,13,7,6,Washington College,Chestertown,MD,-76.06878,39.217329,15,POINT (-76.06878 39.217329)
1388,164270,845,268,577,22,6,16,115,43,72,45,13,32,559,175,384,0,0,0,McDaniel College,Westminster,MD,-77.001992,39.584231,104,POINT (-77.001992 39.584231)
1389,164313,497,175,322,9,4,5,112,34,78,26,8,18,325,120,205,3,1,2,Wor-Wic Community College,Salisbury,MD,-75.499659,38.373723,22,POINT (-75.499659 38.373723)
1390,164368,1339,754,585,14,4,10,19,8,11,34,10,24,22,12,10,1202,698,504,Hult International Business School,Cambridge,MA,-71.070645,42.369968,48,POINT (-71.070645 42.369968)
1391,164447,927,265,662,19,3,16,91,39,52,93,20,73,621,156,465,19,12,7,American International College,Springfield,MA,-72.558338,42.112346,84,POINT (-72.558338 42.112346)
1392,164465,395,198,197,55,25,30,40,13,27,50,23,27,178,95,83,40,25,15,Amherst College,Amherst,MA,-72.518493,42.372459,32,POINT (-72.518493 42.372459)
1393,164492,444,265,179,7,2,5,34,17,17,32,11,21,296,180,116,2,0,2,Anna Maria College,Paxton,MA,-71.91896,42.330542,73,POINT (-71.91896 42.330542)
1394,164535,31,9,22,0,0,0,16,5,11,2,1,1,13,3,10,0,0,0,Assabet Valley Regional Technical School,Marlborough,MA,-71.567281,42.36775,0,POINT (-71.567281 42.36775)
1395,164562,611,236,375,14,8,6,29,19,10,48,12,36,473,181,292,8,2,6,Assumption University,Worcester,MA,-71.828991,42.294226,39,POINT (-71.828991 42.294226)
1396,164580,1070,569,501,93,34,59,43,26,17,117,63,54,438,242,196,296,153,143,Babson College,Wellesley,MA,-71.264057,42.297017,83,POINT (-71.264057 42.297017)
1397,164599,42,8,34,2,0,2,3,1,2,1,1,0,35,5,30,0,0,0,Bancroft School of Massage Therapy,Worcester,MA,-71.778113,42.268973,1,POINT (-71.778113 42.268973)
1398,164614,6,3,3,0,0,0,0,0,0,0,0,0,6,3,3,0,0,0,Boston Baptist College,Boston,MA,-71.1103,42.254037,0,POINT (-71.1103 42.254037)
1399,164632,1214,74,1140,36,10,26,124,10,114,163,4,159,765,39,726,13,2,11,Bay Path University,Longmeadow,MA,-72.583382,42.055088,113,POINT (-72.583382 42.055088)
1400,164641,157,53,104,9,7,2,33,9,24,18,7,11,76,19,57,0,0,0,Bay State College,Boston,MA,-71.071615,42.350966,21,POINT (-71.071615 42.350966)
1401,164739,1453,787,666,115,58,57,42,23,19,77,37,40,811,471,340,305,146,159,Bentley University,Waltham,MA,-71.222839,42.385995,103,POINT (-71.222839 42.385995)
1402,164748,1565,905,660,65,28,37,106,62,44,159,88,71,651,398,253,473,258,215,Berklee College of Music,Boston,MA,-71.089405,42.346646,111,POINT (-71.089405 42.346646)
1403,164775,240,69,171,6,2,4,28,9,19,18,3,15,169,50,119,0,0,0,Berkshire Community College,Pittsfield,MA,-73.314704,42.45975,19,POINT (-73.314704 42.45975)
1404,164845,55,3,52,0,0,0,24,1,23,4,0,4,16,2,14,0,0,0,Empire Beauty School-Boston,Boston,MA,-71.062722,42.354683,11,POINT (-71.062722 42.354683)
1405,164872,198,79,119,11,1,10,6,3,3,25,17,8,84,28,56,53,22,31,Boston Architectural College,Boston,MA,-71.085786,42.348467,19,POINT (-71.085786 42.348467)
1406,164915,33,9,24,3,0,3,3,2,1,4,1,3,12,3,9,3,0,3,Boston Graduate School of Psychoanalysis Inc,Brookline,MA,-71.133151,42.33912,8,POINT (-71.133151 42.33912)
1407,164924,4197,1833,2364,355,171,184,158,73,85,381,137,244,2400,1070,1330,514,218,296,Boston College,Chestnut Hill,MA,-71.169242,42.336213,389,POINT (-71.169242 42.336213)
1408,164988,10867,4376,6491,1283,485,798,470,156,314,891,325,566,4207,1561,2646,3107,1473,1634,Boston University,Boston,MA,-71.107942,42.351118,909,POINT (-71.107942 42.351118)
1409,165015,1737,713,1024,174,55,119,84,33,51,101,40,61,712,297,415,552,242,310,Brandeis University,Waltham,MA,-71.260155,42.365727,114,POINT (-71.260155 42.365727)
1410,165024,2469,857,1612,54,26,28,233,73,160,170,59,111,1854,635,1219,30,17,13,Bridgewater State University,Bridgewater,MA,-70.974553,41.98749,128,POINT (-70.974553 41.98749)
1411,165033,1173,373,800,34,11,23,105,32,73,89,21,68,856,279,577,0,0,0,Bristol Community College,Fall River,MA,-71.119133,41.721994,89,POINT (-71.119133 41.721994)
1412,165060,110,10,100,1,0,1,13,1,12,4,0,4,90,9,81,0,0,0,Signature Healthcare Brockton Hospital School of Nursing,Brockton,MA,-70.992764,42.088032,2,POINT (-70.992764 42.088032)
1413,165112,1452,553,899,178,76,102,315,125,190,356,109,247,319,142,177,145,51,94,Bunker Hill Community College,Boston,MA,-71.069263,42.374806,139,POINT (-71.069263 42.374806)
1414,165167,964,233,731,154,40,114,136,33,103,301,60,241,256,69,187,66,16,50,Cambridge College,Boston,MA,-71.072646,42.381091,51,POINT (-71.072646 42.381091)
1415,165194,446,123,323,10,5,5,37,11,26,36,6,30,334,91,243,0,0,0,Cape Cod Community College,West Barnstable,MA,-70.337334,41.691911,29,POINT (-70.337334 41.691911)
1416,165255,231,2,229,8,0,8,7,0,7,41,0,41,161,2,159,0,0,0,Catherine Hinds Institute of Esthetics,Woburn,MA,-71.13715,42.493212,14,POINT (-71.13715 42.493212)
1417,165264,423,43,380,23,2,21,123,12,111,54,2,52,199,25,174,0,0,0,Laboure College,Milton,MA,-71.058279,42.260866,24,POINT (-71.058279 42.260866)
1418,165334,1264,546,718,46,15,31,32,13,19,71,24,47,542,218,324,517,261,256,Clark University,Worcester,MA,-71.823356,42.249987,56,POINT (-71.823356 42.249987)
1419,165529,703,258,445,9,3,6,99,29,70,32,12,20,472,174,298,10,6,4,Curry College,Milton,MA,-71.116539,42.238061,81,POINT (-71.116539 42.238061)
1420,165556,305,23,282,4,1,3,55,11,44,138,2,136,40,5,35,0,0,0,Lincoln Technical Institute-Somerville,Somerville,MA,-71.082082,42.390826,68,POINT (-71.082082 42.390826)
1421,165574,292,133,159,4,1,3,20,7,13,20,10,10,186,84,102,22,9,13,Dean College,Franklin,MA,-71.397813,42.085634,40,POINT (-71.397813 42.085634)
1422,165608,40,2,38,2,0,2,1,0,1,11,2,9,25,0,25,0,0,0,Diman Regional Technical Institute,Fall River,MA,-71.155011,41.718422,1,POINT (-71.155011 41.718422)
1423,165635,176,167,9,9,9,0,43,40,3,24,23,1,82,79,3,1,1,0,National Aviation Academy of New England,Concord,MA,-71.387244,42.462164,17,POINT (-71.387244 42.462164)
1424,165644,191,69,122,5,2,3,27,11,16,29,11,18,100,33,67,12,8,4,Eastern Nazarene College,Quincy,MA,-71.011079,42.271228,18,POINT (-71.011079 42.271228)
1425,165662,1453,488,965,63,19,44,56,14,42,192,63,129,883,320,563,153,48,105,Emerson College,Boston,MA,-71.065384,42.352202,106,POINT (-71.065384 42.352202)
1426,165671,466,122,344,27,11,16,28,5,23,43,9,34,323,88,235,5,2,3,Emmanuel College,Boston,MA,-71.103634,42.340602,40,POINT (-71.103634 42.340602)
1427,165699,1339,428,911,33,7,26,32,13,19,50,12,38,1083,337,746,29,21,8,Endicott College,Beverly,MA,-70.840847,42.553296,112,POINT (-70.840847 42.553296)
1428,165750,29,18,11,0,0,0,6,4,2,4,3,1,19,11,8,0,0,0,Rob Roy Academy-Fall River,Fall River,MA,-71.157664,41.698905,0,POINT (-71.157664 41.698905)
1429,165802,337,121,216,3,1,2,33,11,22,32,13,19,92,22,70,38,25,13,Fisher College,Boston,MA,-71.074125,42.355253,139,POINT (-71.074125 42.355253)
1430,165820,1781,659,1122,55,28,27,138,59,79,171,71,100,1287,447,840,57,25,32,Fitchburg State University,Fitchburg,MA,-71.789666,42.588298,73,POINT (-71.789666 42.588298)
1431,165866,1239,406,833,81,24,57,107,45,62,188,45,143,787,266,521,14,2,12,Framingham State University,Framingham,MA,-71.437565,42.297116,62,POINT (-71.437565 42.297116)
1432,165884,203,181,22,14,10,4,70,62,8,37,33,4,47,43,4,6,6,0,Benjamin Franklin Institute of Technology,Boston,MA,-71.070231,42.346023,29,POINT (-71.070231 42.346023)
1433,165936,490,157,333,19,7,12,18,10,8,33,9,24,368,110,258,42,17,25,Gordon College,Wenham,MA,-70.82151,42.590567,10,POINT (-70.82151 42.590567)
1434,165945,353,225,128,42,27,15,38,19,19,58,39,19,123,84,39,38,24,14,Gordon-Conwell Theological Seminary,South Hamilton,MA,-70.846387,42.613475,54,POINT (-70.846387 42.613475)
1435,165981,276,96,180,12,5,7,10,2,8,16,6,10,224,76,148,0,0,0,Greenfield Community College,Greenfield,MA,-72.630977,42.599512,14,POINT (-72.630977 42.599512)
1436,166018,226,88,138,4,0,4,21,10,11,33,12,21,127,47,80,12,7,5,Hampshire College,Amherst,MA,-72.531469,42.325852,29,POINT (-72.531469 42.325852)
1437,166027,8866,4238,4628,1323,602,721,582,255,327,836,415,421,3509,1723,1786,1856,891,965,Harvard University,Cambridge,MA,-71.118313,42.374471,760,POINT (-71.118313 42.374471)
1438,166045,30,9,21,0,0,0,0,0,0,2,1,1,28,8,20,0,0,0,Hebrew College,Newton Centre,MA,-71.189226,42.325677,0,POINT (-71.189226 42.325677)
1439,166054,29,24,5,0,0,0,0,0,0,2,1,1,24,20,4,0,0,0,Hellenic College-Holy Cross Greek Orthodox School of Theology,Brookline,MA,-71.129418,42.317018,3,POINT (-71.129418 42.317018)
1440,166124,730,342,388,25,10,15,26,9,17,78,34,44,542,261,281,22,10,12,College of the Holy Cross,Worcester,MA,-71.808214,42.23752,37,POINT (-71.808214 42.23752)
1441,166133,781,256,525,29,11,18,40,10,30,148,44,104,513,173,340,6,1,5,Holyoke Community College,Holyoke,MA,-72.651252,42.194781,45,POINT (-72.651252 42.194781)
1442,166391,600,250,350,9,3,6,51,27,24,51,23,28,351,134,217,41,21,20,Lasell University,Newton,MA,-71.24347,42.342148,97,POINT (-71.24347 42.342148)
1443,166407,113,9,104,5,0,5,16,1,15,24,2,22,62,6,56,0,0,0,Lawrence Memorial Hospital School of Nursing,Medford,MA,-71.110958,42.42581,6,POINT (-71.110958 42.42581)
1444,166452,1207,216,991,55,10,45,90,18,72,139,27,112,738,126,612,61,13,48,Lesley University,Cambridge,MA,-71.117303,42.38012,124,POINT (-71.117303 42.38012)
1445,166489,90,29,61,0,0,0,2,0,2,1,1,0,17,7,10,68,21,47,Longy School of Music of Bard College,Cambridge,MA,-71.123479,42.378657,2,POINT (-71.123479 42.378657)
1446,166498,25,2,23,5,1,4,1,0,1,4,1,3,13,0,13,0,0,0,Lowell Academy Hairstyling Institute,Lowell,MA,-71.308309,42.643609,2,POINT (-71.308309 42.643609)
1447,166513,4802,2793,2009,482,273,209,291,142,149,495,248,247,2813,1695,1118,339,207,132,University of Massachusetts-Lowell,Lowell,MA,-71.326809,42.652864,382,POINT (-71.326809 42.652864)
1448,166629,8107,3964,4143,747,384,363,373,155,218,531,222,309,4827,2336,2491,847,515,332,University of Massachusetts-Amherst,Amherst,MA,-72.526728,42.385999,782,POINT (-72.526728 42.385999)
1449,166638,3732,1441,2291,430,181,249,587,206,381,490,154,336,1587,616,971,394,204,190,University of Massachusetts-Boston,Boston,MA,-71.036865,42.312881,244,POINT (-71.036865 42.312881)
1450,166647,562,262,300,31,11,20,88,37,51,108,41,67,293,159,134,19,5,14,Massachusetts Bay Community College,Wellesley Hills,MA,-71.263821,42.312292,23,POINT (-71.263821 42.312292)
1451,166656,2487,696,1791,492,166,326,201,68,133,158,32,126,1049,246,803,315,120,195,MCPHS University,Boston,MA,-71.101244,42.336825,272,POINT (-71.101244 42.336825)
1452,166674,485,138,347,41,12,29,20,10,10,48,20,28,298,77,221,34,8,26,Massachusetts College of Art and Design,Boston,MA,-71.099275,42.336862,44,POINT (-71.099275 42.336862)
1453,166683,3272,1985,1287,578,260,318,113,72,41,268,174,94,993,620,373,1068,709,359,Massachusetts Institute of Technology,Cambridge,MA,-71.093226,42.359243,252,POINT (-71.093226 42.359243)
1454,166692,416,352,64,8,6,2,7,5,2,12,10,2,360,307,53,8,7,1,Massachusetts Maritime Academy,Buzzards Bay,MA,-70.624084,41.739072,21,POINT (-70.624084 41.739072)
1455,166708,273,100,173,49,18,31,12,3,9,13,2,11,177,69,108,8,3,5,University of Massachusetts Medical School Worcester,Worcester,MA,-71.762144,42.278002,14,POINT (-71.762144 42.278002)
1456,166717,264,53,211,12,1,11,29,6,23,29,4,25,161,32,129,0,0,0,William James College,Newton,MA,-71.203256,42.294995,33,POINT (-71.203256 42.294995)
1457,166805,46,30,16,0,0,0,4,1,3,6,5,1,33,21,12,0,0,0,Massachusetts School of Barbering,Quincy,MA,-71.001891,42.247457,3,POINT (-71.001891 42.247457)
1458,166823,804,317,487,10,5,5,188,68,120,73,21,52,473,193,280,0,0,0,Massasoit Community College,Brockton,MA,-70.989799,42.07507,60,POINT (-70.989799 42.07507)
1459,166850,1460,565,895,33,17,16,65,45,20,100,38,62,1143,408,735,35,21,14,Merrimack College,North Andover,MA,-71.124216,42.668344,84,POINT (-71.124216 42.668344)
1460,166869,570,100,470,83,27,56,28,9,19,51,9,42,351,46,305,0,0,0,MGH Institute of Health Professions,Boston,MA,-71.054002,42.375018,57,POINT (-71.054002 42.375018)
1461,166887,1005,379,626,132,52,80,67,24,43,165,49,116,592,231,361,22,9,13,Middlesex Community College,Bedford,MA,-71.274931,42.524328,27,POINT (-71.274931 42.524328)
1462,166911,52,17,35,1,0,1,1,1,0,9,4,5,34,10,24,0,0,0,Montserrat College of Art,Beverly,MA,-70.876131,42.550212,7,POINT (-70.876131 42.550212)
1463,166939,551,8,543,41,0,41,26,0,26,44,1,43,255,6,249,139,0,139,Mount Holyoke College,South Hadley,MA,-72.575511,42.256838,46,POINT (-72.575511 42.256838)
1464,166957,573,209,364,12,7,5,35,12,23,76,21,55,421,158,263,3,2,1,Mount Wachusett Community College,Gardner,MA,-71.984148,42.593142,26,POINT (-71.984148 42.593142)
1465,167039,5,0,5,0,0,0,1,0,1,0,0,0,4,0,4,0,0,0,Rob Roy Academy-New Bedford,New Bedford,MA,-70.925187,41.671921,0,POINT (-70.925187 41.671921)
1466,167057,240,115,125,25,11,14,8,5,3,6,4,2,68,42,26,119,45,74,The New England Conservatory of Music,Boston,MA,-71.08629,42.340946,14,POINT (-71.08629 42.340946)
1467,167093,138,34,104,29,8,21,1,0,1,6,1,5,53,13,40,42,10,32,New England College of Optometry,Boston,MA,-71.086829,42.351853,7,POINT (-71.086829 42.351853)
1468,167215,154,55,99,8,1,7,10,4,6,14,4,10,110,41,69,2,1,1,New England Law-Boston,Boston,MA,-71.0665,42.350833,10,POINT (-71.0665 42.350833)
1469,167260,466,258,208,7,4,3,25,14,11,30,13,17,374,207,167,7,5,2,Nichols College,Dudley,MA,-71.930283,42.044033,23,POINT (-71.930283 42.044033)
1470,167288,292,92,200,7,2,5,19,10,9,26,11,15,226,66,160,0,0,0,Massachusetts College of Liberal Arts,North Adams,MA,-73.102817,42.691361,14,POINT (-73.102817 42.691361)
1471,167297,98,72,26,4,2,2,0,0,0,2,0,2,85,65,20,1,1,0,North Bennet Street School,Boston,MA,-71.05452,42.36279,6,POINT (-71.05452 42.36279)
1472,167312,841,273,568,37,15,22,67,19,48,178,47,131,495,169,326,3,1,2,North Shore Community College,Danvers,MA,-70.968044,42.590103,61,POINT (-70.968044 42.590103)
1473,167358,7893,4111,3782,843,357,486,211,73,138,412,174,238,2814,1359,1455,3092,1896,1196,Northeastern University,Boston,MA,-71.088782,42.339992,521,POINT (-71.088782 42.339992)
1474,167376,651,223,428,22,7,15,21,8,13,243,52,191,342,149,193,5,2,3,Northern Essex Community College,Haverhill,MA,-71.04904,42.796634,18,POINT (-71.04904 42.796634)
1475,167394,442,109,333,18,9,9,46,18,28,44,11,33,203,43,160,7,1,6,College of Our Lady of the Elms,Chicopee,MA,-72.60154,42.141781,124,POINT (-72.60154 42.141781)
1476,167455,73,29,44,0,0,0,19,10,9,15,5,10,18,10,8,3,0,3,Pine Manor College,Chestnut Hill,MA,-71.156464,42.320827,18,POINT (-71.156464 42.320827)
1477,167464,17,17,0,0,0,0,2,2,0,2,2,0,13,13,0,0,0,0,Pope St John XXIII National Seminary,Weston,MA,-71.311059,42.339408,0,POINT (-71.311059 42.339408)
1478,167525,498,147,351,47,16,31,84,17,67,45,15,30,246,73,173,21,9,12,Quincy College,Quincy,MA,-71.003476,42.252416,55,POINT (-71.003476 42.252416)
1479,167534,1317,519,798,77,39,38,151,60,91,234,66,168,745,306,439,14,3,11,Quinsigamond Community College,Worcester,MA,-71.79503,42.31379,96,POINT (-71.79503 42.31379)
1480,167598,1197,175,1022,32,3,29,111,17,94,89,18,71,391,58,333,9,1,8,Regis College,Weston,MA,-71.310561,42.351291,565,POINT (-71.310561 42.351291)
1481,167631,154,35,119,0,0,0,103,23,80,28,5,23,11,3,8,1,1,0,Roxbury Community College,Roxbury Crossing,MA,-71.09549,42.329249,11,POINT (-71.09549 42.329249)
1482,167677,32,31,1,2,2,0,0,0,0,1,1,0,19,18,1,10,10,0,Saint John's Seminary,Brighton,MA,-71.161998,42.344146,0,POINT (-71.161998 42.344146)
1483,167729,1907,589,1318,54,15,39,141,48,93,283,79,204,1263,387,876,64,19,45,Salem State University,Salem,MA,-70.890234,42.503575,102,POINT (-70.890234 42.503575)
1484,167783,2325,210,2115,154,13,141,199,19,180,192,17,175,1459,130,1329,43,0,43,Simmons University,Boston,MA,-71.099967,42.3393,278,POINT (-71.099967 42.3393)
1485,167792,119,44,75,7,3,4,9,4,5,9,2,7,58,19,39,14,7,7,Bard College at Simon's Rock,Great Barrington,MA,-73.379201,42.208803,22,POINT (-73.379201 42.208803)
1486,167835,768,24,744,62,0,62,65,1,64,71,2,69,399,16,383,98,3,95,Smith College,Northampton,MA,-72.638097,42.318111,73,POINT (-72.638097 42.318111)
1487,167871,102,35,67,3,0,3,15,7,8,11,3,8,68,23,45,0,0,0,Southeastern Technical Institute,South Easton,MA,-71.081227,42.010312,5,POINT (-71.081227 42.010312)
1488,167899,891,346,545,22,3,19,68,24,44,79,25,54,614,239,375,40,21,19,Springfield College,Springfield,MA,-72.556647,42.1022,68,POINT (-72.556647 42.1022)
1489,167905,941,372,569,50,25,25,105,43,62,237,70,167,418,185,233,11,4,7,Springfield Technical Community College,Springfield,MA,-72.578514,42.108827,120,POINT (-72.578514 42.108827)
1490,167987,1909,919,990,66,34,32,186,79,107,156,78,78,1224,581,643,143,81,62,University of Massachusetts-Dartmouth,North Dartmouth,MA,-71.004552,41.62869,134,POINT (-71.004552 41.62869)
1491,167996,599,234,365,8,3,5,15,10,5,25,8,17,518,199,319,3,2,1,Stonehill College,Easton,MA,-71.080632,42.05905,30,POINT (-71.080632 42.05905)
1492,168005,2022,866,1156,140,60,80,117,45,72,200,79,121,1036,419,617,416,218,198,Suffolk University,Boston,MA,-71.060917,42.357945,113,POINT (-71.060917 42.357945)
1493,168032,23,2,21,2,0,2,3,1,2,2,1,1,16,0,16,0,0,0,Rob Roy Academy-Taunton,Taunton,MA,-71.091966,41.901945,0,POINT (-71.091966 41.901945)
1494,168148,3586,1552,2034,492,209,283,158,54,104,258,90,168,1856,803,1053,540,258,282,Tufts University,Medford,MA,-71.118293,42.40855,282,POINT (-71.118293 42.40855)
1495,168218,579,0,579,137,0,137,36,0,36,68,0,68,219,0,219,74,0,74,Wellesley College,Wellesley,MA,-71.306605,42.291554,45,POINT (-71.306605 42.291554)
1496,168227,1024,786,238,70,51,19,36,25,11,77,61,16,697,542,155,69,48,21,Wentworth Institute of Technology,Boston,MA,-71.094983,42.336632,75,POINT (-71.094983 42.336632)
1497,168254,964,519,445,37,16,21,44,19,25,73,38,35,700,393,307,26,15,11,Western New England University,Springfield,MA,-72.520466,42.115017,84,POINT (-72.520466 42.115017)
1498,168263,1265,479,786,22,9,13,67,25,42,135,43,92,942,359,583,5,5,0,Westfield State University,Westfield,MA,-72.796503,42.132698,94,POINT (-72.796503 42.132698)
1499,168281,385,151,234,27,6,21,16,8,8,37,14,23,251,96,155,29,15,14,Wheaton College (Massachusetts),Norton,MA,-71.183979,41.966637,25,POINT (-71.183979 41.966637)
1500,168342,470,261,209,58,35,23,55,28,27,69,36,33,211,119,92,34,20,14,Williams College,Williamstown,MA,-73.203132,42.712725,43,POINT (-73.203132 42.712725)
1501,168421,1855,1164,691,102,57,45,43,25,18,137,71,66,1033,651,382,402,274,128,Worcester Polytechnic Institute,Worcester,MA,-71.808339,42.274853,138,POINT (-71.808339 42.274853)
1502,168430,1420,433,987,52,19,33,93,39,54,137,41,96,1035,297,738,16,6,10,Worcester State University,Worcester,MA,-71.844018,42.267526,87,POINT (-71.844018 42.267526)
1503,168528,392,178,214,1,1,0,24,18,6,18,11,7,271,107,164,24,13,11,Adrian College,Adrian,MI,-84.061481,41.898591,54,POINT (-84.061481 41.898591)
1504,168546,317,143,174,8,1,7,42,28,14,33,10,23,201,84,117,3,2,1,Albion College,Albion,MI,-84.745639,42.245049,30,POINT (-84.745639 42.245049)
1505,168555,9,0,9,0,0,0,0,0,0,0,0,0,9,0,9,0,0,0,Hillsdale Beauty College,Hillsdale,MI,-84.631429,41.918718,0,POINT (-84.631429 41.918718)
1506,168573,492,479,13,3,3,0,110,106,4,4,4,0,318,309,9,0,0,0,Northwestern Technological Institute,Southfield,MI,-83.238868,42.4721,57,POINT (-83.238868 42.4721)
1507,168591,298,109,189,5,1,4,5,3,2,16,9,7,243,84,159,5,3,2,Alma College,Alma,MI,-84.672053,43.38004,24,POINT (-84.672053 43.38004)
1508,168607,281,136,145,3,2,1,1,1,0,4,2,2,263,126,137,0,0,0,Alpena Community College,Alpena,MI,-83.445069,45.081647,10,POINT (-83.445069 45.081647)
1509,168740,836,442,394,125,79,46,205,108,97,146,77,69,229,116,113,58,34,24,Andrews University,Berrien Springs,MI,-86.355815,41.963859,73,POINT (-86.355815 41.963859)
1510,168786,338,117,221,6,1,5,9,3,6,32,13,19,234,77,157,9,6,3,Aquinas College,Grand Rapids,MI,-85.628785,42.96019,48,POINT (-85.628785 42.96019)
1511,168847,1894,570,1324,43,15,28,181,55,126,76,38,38,1460,424,1036,0,0,0,Baker College,Owosso,MI,-84.172404,42.984804,134,POINT (-84.172404 42.984804)
1512,168883,268,96,172,2,0,2,2,2,0,5,0,5,241,90,151,0,0,0,Bay de Noc Community College,Escanaba,MI,-87.085228,45.772586,18,POINT (-87.085228 45.772586)
1513,168892,29,1,28,0,0,0,1,0,1,1,0,1,23,1,22,0,0,0,Bayshire Academy of Beauty Craft Inc,Bay City,MI,-83.88895,43.599758,4,POINT (-83.88895 43.599758)
1514,169080,881,378,503,49,19,30,36,22,14,46,22,24,608,251,357,110,50,60,Calvin University,Grand Rapids,MI,-85.587548,42.929916,32,POINT (-85.587548 42.929916)
1515,169099,91,61,30,7,4,3,1,1,0,19,9,10,26,15,11,29,23,6,Calvin Theological Seminary,Grand Rapids,MI,-85.586439,42.927951,9,POINT (-85.586439 42.927951)
1516,169187,81,15,66,1,0,1,13,0,13,3,1,2,62,14,48,0,0,0,Carnegie Institute,Troy,MI,-83.118801,42.53889,2,POINT (-83.118801 42.53889)
1517,169220,72,16,56,1,0,1,12,1,11,2,0,2,54,14,40,0,0,0,Michigan School of Psychology,Farmington Hills,MI,-83.359575,42.491427,3,POINT (-83.359575 42.491427)
1518,169248,5194,2128,3066,102,44,58,574,204,370,235,95,140,3751,1520,2231,240,158,82,Central Michigan University,Mount Pleasant,MI,-84.77525,43.591203,292,POINT (-84.77525 43.591203)
1519,169275,956,366,590,7,1,6,105,44,61,62,22,40,729,273,456,4,2,2,Mott Community College,Flint,MI,-83.67243,43.019941,49,POINT (-83.67243 43.019941)
1520,169284,81,10,71,0,0,0,7,3,4,10,2,8,45,2,43,0,0,0,Empire Beauty School-Michigan,Grand Rapids,MI,-85.691067,43.028642,19,POINT (-85.691067 43.028642)
1521,169327,201,87,114,7,5,2,30,6,24,4,2,2,131,57,74,0,0,0,Cleary University,Howell,MI,-83.879987,42.586638,29,POINT (-83.879987 42.586638)
1522,169363,204,86,118,1,0,1,25,11,14,0,0,0,160,67,93,2,2,0,Concordia University Ann Arbor,Ann Arbor,MI,-83.68268,42.273157,16,POINT (-83.68268 42.273157)
1523,169424,65,26,39,2,1,1,4,2,2,3,2,1,41,14,27,11,7,4,Cranbrook Academy of Art,Bloomfield Hills,MI,-83.250681,42.568904,4,POINT (-83.250681 42.568904)
1524,169442,256,97,159,12,9,3,19,8,11,14,5,9,142,44,98,23,16,7,College for Creative Studies,Detroit,MI,-83.062352,42.361839,46,POINT (-83.062352 42.361839)
1525,169479,1556,639,917,54,24,30,182,57,125,68,31,37,1041,437,604,54,29,25,Davenport University,Grand Rapids,MI,-85.533519,42.850013,157,POINT (-85.533519 42.850013)
1526,169503,141,2,139,2,0,2,75,1,74,7,0,7,48,1,47,0,0,0,David Pressley School of Cosmetology,Royal Oak,MI,-83.146008,42.479729,9,POINT (-83.146008 42.479729)
1527,169521,1024,351,673,7,3,4,65,14,51,72,30,42,835,291,544,0,0,0,Delta College,University Center,MI,-83.985943,43.559491,45,POINT (-83.985943 43.559491)
1528,169576,44,4,40,2,0,2,31,3,28,0,0,0,7,1,6,0,0,0,Detroit Business Institute-Downriver,Riverview,MI,-83.191212,42.168682,4,POINT (-83.191212 42.168682)
1529,169655,619,572,47,17,16,1,73,66,7,152,141,11,245,227,18,0,0,0,MIAT College of Technology,Canton,MI,-83.445507,42.286324,132,POINT (-83.445507 42.286324)
1530,169716,1546,621,925,114,44,70,165,46,119,66,34,32,863,313,550,241,145,96,University of Detroit Mercy,Detroit,MI,-83.139158,42.414222,97,POINT (-83.139158 42.414222)
1531,169761,308,20,288,11,0,11,230,15,215,9,0,9,37,4,33,0,0,0,Dorsey College,Madison Heights,MI,-83.107631,42.525318,21,POINT (-83.107631 42.525318)
1532,169798,4198,1482,2716,168,59,109,594,185,409,249,79,170,2757,1006,1751,126,58,68,Eastern Michigan University,Ypsilanti,MI,-83.627443,42.251675,304,POINT (-83.627443 42.251675)
1533,169813,40,2,38,0,0,0,26,1,25,0,0,0,13,1,12,0,0,0,Creative Hair School of Cosmetology,Flint,MI,-83.757927,42.980416,1,POINT (-83.757927 42.980416)
1534,169910,3196,1502,1694,38,17,21,193,69,124,161,70,91,2553,1225,1328,47,33,14,Ferris State University,Big Rapids,MI,-85.481925,43.687724,204,POINT (-85.481925 43.687724)
1535,169974,220,77,143,1,0,1,6,2,4,34,10,24,166,62,104,1,0,1,Glen Oaks Community College,Centreville,MI,-85.496929,41.892504,12,POINT (-85.496929 41.892504)
1536,169983,609,460,149,30,24,6,21,9,12,33,25,8,427,319,108,46,40,6,Kettering University,Flint,MI,-83.71282,43.012468,52,POINT (-83.71282 43.012468)
1537,169992,156,64,92,0,0,0,1,1,0,3,1,2,144,58,86,0,0,0,Gogebic Community College,Ironwood,MI,-90.165592,46.471893,8,POINT (-90.165592 46.471893)
1538,170000,201,104,97,0,0,0,43,23,20,16,11,5,118,57,61,0,0,0,Grace Christian University,Wyoming,MI,-85.692077,42.919541,24,POINT (-85.692077 42.919541)
1539,170037,556,224,332,6,2,4,63,23,40,28,6,22,404,163,241,42,24,18,Cornerstone University,Grand Rapids,MI,-85.595328,42.979966,13,POINT (-85.595328 42.979966)
1540,170055,1569,648,921,66,31,35,107,45,62,175,72,103,1065,433,632,18,7,11,Grand Rapids Community College,Grand Rapids,MI,-85.665625,42.967076,138,POINT (-85.665625 42.967076)
1541,170082,5601,2036,3565,137,52,85,220,78,142,306,94,212,4626,1690,2936,102,48,54,Grand Valley State University,Allendale,MI,-85.889826,42.963001,210,POINT (-85.889826 42.963001)
1542,170091,15,9,6,1,0,1,2,2,0,2,1,1,10,6,4,0,0,0,Great Lakes Christian College,Lansing,MI,-84.638714,42.754249,0,POINT (-84.638714 42.754249)
1543,170240,1339,503,836,39,15,24,192,64,128,23,7,16,807,305,502,27,11,16,Henry Ford College,Dearborn,MI,-83.236056,42.324639,251,POINT (-83.236056 42.324639)
1544,170286,339,170,169,0,0,0,0,0,0,0,0,0,0,0,0,0,0,0,Hillsdale College,Hillsdale,MI,-84.633195,41.933682,339,POINT (-84.633195 41.933682)
1545,170301,671,244,427,8,4,4,17,5,12,34,13,21,580,209,371,10,4,6,Hope College,Holland,MI,-86.100971,42.787247,22,POINT (-86.100971 42.787247)
1546,170444,548,172,376,7,3,4,24,7,17,25,8,17,410,122,288,2,2,0,Jackson College,Jackson,MI,-84.403942,42.16483,80,POINT (-84.403942 42.16483)
1547,170532,384,160,224,24,9,15,37,15,22,61,20,41,209,93,116,23,12,11,Kalamazoo College,Kalamazoo,MI,-85.601857,42.290789,30,POINT (-85.601857 42.290789)
1548,170541,858,346,512,18,8,10,55,20,35,39,15,24,670,273,397,12,6,6,Kalamazoo Valley Community College,Kalamazoo,MI,-85.682144,42.225948,64,POINT (-85.682144 42.225948)
1549,170550,728,209,519,12,5,7,40,14,26,40,13,27,545,148,397,0,0,0,Kellogg Community College,Battle Creek,MI,-85.177329,42.335638,91,POINT (-85.177329 42.335638)
1550,170587,303,109,194,1,0,1,5,1,4,7,1,6,280,102,178,1,1,0,Kirtland Community College,Grayling,MI,-84.706254,44.601785,9,POINT (-84.706254 44.601785)
1551,170611,39,1,38,1,0,1,4,0,4,7,0,7,24,0,24,0,0,0,Michigan College of Beauty-Monroe,Monroe,MI,-83.407005,41.907014,3,POINT (-83.407005 41.907014)
1552,170620,358,137,221,4,2,2,39,13,26,39,14,25,254,98,156,0,0,0,Lake Michigan College,Benton Harbor,MI,-86.393445,42.097276,22,POINT (-86.393445 42.097276)
1553,170639,401,174,227,5,0,5,3,1,2,5,2,3,326,138,188,23,17,6,Lake Superior State University,Sault Ste Marie,MI,-84.365573,46.492849,39,POINT (-84.365573 46.492849)
1554,170657,1828,759,1069,58,25,33,121,43,78,137,52,85,1336,568,768,13,1,12,Lansing Community College,Lansing,MI,-84.55157,42.738435,163,POINT (-84.55157 42.738435)
1555,170675,643,441,202,24,15,9,32,19,13,15,10,5,363,240,123,178,135,43,Lawrence Technological University,Southfield,MI,-83.25003,42.474072,31,POINT (-83.25003 42.474072)
1556,170736,16,1,15,0,0,0,0,0,0,0,0,0,16,1,15,0,0,0,M J Murphy Beauty College of Mount Pleasant,Mount Pleasant,MI,-84.777927,43.60429,0,POINT (-84.777927 43.60429)
1557,170790,2390,1054,1336,112,48,64,217,87,130,72,30,42,1709,768,941,52,27,25,Macomb Community College,Warren,MI,-82.972377,42.50599,228,POINT (-82.972377 42.50599)
1558,170806,902,249,653,26,6,20,90,26,64,32,7,25,571,139,432,112,56,56,Madonna University,Livonia,MI,-83.404722,42.384323,71,POINT (-83.404722 42.384323)
1559,170967,242,75,167,4,1,3,38,9,29,8,4,4,177,57,120,1,0,1,Rochester University,Rochester Hills,MI,-83.144959,42.667521,14,POINT (-83.144959 42.667521)
1560,170976,14153,7004,7149,1708,837,871,647,242,405,858,387,471,7342,3505,3837,2455,1478,977,University of Michigan-Ann Arbor,Ann Arbor,MI,-83.742769,42.275921,1143,POINT (-83.742769 42.275921)
1561,171012,31,27,4,0,0,0,25,21,4,2,2,0,3,3,0,0,0,0,The Michigan Barber School,Detroit,MI,-83.128883,42.365023,1,POINT (-83.128883 42.365023)
1562,171100,13125,5999,7126,770,346,424,848,304,544,582,249,333,8822,3992,4830,1545,856,689,Michigan State University,East Lansing,MI,-84.476111,42.73212,558,POINT (-84.476111 42.73212)
1563,171128,1686,1203,483,24,11,13,15,9,6,18,10,8,1271,911,360,285,218,67,Michigan Technological University,Houghton,MI,-88.548092,47.11866,73,POINT (-88.548092 47.11866)
1564,171137,2245,1200,1045,188,122,66,134,47,87,98,43,55,1428,751,677,272,180,92,University of Michigan-Dearborn,Dearborn,MI,-83.231417,42.317287,125,POINT (-83.231417 42.317287)
1565,171146,1591,502,1089,42,10,32,166,40,126,81,20,61,1135,358,777,69,42,27,University of Michigan-Flint,Flint,MI,-83.690276,43.01875,98,POINT (-83.690276 43.01875)
1566,171155,359,128,231,1,0,1,11,7,4,10,4,6,314,104,210,0,0,0,Mid Michigan College,Harrison,MI,-84.763715,43.969586,23,POINT (-84.763715 43.969586)
1567,171225,335,115,220,2,0,2,4,0,4,11,3,8,297,100,197,0,0,0,Monroe County Community College,Monroe,MI,-83.470274,41.91617,21,POINT (-83.470274 41.91617)
1568,171234,237,87,150,1,0,1,1,0,1,1,0,1,200,70,130,1,0,1,Montcalm Community College,Sidney,MI,-85.100181,43.253191,33,POINT (-85.100181 43.253191)
1569,171304,586,189,397,8,1,7,32,10,22,28,7,21,463,151,312,4,2,2,Muskegon Community College,Muskegon,MI,-86.196384,43.250329,51,POINT (-86.196384 43.250329)
1570,171395,290,77,213,3,1,2,1,0,1,8,1,7,247,67,180,2,2,0,North Central Michigan College,Petoskey,MI,-84.954183,45.361727,29,POINT (-84.954183 45.361727)
1571,171456,1607,645,962,8,2,6,20,14,6,52,29,23,1396,547,849,25,13,12,Northern Michigan University,Marquette,MI,-87.406568,46.559751,106,POINT (-87.406568 46.559751)
1572,171483,719,392,327,5,2,3,2,1,1,22,6,16,513,234,279,133,132,1,Northwestern Michigan College,Traverse City,MI,-85.585517,44.765436,44,POINT (-85.585517 44.765436)
1573,171492,957,484,473,12,5,7,90,44,46,66,27,39,668,346,322,25,13,12,Northwood University,Midland,MI,-84.27682,43.628717,96,POINT (-84.27682 43.628717)
1574,171535,1996,849,1147,60,32,28,285,98,187,83,34,49,1208,549,659,198,66,132,Oakland Community College,Bloomfield Hills,MI,-83.244787,42.595441,162,POINT (-83.244787 42.595441)
1575,171571,4605,1809,2796,252,111,141,293,75,218,176,69,107,3317,1300,2017,265,134,131,Oakland University,Rochester Hills,MI,-83.216418,42.674573,302,POINT (-83.216418 42.674573)
1576,171599,192,89,103,1,0,1,26,18,8,9,3,6,139,65,74,1,0,1,Olivet College,Olivet,MI,-84.923891,42.442891,16,POINT (-84.923891 42.442891)
1577,171775,34,2,32,2,0,2,6,2,4,4,0,4,21,0,21,0,0,0,Port Huron Cosmetology College,Waterford,MI,-83.398624,42.700677,1,POINT (-83.398624 42.700677)
1578,171881,38,15,23,0,0,0,0,0,0,2,0,2,30,13,17,2,1,1,Kuyper College,Grand Rapids,MI,-85.592657,43.02195,4,POINT (-85.592657 43.02195)
1579,171988,76,4,72,0,0,0,8,1,7,7,0,7,41,2,39,0,0,0,Ross Medical Education Center-Lansing,Lansing,MI,-84.605807,42.741855,20,POINT (-84.605807 42.741855)
1580,171997,105,4,101,2,0,2,50,1,49,5,0,5,37,2,35,0,0,0,Ross Medical Education Center-Warren,Warren,MI,-83.065785,42.506481,11,POINT (-83.065785 42.506481)
1581,172015,118,6,112,1,0,1,41,3,38,6,0,6,53,1,52,0,0,0,Ross Medical Education Center-Flint,Flint,MI,-83.751751,42.986442,17,POINT (-83.751751 42.986442)
1582,172033,82,51,31,2,2,0,2,1,1,12,12,0,58,29,29,5,4,1,Sacred Heart Major Seminary,Detroit,MI,-83.111682,42.375248,3,POINT (-83.111682 42.375248)
1583,172051,1539,514,1025,10,3,7,88,29,59,65,21,44,1178,359,819,111,71,40,Saginaw Valley State University,University Center,MI,-83.964273,43.51176,87,POINT (-83.964273 43.51176)
1584,172200,1228,501,727,47,15,32,157,38,119,52,15,37,852,383,469,29,15,14,Schoolcraft College,Livonia,MI,-83.430958,42.419279,91,POINT (-83.430958 42.419279)
1585,172264,737,257,480,11,4,7,77,35,42,43,14,29,483,159,324,4,3,1,Siena Heights University,Adrian,MI,-84.018841,41.905624,119,POINT (-84.018841 41.905624)
1586,172291,594,192,402,5,3,2,12,4,8,23,5,18,477,147,330,1,1,0,St Clair County Community College,Port Huron,MI,-82.428717,42.979494,76,POINT (-82.428717 42.979494)
1587,172307,272,98,174,1,1,0,17,7,10,14,4,10,207,73,134,0,0,0,Southwestern Michigan College,Dowagiac,MI,-86.082715,41.965095,33,POINT (-86.082715 41.965095)
1588,172334,1076,217,859,19,7,12,117,19,98,12,5,7,804,153,651,2,2,0,Spring Arbor University,Spring Arbor,MI,-84.556074,42.206568,122,POINT (-84.556074 42.206568)
1589,172422,189,137,52,2,2,0,20,17,3,14,9,5,141,98,43,0,0,0,Michigan Career and Technical Institute,Plainwell,MI,-85.517049,42.504599,12,POINT (-85.517049 42.504599)
1590,172440,60,25,35,1,0,1,2,2,0,3,0,3,33,11,22,0,0,0,Finlandia University,Hancock,MI,-88.588756,47.127868,21,POINT (-88.588756 47.127868)
1591,172477,437,171,266,12,3,9,90,25,65,19,7,12,229,101,128,13,6,7,Western Michigan University-Thomas M. Cooley Law School,Lansing,MI,-84.554429,42.731,74,POINT (-84.554429 42.731)
1592,172495,89,3,86,2,0,2,9,1,8,15,1,14,56,0,56,0,0,0,Twin City Beauty College,Saint Joseph,MI,-86.47655,42.071099,7,POINT (-86.47655 42.071099)
1593,172608,662,333,329,32,16,16,53,24,29,25,12,13,508,264,244,29,10,19,Walsh College,Troy,MI,-83.147197,42.573888,15,POINT (-83.147197 42.573888)
1594,172617,2481,1046,1435,103,38,65,258,102,156,174,75,99,1684,729,955,47,20,27,Washtenaw Community College,Ann Arbor,MI,-83.66559,42.26361,215,POINT (-83.66559 42.26361)
1595,172635,902,274,628,4,2,2,606,168,438,24,6,18,171,48,123,5,2,3,Wayne County Community College District,Detroit,MI,-83.054497,42.327299,92,POINT (-83.054497 42.327299)
1596,172644,6873,2738,4135,638,267,371,884,257,627,293,106,187,4257,1735,2522,342,192,150,Wayne State University,Detroit,MI,-83.068998,42.358994,459,POINT (-83.068998 42.358994)
1597,172671,188,53,135,2,0,2,1,1,0,19,4,15,150,44,106,3,0,3,West Shore Community College,Scottville,MI,-86.336122,44.008512,13,POINT (-86.336122 44.008512)
1598,172680,68,2,66,0,0,0,0,0,0,7,2,5,57,0,57,0,0,0,Paul Mitchell the School-Grand Rapids,Kentwood,MI,-85.596605,42.910707,4,POINT (-85.596605 42.910707)
1599,172699,4901,2176,2725,98,41,57,469,186,283,252,101,151,3355,1437,1918,536,324,212,Western Michigan University,Kalamazoo,MI,-85.613759,42.282194,191,POINT (-85.613759 42.282194)
1600,172705,59,29,30,0,0,0,2,1,1,10,5,5,42,22,20,3,1,2,Western Theological Seminary,Holland,MI,-86.10324,42.786246,2,POINT (-86.10324 42.786246)
1601,172866,12,9,3,1,1,0,2,1,1,2,2,0,7,5,2,0,0,0,Academy College,Bloomington,MN,-93.299809,44.855722,0,POINT (-93.299809 44.855722)
1602,172918,633,331,302,4,4,0,3,1,2,26,11,15,575,298,277,2,1,1,Alexandria Technical & Community College,Alexandria,MN,-95.372369,45.873107,23,POINT (-95.372369 45.873107)
1603,172954,723,319,404,38,16,22,62,20,42,29,13,16,518,239,279,0,0,0,Anoka Technical College,Anoka,MN,-93.416087,45.216709,76,POINT (-93.416087 45.216709)
1604,172963,1073,332,741,70,27,43,62,25,37,43,11,32,827,247,580,8,3,5,Anoka-Ramsey Community College,Coon Rapids,MN,-93.351697,45.172978,63,POINT (-93.351697 45.172978)
1605,173045,852,312,540,78,21,57,122,42,80,70,31,39,474,176,298,17,2,15,Augsburg University,Minneapolis,MN,-93.240436,44.966307,91,POINT (-93.240436 44.966307)
1606,173063,602,235,367,20,9,11,28,17,11,98,36,62,429,161,268,10,4,6,Riverland Community College,Austin,MN,-92.995626,43.676271,17,POINT (-92.995626 43.676271)
1607,173115,199,48,151,4,1,3,4,0,4,4,1,3,173,41,132,0,0,0,Northwest Technical College,Bemidji,MN,-94.853974,47.452652,14,POINT (-94.853974 47.452652)
1608,173124,1157,442,715,13,6,7,30,16,14,32,15,17,980,375,605,22,8,14,Bemidji State University,Bemidji,MN,-94.874119,47.482341,80,POINT (-94.874119 47.482341)
1609,173142,106,45,61,0,0,0,3,3,0,1,0,1,89,34,55,8,5,3,Bethany Lutheran College,Mankato,MN,-93.990805,44.166649,5,POINT (-93.990805 44.166649)
1610,173160,1078,362,716,54,14,40,43,15,28,41,14,27,797,259,538,19,7,12,Bethel University,Saint Paul,MN,-93.161663,45.057655,124,POINT (-93.161663 45.057655)
1611,173203,777,361,416,4,2,2,15,7,8,17,7,10,707,333,374,1,1,0,Central Lakes College-Brainerd,Brainerd,MN,-94.214266,46.345863,33,POINT (-94.214266 46.345863)
1612,173258,458,204,254,38,20,18,20,7,13,36,17,19,281,123,158,50,25,25,Carleton College,Northfield,MN,-93.154666,44.462318,33,POINT (-93.154666 44.462318)
1613,173300,410,148,262,6,1,5,7,2,5,5,2,3,362,127,235,18,11,7,Concordia College at Moorhead,Moorhead,MN,-96.76749,46.862482,12,POINT (-96.76749 46.862482)
1614,173328,2076,650,1426,140,34,106,153,60,93,109,36,73,1443,434,1009,79,47,32,Concordia University-Saint Paul,Saint Paul,MN,-93.154861,44.949759,152,POINT (-93.154861 44.949759)
1615,173416,732,415,317,21,9,12,60,25,35,63,26,37,528,321,207,2,1,1,Dakota County Technical College,Rosemount,MN,-93.07805,44.737255,58,POINT (-93.07805 44.737255)
1616,173452,225,102,123,1,0,1,3,2,1,1,0,1,216,98,118,2,0,2,Martin Luther College,New Ulm,MN,-94.472326,44.30526,2,POINT (-94.472326 44.30526)
1617,173461,851,376,475,18,12,6,21,10,11,25,10,15,710,315,395,9,5,4,Lake Superior College,Duluth,MN,-92.145151,46.78455,68,POINT (-92.145151 46.78455)
1618,173470,16,0,16,0,0,0,0,0,0,0,0,0,14,0,14,0,0,0,Cosmetology Careers Unlimited College of Hair Skin and Nails,Duluth,MN,-92.100581,46.785596,2,POINT (-92.100581 46.785596)
1619,173559,1090,474,616,15,5,10,89,55,34,41,17,24,887,379,508,6,2,4,Minnesota State Community and Technical College,Fergus Falls,MN,-96.097321,46.289194,52,POINT (-96.097321 46.289194)
1620,173638,777,277,500,21,6,15,67,23,44,79,29,50,545,202,343,9,4,5,Minnesota West Community and Technical College,Granite Falls,MN,-95.56172,44.80755,56,POINT (-95.56172 44.80755)
1621,173647,368,121,247,26,7,19,8,3,5,20,8,12,284,91,193,10,4,6,Gustavus Adolphus College,Saint Peter,MN,-93.972196,44.323626,20,POINT (-93.972196 44.323626)
1622,173665,991,300,691,49,12,37,59,29,30,56,19,37,717,204,513,14,7,7,Hamline University,Saint Paul,MN,-93.164479,44.966246,96,POINT (-93.164479 44.966246)
1623,173683,49,11,38,0,0,0,1,0,1,1,0,1,45,10,35,0,0,0,Hazelden Betty Ford Graduate School of Addiction Studies,Center City,MN,-92.805285,45.375319,2,POINT (-92.805285 45.375319)
1624,173708,1053,695,358,155,115,40,161,91,70,81,40,41,598,414,184,7,3,4,Hennepin Technical College,Brooklyn Park,MN,-93.397759,45.096534,51,POINT (-93.397759 45.096534)
1625,173735,247,102,145,3,2,1,10,4,6,7,3,4,211,85,126,0,0,0,Hibbing Community College,Hibbing,MN,-92.921698,47.422361,16,POINT (-92.921698 47.422361)
1626,173744,316,11,305,20,1,19,25,1,24,17,0,17,222,9,213,2,0,2,Aveda Arts & Sciences Institute Minneapolis,Minneapolis,MN,-93.253713,44.987863,30,POINT (-93.253713 44.987863)
1627,173799,637,192,445,33,8,25,72,16,56,55,20,35,427,136,291,8,1,7,Inver Hills Community College,Inver Grove Heights,MN,-93.055255,44.828599,42,POINT (-93.055255 44.828599)
1628,173805,214,87,127,0,0,0,5,5,0,1,0,1,188,76,112,6,3,3,Itasca Community College,Grand Rapids,MN,-93.49555,47.241919,14,POINT (-93.49555 47.241919)
1629,173896,128,50,78,1,1,0,1,1,0,4,1,3,104,33,71,16,12,4,Luther Seminary,Saint Paul,MN,-93.196422,44.984629,2,POINT (-93.196422 44.984629)
1630,173902,447,155,292,34,15,19,22,7,15,50,10,40,255,83,172,58,27,31,Macalester College,Saint Paul,MN,-93.168053,44.938565,28,POINT (-93.168053 44.938565)
1631,173911,503,220,283,9,4,5,35,16,19,60,26,34,375,165,210,6,3,3,South Central College,North Mankato,MN,-94.047428,44.174319,18,POINT (-94.047428 44.174319)
1632,173920,3246,1290,1956,113,46,67,136,56,80,126,46,80,2429,906,1523,292,177,115,Minnesota State University-Mankato,Mankato,MN,-93.99945,44.146712,150,POINT (-93.99945 44.146712)
1633,173957,459,154,305,54,19,35,23,8,15,33,12,21,281,89,192,26,15,11,Mayo Clinic College of Medicine and Science,Rochester,MN,-92.466428,44.02215,42,POINT (-92.466428 44.02215)
1634,173993,261,113,148,1,1,0,12,9,3,10,6,4,217,91,126,0,0,0,Mesabi Range College,Virginia,MN,-92.549092,47.524561,21,POINT (-92.549092 47.524561)
1635,174020,2120,834,1286,326,118,208,455,185,270,142,45,97,1031,425,606,42,17,25,Metropolitan State University,Saint Paul,MN,-93.074361,44.957256,124,POINT (-93.074361 44.957256)
1636,174066,13116,5888,7228,1119,481,638,584,239,345,626,266,360,8356,3626,4730,1652,930,722,University of Minnesota-Twin Cities,Minneapolis,MN,-93.235464,44.972851,779,POINT (-93.235464 44.972851)
1637,174075,421,183,238,14,4,10,23,12,11,15,4,11,306,127,179,25,12,13,University of Minnesota-Crookston,Crookston,MN,-96.606188,47.802536,38,POINT (-96.606188 47.802536)
1638,174127,177,46,131,14,7,7,8,5,3,16,4,12,112,26,86,10,1,9,Minneapolis College of Art and Design,Minneapolis,MN,-93.274705,44.956988,17,POINT (-93.274705 44.956988)
1639,174136,1079,441,638,65,18,47,235,92,143,145,49,96,515,235,280,28,13,15,Minneapolis Community and Technical College,Minneapolis,MN,-93.284507,44.972679,91,POINT (-93.284507 44.972679)
1640,174154,231,22,209,27,6,21,49,5,44,7,0,7,111,9,102,0,0,0,Herzing University-Minneapolis,St. Louis Park,MN,-93.404863,44.975225,37,POINT (-93.404863 44.975225)
1641,174190,119,3,116,16,1,15,19,0,19,8,0,8,68,2,66,0,0,0,Minnesota School of Cosmetology-Woodbury Campus,WOODBURY,MN,-92.973998,44.924692,8,POINT (-92.973998 44.924692)
1642,174233,2207,1110,1097,75,34,41,40,25,15,75,40,35,1827,913,914,64,37,27,University of Minnesota-Duluth,Duluth,MN,-92.084385,46.817126,126,POINT (-92.084385 46.817126)
1643,174251,247,103,144,9,4,5,5,3,2,17,9,8,158,61,97,14,8,6,University of Minnesota-Morris,Morris,MN,-95.899729,45.589775,44,POINT (-95.899729 45.589775)
1644,174321,89,3,86,3,0,3,9,1,8,6,2,4,66,0,66,0,0,0,Model College of Hair Design,Saint Cloud,MN,-94.159447,45.55773,5,POINT (-94.159447 45.55773)
1645,174358,1351,480,871,25,10,15,54,28,26,40,15,25,1077,356,721,82,53,29,Minnesota State University Moorhead,Moorhead,MN,-96.759532,46.867153,73,POINT (-96.759532 46.867153)
1646,174376,951,400,551,148,60,88,179,71,108,69,27,42,488,221,267,20,7,13,North Hennepin Community College,Brooklyn Park,MN,-93.374536,45.106937,47,POINT (-93.374536 45.106937)
1647,174428,1264,478,786,131,53,78,140,49,91,127,49,78,765,288,477,12,5,7,Normandale Community College,Bloomington,MN,-93.331673,44.829706,89,POINT (-93.331673 44.829706)
1648,174437,236,94,142,8,2,6,21,6,15,17,6,11,161,65,96,0,0,0,North Central University,Minneapolis,MN,-93.261511,44.968625,29,POINT (-93.261511 44.968625)
1649,174473,742,271,471,14,5,9,42,14,28,21,9,12,619,230,389,5,0,5,Northland Community and Technical College,Thief River Falls,MN,-96.162366,48.124969,41,POINT (-96.162366 48.124969)
1650,174491,547,211,336,12,5,7,15,11,4,21,6,15,450,178,272,7,2,5,University of Northwestern-St Paul,Saint Paul,MN,-93.167822,45.033703,42,POINT (-93.167822 45.033703)
1651,174507,264,106,158,4,1,3,2,1,1,1,0,1,93,36,57,24,12,12,Northwestern Health Sciences University,Bloomington,MN,-93.311222,44.850963,140,POINT (-93.311222 44.850963)
1652,174525,18,12,6,1,1,0,1,0,1,0,0,0,15,10,5,0,0,0,Oak Hills Christian College,Bemidji,MN,-94.901503,47.425836,1,POINT (-94.901503 47.425836)
1653,174570,262,98,164,2,2,0,8,2,6,10,3,7,237,89,148,0,0,0,Pine Technical & Community College,Pine City,MN,-92.968283,45.818667,5,POINT (-92.968283 45.818667)
1654,174604,28,13,15,0,0,0,2,2,0,5,4,1,18,5,13,0,0,0,Rainy River Community College,International Falls,MN,-93.431603,48.590001,3,POINT (-93.431603 48.590001)
1655,174738,842,294,548,38,12,26,66,27,39,55,12,43,639,224,415,7,4,3,Rochester Community and Technical College,Rochester,MN,-92.42321,44.014488,37,POINT (-92.42321 44.014488)
1656,174747,456,0,456,17,0,17,12,0,12,34,0,34,372,0,372,15,0,15,College of Saint Benedict,Saint Joseph,MN,-94.319888,45.561792,6,POINT (-94.319888 45.561792)
1657,174756,954,395,559,11,6,5,89,35,54,46,19,27,759,316,443,5,1,4,St Cloud Technical and Community College,Saint Cloud,MN,-94.175841,45.579065,44,POINT (-94.175841 45.579065)
1658,174783,2496,1109,1387,133,65,68,178,93,85,87,40,47,1607,674,933,331,180,151,Saint Cloud State University,Saint Cloud,MN,-94.152657,45.553227,160,POINT (-94.152657 45.553227)
1659,174792,400,389,11,17,17,0,18,18,0,26,25,1,308,299,9,26,25,1,Saint Johns University,Collegeville,MN,-94.393621,45.580075,5,POINT (-94.393621 45.580075)
1660,174817,1797,585,1212,61,19,42,120,48,72,83,33,50,1269,389,880,30,14,16,Saint Mary's University of Minnesota,Winona,MN,-91.695449,44.044736,234,POINT (-91.695449 44.044736)
1661,174844,675,241,434,54,14,40,19,8,11,39,11,28,452,164,288,79,35,44,St Olaf College,Northfield,MN,-93.182039,44.461529,32,POINT (-93.182039 44.461529)
1662,174862,363,182,181,32,26,6,19,6,13,21,12,9,276,130,146,5,4,1,Crown College,Saint Bonifacius,MN,-93.743019,44.885393,10,POINT (-93.743019 44.885393)
1663,174899,1363,320,1043,65,18,47,58,17,41,45,11,34,1086,236,850,10,8,2,The College of Saint Scholastica,Duluth,MN,-92.106134,46.816082,99,POINT (-92.106134 46.816082)
1664,174914,2731,1345,1386,160,71,89,135,66,69,147,58,89,1814,915,899,179,99,80,University of St Thomas,Saint Paul,MN,-93.188986,44.943439,296,POINT (-93.188986 44.943439)
1665,174978,87,2,85,5,0,5,17,1,16,10,1,9,31,0,31,0,0,0,Empire Beauty School-Bloomington,Bloomington,MN,-93.287367,44.82746,24,POINT (-93.287367 44.82746)
1666,175005,1432,100,1332,120,10,110,113,11,102,138,9,129,966,60,906,9,0,9,St Catherine University,Saint Paul,MN,-93.183761,44.924926,86,POINT (-93.183761 44.924926)
1667,175014,1861,284,1577,71,11,60,331,71,260,100,18,82,948,147,801,0,0,0,Rasmussen University-Minnesota,St. Cloud,MN,-94.206254,45.548117,411,POINT (-94.206254 45.548117)
1668,175041,1345,549,796,244,110,134,346,110,236,120,38,82,544,260,284,8,2,6,Saint Paul College,Saint Paul,MN,-93.109646,44.949186,83,POINT (-93.109646 44.949186)
1669,175078,623,194,429,11,5,6,38,17,21,19,8,11,480,124,356,52,33,19,Southwest Minnesota State University,Marshall,MN,-95.759548,44.45373,23,POINT (-95.759548 44.45373)
1670,175120,355,223,132,30,23,7,149,82,67,25,16,9,91,62,29,1,0,1,Summit Academy Opportunities Industrialization Center,Minneapolis,MN,-93.292776,44.983569,59,POINT (-93.292776 44.983569)
1671,175139,19,3,16,0,0,0,0,0,0,1,0,1,16,3,13,0,0,0,United Theological Seminary of the Twin Cities,St. Paul,MN,-93.203624,44.962913,2,POINT (-93.203624 44.962913)
1672,175157,118,67,51,0,0,0,2,1,1,4,3,1,105,60,45,0,0,0,Vermilion Community College,Ely,MN,-91.837777,47.905184,7,POINT (-91.837777 47.905184)
1673,175227,408,344,64,24,20,4,16,13,3,25,21,4,322,273,49,1,1,0,Dunwoody College of Technology,Minneapolis,MN,-93.290608,44.97281,20,POINT (-93.290608 44.97281)
1674,175236,853,336,517,14,3,11,28,12,16,62,26,36,711,274,437,1,1,0,Ridgewater College,Willmar,MN,-95.07305,45.138313,37,POINT (-95.07305 45.138313)
1675,175263,425,219,206,11,5,6,12,3,9,22,11,11,364,188,176,3,2,1,Minnesota State College Southeast,Winona,MN,-91.618318,44.024554,13,POINT (-91.618318 44.024554)
1676,175272,1771,554,1217,36,13,23,68,32,36,76,29,47,1489,434,1055,39,20,19,Winona State University,Winona,MN,-91.643723,44.046159,63,POINT (-91.643723 44.046159)
1677,175281,322,146,176,19,6,13,20,5,15,18,9,9,238,111,127,4,2,2,Mitchell Hamline School of Law,Saint Paul,MN,-93.138224,44.94202,23,POINT (-93.138224 44.94202)
1678,175315,1551,621,930,263,99,164,103,40,63,115,46,69,961,385,576,32,15,17,Century College,White Bear Lake,MN,-92.982105,45.041823,77,POINT (-92.982105 45.041823)
1679,175342,693,219,474,2,0,2,610,184,426,5,0,5,27,11,16,48,24,24,Alcorn State University,Alcorn State,MS,-91.142854,31.877216,1,POINT (-91.142854 31.877216)
1680,175421,1683,516,1167,8,2,6,679,149,530,37,10,27,339,114,225,4,2,2,Belhaven University,Jackson,MS,-90.169228,32.318415,616,POINT (-90.169228 32.318415)
1681,175430,198,78,120,0,0,0,22,9,13,6,2,4,162,63,99,4,3,1,Blue Mountain College,Blue Mountain,MS,-89.02924,34.67209,4,POINT (-89.02924 34.67209)
1682,175494,56,11,45,10,1,9,16,4,12,2,1,1,27,4,23,0,0,0,Chris Beauty College,Gulfport,MS,-89.077391,30.382294,1,POINT (-89.077391 30.382294)
1683,175519,346,111,235,1,0,1,324,103,221,1,0,1,13,6,7,1,0,1,Coahoma Community College,Clarksdale,MS,-90.568469,34.254417,6,POINT (-90.568469 34.254417)
1684,175573,687,258,429,4,1,3,279,95,184,13,4,9,366,145,221,0,0,0,Copiah-Lincoln Community College,Wesson,MS,-90.400234,31.69272,25,POINT (-90.400234 31.69272)
1685,175607,1,0,1,0,0,0,1,0,1,0,0,0,0,0,0,0,0,0,Delta Beauty College,Greenville,MS,-91.036701,33.398819,0,POINT (-91.036701 33.398819)
1686,175616,919,342,577,6,2,4,297,96,201,54,20,34,499,186,313,44,29,15,Delta State University,Cleveland,MS,-90.735365,33.744745,19,POINT (-90.735365 33.744745)
1687,175643,549,221,328,2,1,1,151,56,95,21,10,11,324,131,193,9,5,4,East Central Community College,Decatur,MS,-89.113706,32.441164,42,POINT (-89.113706 32.441164)
1688,175652,947,414,533,5,2,3,412,127,285,4,4,0,514,271,243,0,0,0,East Mississippi Community College,Scooba,MS,-88.483516,32.830246,12,POINT (-88.483516 32.830246)
1689,175698,16,11,5,0,0,0,11,8,3,1,1,0,4,2,2,0,0,0,Fosters Cosmetology College,Ripley,MS,-88.942133,34.755677,0,POINT (-88.942133 34.755677)
1690,175722,17,0,17,0,0,0,5,0,5,0,0,0,12,0,12,0,0,0,Academy of Hair Design-Grenada,Grenada,MS,-89.825313,33.775198,0,POINT (-89.825313 33.775198)
1691,175786,2852,1283,1569,21,8,13,1468,605,863,60,23,37,887,382,505,0,0,0,Hinds Community College,Raymond,MS,-90.416118,32.256109,416,POINT (-90.416118 32.256109)
1692,175810,1514,531,983,13,5,8,651,185,466,31,12,19,787,313,474,1,0,1,Holmes Community College,Goodman,MS,-89.915803,32.969985,31,POINT (-89.915803 32.969985)
1693,175829,1323,577,746,11,2,9,303,113,190,38,18,20,939,423,516,0,0,0,Itawamba Community College,Fulton,MS,-88.412073,34.276519,32,POINT (-88.412073 34.276519)
1694,175856,1465,376,1089,3,1,2,1307,314,993,9,5,4,55,16,39,57,32,25,Jackson State University,Jackson,MS,-90.207405,32.296105,34,POINT (-90.207405 32.296105)
1695,175883,1110,450,660,8,2,6,334,123,211,6,4,2,733,309,424,0,0,0,Jones County Junior College,Ellisville,MS,-89.200895,31.596936,29,POINT (-89.200895 31.596936)
1696,175935,684,209,475,6,1,5,305,78,227,11,6,5,319,108,211,0,0,0,Meridian Community College,Meridian,MS,-88.732823,32.367355,43,POINT (-88.732823 32.367355)
1697,175980,190,93,97,8,2,6,36,17,19,11,3,8,118,59,59,8,6,2,Millsaps College,Jackson,MS,-90.179957,32.322746,9,POINT (-90.179957 32.322746)
1698,176008,493,203,290,2,1,1,304,118,186,9,6,3,166,72,94,0,0,0,Mississippi Delta Community College,Moorhead,MS,-90.502053,33.444906,12,POINT (-90.502053 33.444906)
1699,176017,6101,2490,3611,136,53,83,756,222,534,197,82,115,4628,1926,2702,213,133,80,University of Mississippi,University,MS,-89.537434,34.365529,171,POINT (-89.537434 34.365529)
1700,176035,990,139,851,9,0,9,386,41,345,2,0,2,569,95,474,13,2,11,Mississippi University for Women,Columbus,MS,-88.418601,33.493305,11,POINT (-88.418601 33.493305)
1701,176044,378,109,269,3,0,3,363,105,258,1,0,1,5,2,3,0,0,0,Mississippi Valley State University,Itta Bena,MS,-90.341274,33.514142,6,POINT (-90.341274 33.514142)
1702,176053,1455,483,972,57,20,37,333,93,240,53,17,36,923,315,608,46,18,28,Mississippi College,Clinton,MS,-90.329821,32.335515,43,POINT (-90.329821 32.335515)
1703,176062,14,1,13,0,0,0,1,0,1,0,0,0,13,1,12,0,0,0,Hatfield's Mississippi College of Beauty Culture,Laurel,MS,-89.135405,31.693316,0,POINT (-89.135405 31.693316)
1704,176071,2227,877,1350,59,28,31,520,179,341,113,40,73,1348,544,804,0,0,0,Mississippi Gulf Coast Community College,Perkinston,MS,-89.142952,30.780784,187,POINT (-89.142952 30.780784)
1705,176080,5524,2652,2872,82,47,35,879,320,559,135,59,76,4025,2008,2017,237,145,92,Mississippi State University,Mississippi State,MS,-88.790139,33.454852,166,POINT (-88.790139 33.454852)
1706,176169,716,257,459,4,1,3,109,51,58,9,3,6,580,196,384,0,0,0,Northeast Mississippi Community College,Booneville,MS,-88.562609,34.668339,14,POINT (-88.562609 34.668339)
1707,176178,1470,548,922,10,4,6,480,150,330,65,32,33,874,347,527,0,0,0,Northwest Mississippi Community College,Senatobia,MS,-89.969525,34.625532,41,POINT (-89.969525 34.625532)
1708,176239,1235,422,813,8,4,4,337,88,249,26,7,19,813,301,512,1,0,1,Pearl River Community College,Poplarville,MS,-89.543052,30.844322,50,POINT (-89.543052 30.844322)
1709,176318,104,39,65,1,1,0,103,38,65,0,0,0,0,0,0,0,0,0,Rust College,Holly Springs,MS,-89.446999,34.776862,0,POINT (-89.446999 34.776862)
1710,176336,3,3,0,0,0,0,0,0,0,0,0,0,3,3,0,0,0,0,Southeastern Baptist College,Laurel,MS,-89.149373,31.748512,0,POINT (-89.149373 31.748512)
1711,176354,553,223,330,0,0,0,218,83,135,6,3,3,308,126,182,4,3,1,Southwest Mississippi Community College,Summit,MS,-90.443295,31.295121,17,POINT (-90.443295 31.295121)
1712,176372,3485,1193,2292,69,32,37,834,254,580,130,47,83,2247,778,1469,82,43,39,University of Southern Mississippi,Hattiesburg,MS,-89.331236,31.32661,123,POINT (-89.331236 31.32661)
1713,176390,62,2,60,1,0,1,54,2,52,1,0,1,3,0,3,0,0,0,Magnolia College of Cosmetology,Jackson,MS,-90.151826,32.359614,3,POINT (-90.151826 32.359614)
1714,176406,137,35,102,0,0,0,131,30,101,1,1,0,0,0,0,5,4,1,Tougaloo College,Tougaloo,MS,-90.16076,32.403014,0,POINT (-90.16076 32.403014)
1715,176433,14,0,14,0,0,0,8,0,8,0,0,0,6,0,6,0,0,0,Vaughn Beauty College,Aberdeen,MS,-88.541839,33.82442,0,POINT (-88.541839 33.82442)
1716,176451,25,15,10,0,0,0,9,3,6,2,2,0,14,10,4,0,0,0,Wesley Biblical Seminary,Ridgeland,MS,-90.111379,32.400142,0,POINT (-90.111379 32.400142)
1717,176479,1325,369,956,37,20,17,337,78,259,26,10,16,870,241,629,36,17,19,William Carey University,Hattiesburg,MS,-89.291815,31.305264,19,POINT (-89.291815 31.305264)
1718,176600,32,9,23,2,0,2,0,0,0,1,0,1,20,6,14,8,2,6,Aquinas Institute of Theology,Saint Louis,MO,-90.237795,38.634329,1,POINT (-90.237795 38.634329)
1719,176628,405,139,266,8,2,6,77,31,46,35,8,27,235,65,170,40,30,10,Avila University,Kansas City,MO,-94.591758,38.91339,10,POINT (-94.591758 38.91339)
1720,176664,58,36,22,2,1,1,3,3,0,3,1,2,49,31,18,0,0,0,Baptist Bible College,Springfield,MO,-93.284286,37.239696,1,POINT (-93.284286 37.239696)
1721,176716,106,0,106,3,0,3,42,0,42,7,0,7,48,0,48,0,0,0,House of Heavilin Beauty College-Blue Springs,Blue Springs,MO,-94.272412,38.997932,6,POINT (-94.272412 38.997932)
1722,176770,353,42,311,7,1,6,5,2,3,5,1,4,299,32,267,0,0,0,Cox College,Springfield,MO,-93.290233,37.225116,37,POINT (-93.290233 37.225116)
1723,176789,58,28,30,4,2,2,1,1,0,0,0,0,47,21,26,0,0,0,Calvary University,Kansas City,MO,-94.547927,38.839578,6,POINT (-94.547927 38.839578)
1724,176798,125,44,81,1,0,1,13,2,11,1,1,0,107,41,66,0,0,0,Cape Girardeau Career and Technology Center,Cape Girardeau,MO,-89.565366,37.274001,3,POINT (-89.565366 37.274001)
1725,176910,35,18,17,0,0,0,3,3,0,1,0,1,28,12,16,1,1,0,Central Christian College of the Bible,Moberly,MO,-92.427259,39.395963,2,POINT (-92.427259 39.395963)
1726,176947,211,91,120,2,0,2,17,10,7,10,4,6,168,70,98,11,5,6,Central Methodist University-College of Liberal Arts and Sciences,Fayette,MO,-92.685253,39.150497,3,POINT (-92.685253 39.150497)
1727,176965,2803,1114,1689,28,9,19,190,72,118,112,40,72,1836,678,1158,512,282,230,University of Central Missouri,Warrensburg,MO,-93.737428,38.759111,125,POINT (-93.737428 38.759111)
1728,176983,55,41,14,0,0,0,0,0,0,2,1,1,52,39,13,0,0,0,Grand River Technical School,Chillicothe,MO,-93.559669,39.798864,1,POINT (-93.559669 39.798864)
1729,177038,160,70,90,3,1,2,5,3,2,5,2,3,119,51,68,0,0,0,Cleveland University-Kansas City,Overland Park,KS,-94.679076,38.932019,28,POINT (-94.679076 38.932019)
1730,177065,2654,1130,1524,61,40,21,542,203,339,287,122,165,1479,638,841,77,37,40,Columbia College,Columbia,MO,-92.326354,38.957388,208,POINT (-92.326354 38.957388)
1731,177083,17,17,0,0,0,0,0,0,0,5,5,0,12,12,0,0,0,0,Conception Seminary College,Conception,MO,-94.682831,40.24044,0,POINT (-94.682831 40.24044)
1732,177092,125,117,8,1,1,0,0,0,0,6,3,3,96,92,4,7,7,0,Concordia Seminary,Saint Louis,MO,-90.311324,38.637181,15,POINT (-90.311324 38.637181)
1733,177117,67,0,67,0,0,0,5,0,5,7,0,7,43,0,43,9,0,9,Cottey College,Nevada,MO,-94.371311,37.836127,3,POINT (-94.371311 37.836127)
1734,177126,112,71,41,1,1,0,5,4,1,2,2,0,92,57,35,6,4,2,Covenant Theological Seminary,Saint Louis,MO,-90.451323,38.643066,6,POINT (-90.451323 38.643066)
1735,177135,978,495,483,8,4,4,12,3,9,68,35,33,670,284,386,4,1,3,Crowder College,Neosho,MO,-94.368315,36.814906,216,POINT (-94.368315 36.814906)
1736,177144,239,111,128,1,0,1,32,21,11,9,5,4,180,75,105,10,9,1,Culver-Stockton College,Canton,MO,-91.529374,40.128993,7,POINT (-91.529374 40.128993)
1737,177214,412,157,255,6,2,4,14,7,7,9,4,5,334,118,216,22,13,9,Drury University,Springfield,MO,-93.286192,37.219681,27,POINT (-93.286192 37.219681)
1738,177250,504,211,293,4,2,2,9,3,6,11,6,5,460,190,270,0,0,0,East Central College,Union,MO,-90.97809,38.431845,20,POINT (-90.97809 38.431845)
1739,177278,33,15,18,0,0,0,9,5,4,1,1,0,20,8,12,2,1,1,Eden Theological Seminary,Webster Groves,MO,-90.345605,38.592307,1,POINT (-90.345605 38.592307)
1740,177302,302,182,120,6,3,3,44,13,31,60,41,19,170,109,61,0,0,0,Pinnacle Career Institute,Kansas City,MO,-94.684653,39.301096,22,POINT (-94.684653 39.301096)
1741,177339,562,241,321,9,2,7,23,18,5,62,13,49,439,196,243,0,0,0,Evangel University,Springfield,MO,-93.262614,37.220956,29,POINT (-93.262614 37.220956)
1742,177418,309,115,194,3,3,0,32,9,23,0,0,0,227,84,143,28,13,15,Fontbonne University,Saint Louis,MO,-90.315712,38.642697,19,POINT (-90.315712 38.642697)
1743,177436,26,0,26,0,0,0,1,0,1,1,0,1,23,0,23,0,0,0,Four Rivers Career Center,Washington,MO,-91.020914,38.547707,1,POINT (-91.020914 38.547707)
1744,177472,2235,887,1348,41,16,25,35,9,26,99,34,65,1815,737,1078,0,0,0,Ozarks Technical Community College,Springfield,MO,-93.279985,37.216479,245,POINT (-93.279985 37.216479)
1745,177542,198,50,148,1,1,0,8,2,6,2,1,1,166,37,129,10,8,2,Hannibal-LaGrange University,Hannibal,MO,-91.39094,39.729015,11,POINT (-91.39094 39.729015)
1746,177551,201,59,142,1,1,0,153,39,114,5,0,5,12,7,5,4,3,1,Harris-Stowe State University,Saint Louis,MO,-90.224288,38.631744,26,POINT (-90.224288 38.631744)
1747,177588,10,0,10,0,0,0,8,0,8,0,0,0,2,0,2,0,0,0,House of Heavilin Beauty College-Kansas City,Kansas City,MO,-94.574262,39.022905,0,POINT (-94.574262 39.022905)
1748,177603,63,1,62,0,0,0,14,0,14,5,0,5,37,1,36,0,0,0,Summit Salon Academy Kansas City,Independence,MO,-94.426462,39.079093,7,POINT (-94.426462 39.079093)
1749,177676,705,270,435,11,3,8,15,7,8,27,9,18,584,221,363,1,1,0,Jefferson College,Hillsboro,MO,-90.558954,38.259889,67,POINT (-90.558954 38.259889)
1750,177685,58,2,56,0,0,0,10,1,9,2,0,2,45,1,44,0,0,0,Paul Mitchell the School-Missouri Columbia,Columbia,MO,-92.375761,38.967204,1,POINT (-92.375761 38.967204)
1751,177719,405,55,350,16,2,14,31,5,26,3,0,3,330,41,289,0,0,0,Barnes-Jewish College Goldfarb School of Nursing,Saint Louis,MO,-90.258772,38.637165,25,POINT (-90.258772 38.637165)
1752,177746,160,46,114,7,1,6,10,5,5,20,6,14,107,32,75,2,0,2,Kansas City Art Institute,Kansas City,MO,-94.583594,39.046353,14,POINT (-94.583594 39.046353)
1753,177816,18,18,0,1,1,0,0,0,0,1,1,0,16,16,0,0,0,0,Kenrick Glennon Seminary,Saint Louis,MO,-90.324024,38.584608,0,POINT (-90.324024 38.584608)
1754,177834,1308,515,793,195,81,114,94,32,62,120,43,77,714,284,430,53,18,35,A T Still University of Health Sciences,Kirksville,MO,-92.589183,40.193648,132,POINT (-92.589183 40.193648)
1755,177870,10,10,0,0,0,0,0,0,0,0,0,0,10,10,0,0,0,0,Lake Career and Technical Center,Camdenton,MO,-92.732943,38.005502,0,POINT (-92.732943 38.005502)
1756,177931,23,2,21,0,0,0,3,0,3,0,0,0,20,2,18,0,0,0,Lex La-Ray Technical Center,Lexington,MO,-93.865563,39.173683,0,POINT (-93.865563 39.173683)
1757,177940,304,96,208,2,1,1,117,44,73,7,3,4,133,35,98,16,4,12,Lincoln University,Jefferson City,MO,-92.166724,38.564431,29,POINT (-92.166724 38.564431)
1758,177968,2041,764,1277,16,6,10,294,95,199,78,28,50,1293,480,813,157,86,71,Lindenwood University,Saint Charles,MO,-90.501286,38.785425,203,POINT (-90.501286 38.785425)
1759,177977,703,576,127,2,2,0,4,2,2,15,14,1,669,549,120,0,0,0,State Technical College of Missouri,Linn,MO,-91.814259,38.467699,13,POINT (-91.814259 38.467699)
1760,177986,493,216,277,12,5,7,42,13,29,18,8,10,305,125,180,3,0,3,Logan University,Chesterfield,MO,-90.542333,38.63133,113,POINT (-90.542333 38.63133)
1761,177995,2205,920,1285,76,33,43,217,73,144,229,97,132,1457,622,835,18,8,10,Metropolitan Community College-Kansas City,Kansas City,MO,-94.58966,39.068668,208,POINT (-94.58966 39.068668)
1762,178004,39,7,32,1,1,0,13,0,13,1,0,1,24,6,18,0,0,0,Lutheran School of Nursing,Saint Louis,MO,-90.226539,38.590249,0,POINT (-90.226539 38.590249)
1763,178059,2963,805,2158,137,45,92,372,93,279,135,46,89,2004,504,1500,82,51,31,Maryville University of Saint Louis,Saint Louis,MO,-90.505998,38.644774,233,POINT (-90.505998 38.644774)
1764,178077,36,1,35,0,0,0,1,0,1,1,0,1,32,1,31,0,0,0,Missouri College of Cosmetology and Esthetics,Jefferson City,MO,-92.198801,38.571057,2,POINT (-92.198801 38.571057)
1765,178183,104,3,101,2,0,2,31,2,29,2,0,2,64,1,63,0,0,0,Midwest Institute,Fenton,MO,-90.436174,38.544447,5,POINT (-90.436174 38.544447)
1766,178208,596,477,119,64,39,25,25,16,9,72,59,13,366,304,62,20,19,1,Midwestern Baptist Theological Seminary,Kansas City,MO,-94.573185,39.185691,49,POINT (-94.573185 39.185691)
1767,178217,576,189,387,1,0,1,7,5,2,9,6,3,533,162,371,9,6,3,Mineral Area College,Park Hills,MO,-90.481847,37.845199,17,POINT (-90.481847 37.845199)
1768,178244,717,242,475,9,6,3,63,27,36,10,7,3,588,176,412,23,14,9,Missouri Baptist University,Saint Louis,MO,-90.462586,38.641526,24,POINT (-90.462586 38.641526)
1769,178341,1097,437,660,20,9,11,48,25,23,88,36,52,830,318,512,36,16,20,Missouri Southern State University,Joplin,MO,-94.461689,37.095155,75,POINT (-94.461689 37.095155)
1770,178369,238,114,124,4,2,2,31,24,7,28,12,16,129,48,81,31,19,12,Missouri Valley College,Marshall,MO,-93.190654,39.108522,15,POINT (-93.190654 39.108522)
1771,178387,805,304,501,16,5,11,60,22,38,11,6,5,643,238,405,19,9,10,Missouri Western State University,Saint Joseph,MO,-94.785643,39.7575,56,POINT (-94.785643 39.7575)
1772,178396,7020,3042,3978,138,77,61,443,178,265,310,142,168,5369,2270,3099,398,221,177,University of Missouri-Columbia,Columbia,MO,-92.328843,38.94531,362,POINT (-92.328843 38.94531)
1773,178402,3540,1495,2045,343,143,200,290,96,194,261,108,153,2042,836,1206,346,204,142,University of Missouri-Kansas City,Kansas City,MO,-94.582141,39.034179,258,POINT (-94.582141 39.034179)
1774,178411,2032,1522,510,83,64,19,80,54,26,91,70,21,1499,1135,364,197,145,52,Missouri University of Science and Technology,Rolla,MO,-91.775583,37.953426,82,POINT (-91.775583 37.953426)
1775,178420,2789,1048,1741,110,41,69,374,83,291,91,32,59,1848,727,1121,131,73,58,University of Missouri-St Louis,Saint Louis,MO,-90.311091,38.710312,235,POINT (-90.311091 38.710312)
1776,178448,878,293,585,12,6,6,62,25,37,44,19,25,719,229,490,2,2,0,Moberly Area Community College,Moberly,MO,-92.455064,39.418607,39,POINT (-92.455064 39.418607)
1777,178518,67,46,21,1,1,0,4,1,3,5,4,1,57,40,17,0,0,0,Nazarene Theological Seminary,Kansas City,MO,-94.565781,39.009265,0,POINT (-94.565781 39.009265)
1778,178527,23,2,21,1,0,1,0,0,0,2,0,2,20,2,18,0,0,0,Neosho Beauty College,Neosho,MO,-94.368636,36.870562,0,POINT (-94.368636 36.870562)
1779,178615,1230,490,740,40,14,26,39,16,23,37,13,24,987,377,610,85,54,31,Truman State University,Kirksville,MO,-92.581658,40.188267,42,POINT (-92.581658 40.188267)
1780,178624,1999,734,1265,8,6,2,78,34,44,49,21,28,1634,545,1089,164,103,61,Northwest Missouri State University,Maryville,MO,-94.883339,40.351692,66,POINT (-94.883339 40.351692)
1781,178679,140,63,77,2,1,1,2,2,0,5,1,4,118,51,67,1,1,0,Ozark Christian College,Joplin,MO,-94.510622,37.103172,12,POINT (-94.510622 37.103172)
1782,178697,309,146,163,2,1,1,3,2,1,16,9,7,262,125,137,4,1,3,College of the Ozarks,Point Lookout,MO,-93.238174,36.616019,22,POINT (-93.238174 36.616019)
1783,178721,2555,1256,1299,58,36,22,415,201,214,549,243,306,1150,565,585,52,33,19,Park University,Parkville,MO,-94.679041,39.189256,331,POINT (-94.679041 39.189256)
1784,178767,32,4,28,0,0,0,19,1,18,1,0,1,12,3,9,0,0,0,Stevens-The Institute of Business & Arts,Saint Louis,MO,-90.201157,38.632917,0,POINT (-90.201157 38.632917)
1785,178828,21,6,15,0,0,0,0,0,0,1,0,1,19,6,13,0,0,0,Poplar Bluff Technical Career Center,Poplar Bluff,MO,-90.450477,36.793776,1,POINT (-90.450477 36.793776)
1786,178891,677,633,44,3,2,1,68,60,8,15,15,0,467,443,24,1,1,0,Ranken Technical College,Saint Louis,MO,-90.248465,38.653303,123,POINT (-90.248465 38.653303)
1787,178989,203,24,179,5,1,4,12,3,9,4,0,4,169,18,151,0,0,0,Research College of Nursing,Kansas City,MO,-94.556762,39.006611,13,POINT (-94.556762 39.006611)
1788,179043,1076,334,742,48,16,32,64,24,40,76,33,43,787,234,553,11,8,3,Rockhurst University,Kansas City,MO,-94.573003,39.032318,90,POINT (-94.573003 39.032318)
1789,179052,55,14,41,0,0,0,0,0,0,3,1,2,51,13,38,1,0,1,Rolla Technical Institute/Center,Rolla,MO,-91.748741,37.947448,0,POINT (-91.748741 37.947448)
1790,179159,3171,1196,1975,316,130,186,193,69,124,157,74,83,2163,760,1403,218,110,108,Saint Louis University,Saint Louis,MO,-90.2351,38.636801,124,POINT (-90.2351 38.636801)
1791,179195,14,1,13,0,0,0,0,0,0,1,0,1,13,1,12,0,0,0,Salem College of Hairstyling,Rolla,MO,-91.785219,37.944067,0,POINT (-91.785219 37.944067)
1792,179229,20,2,18,1,0,1,3,2,1,0,0,0,15,0,15,0,0,0,American College of Hair Design Inc,Sedalia,MO,-93.269026,38.711715,1,POINT (-93.269026 38.711715)
1793,179256,22,14,8,1,1,0,8,4,4,0,0,0,12,8,4,1,1,0,Saint Louis Christian College,Florissant,MO,-90.294569,38.775771,0,POINT (-90.294569 38.775771)
1794,179265,341,134,207,83,36,47,29,11,18,6,3,3,186,70,116,13,5,8,University of Health Sciences and Pharmacy in St. Louis,Saint Louis,MO,-90.260617,38.636904,24,POINT (-90.260617 38.636904)
1795,179308,2250,763,1487,110,50,60,487,112,375,86,24,62,1404,518,886,18,10,8,Saint Louis Community College,Bridgeton,MO,-90.437078,38.745678,145,POINT (-90.437078 38.745678)
1796,179317,18,6,12,1,0,1,1,1,0,0,0,0,14,4,10,0,0,0,Saint Paul School of Theology,Leawood,KS,-94.641277,38.880458,2,POINT (-94.641277 38.880458)
1797,179326,745,214,531,8,4,4,25,7,18,18,4,14,622,180,442,16,7,9,Southwest Baptist University,Bolivar,MO,-93.407056,37.602425,56,POINT (-93.407056 37.602425)
1798,179344,251,71,180,1,0,1,4,2,2,6,3,3,228,60,168,2,0,2,Missouri State University-West Plains,West Plains,MO,-91.857838,36.729574,10,POINT (-91.857838 36.729574)
1799,179511,108,6,102,2,0,2,95,4,91,1,0,1,9,2,7,0,0,0,St Louis College of Health Careers-St Louis,Saint Louis,MO,-90.26194,38.63155,1,POINT (-90.26194 38.63155)
1800,179539,716,220,496,4,1,3,24,10,14,30,10,20,620,186,434,3,2,1,State Fair Community College,Sedalia,MO,-93.268028,38.696423,35,POINT (-93.268028 38.696423)
1801,179548,181,15,166,1,1,0,23,2,21,10,1,9,130,10,120,1,0,1,Stephens College,Columbia,MO,-92.319204,38.95204,16,POINT (-92.319204 38.95204)
1802,179557,2238,836,1402,22,14,8,159,56,103,40,18,22,1756,608,1148,213,122,91,Southeast Missouri State University,Cape Girardeau,MO,-89.531187,37.311107,48,POINT (-89.531187 37.311107)
1803,179566,5116,1944,3172,90,40,50,180,78,102,190,78,112,4043,1470,2573,393,185,208,Missouri State University-Springfield,Springfield,MO,-93.281281,37.199258,220,POINT (-93.281281 37.199258)
1804,179645,569,160,409,2,1,1,33,6,27,11,3,8,461,118,343,3,3,0,Three Rivers College,Poplar Bluff,MO,-90.429769,36.776571,59,POINT (-90.429769 36.776571)
1805,179715,383,100,283,1,0,1,3,3,0,16,5,11,338,80,258,8,6,2,North Central Missouri College,Trenton,MO,-93.617353,40.078096,17,POINT (-93.617353 40.078096)
1806,179812,348,191,157,91,46,45,13,4,9,32,22,10,173,101,72,8,4,4,Kansas City University,Kansas City,MO,-94.561374,39.107553,31,POINT (-94.561374 39.107553)
1807,179867,4725,2160,2565,502,231,271,344,118,226,295,137,158,1946,871,1075,1359,665,694,Washington University in St Louis,Saint Louis,MO,-90.310604,38.647929,279,POINT (-90.310604 38.647929)
1808,179894,3252,1402,1850,119,61,58,947,351,596,255,117,138,1557,710,847,99,45,54,Webster University,Saint Louis,MO,-90.345151,38.588875,275,POINT (-90.345151 38.588875)
1809,179946,139,74,65,2,1,1,7,5,2,3,1,2,109,58,51,5,0,5,Westminster College,Fulton,MO,-91.955273,38.849354,13,POINT (-91.955273 38.849354)
1810,179955,191,75,116,7,3,4,17,7,10,11,9,2,139,48,91,4,4,0,William Jewell College,Liberty,MO,-94.413126,39.247844,13,POINT (-94.413126 39.247844)
1811,179964,649,197,452,4,0,4,29,9,20,16,5,11,536,160,376,15,8,7,William Woods University,Fulton,MO,-91.950416,38.860287,49,POINT (-91.950416 38.860287)
1812,179991,22,1,21,0,0,0,0,0,0,1,0,1,21,1,20,0,0,0,Academy of Cosmetology Inc,Bozeman,MT,-111.039848,45.680544,0,POINT (-111.039848 45.680544)
1813,180054,69,14,55,0,0,0,0,0,0,1,0,1,3,0,3,0,0,0,Blackfeet Community College,Browning,MT,-113.009387,48.551927,65,POINT (-113.009387 48.551927)
1814,180063,14,0,14,0,0,0,0,0,0,0,0,0,14,0,14,0,0,0,Butte Academy of Beauty Culture,Butte,MT,-112.540982,46.01274,0,POINT (-112.540982 46.01274)
1815,180081,109,95,14,1,1,0,1,1,0,1,1,0,93,80,13,0,0,0,Highlands College of Montana Tech,Butte,MT,-112.509365,45.938145,13,POINT (-112.509365 45.938145)
1816,180090,55,2,53,0,0,0,1,0,1,1,0,1,46,2,44,0,0,0,Crevier's Academy of Cosmetology Arts,Kalispell,MT,-114.319109,48.201201,7,POINT (-114.319109 48.201201)
1817,180106,263,94,169,2,2,0,0,0,0,11,3,8,220,76,144,6,6,0,Carroll College,Helena,MT,-112.040285,46.600771,24,POINT (-112.040285 46.600771)
1818,180151,73,31,42,0,0,0,2,2,0,6,6,0,51,14,37,7,6,1,Dawson Community College,Glendive,MT,-104.725485,47.085396,7,POINT (-104.725485 47.085396)
1819,180160,8,5,3,0,0,0,0,0,0,0,0,0,1,1,0,0,0,0,Chief Dull Knife College,Lame Deer,MT,-106.664593,45.625568,7,POINT (-106.664593 45.625568)
1820,180179,762,264,498,10,2,8,7,3,4,48,17,31,614,204,410,16,13,3,Montana State University Billings,Billings,MT,-108.523009,45.796896,67,POINT (-108.523009 45.796896)
1821,180197,297,118,179,2,1,1,2,2,0,7,4,3,236,86,150,2,1,1,Flathead Valley Community College,Kalispell,MT,-114.327258,48.227389,48,POINT (-114.327258 48.227389)
1822,180203,26,14,12,0,0,0,0,0,0,0,0,0,1,0,1,0,0,0,Aaniiih Nakoda College,Harlem,MT,-108.757816,48.484196,25,POINT (-108.757816 48.484196)
1823,180212,63,23,40,0,0,0,0,0,0,0,0,0,11,5,6,0,0,0,Fort Peck Community College,Poplar,MT,-105.193021,48.113569,52,POINT (-105.193021 48.113569)
1824,180249,281,74,207,0,0,0,1,0,1,18,6,12,230,64,166,0,0,0,Great Falls College Montana State University,Great Falls,MT,-111.269558,47.485581,32,POINT (-111.269558 47.485581)
1825,180258,353,77,276,25,9,16,20,7,13,15,3,12,252,50,202,0,0,0,University of Providence,Great Falls,MT,-111.270604,47.490713,41,POINT (-111.270604 47.490713)
1826,180276,191,85,106,2,0,2,0,0,0,9,3,6,155,70,85,0,0,0,Helena College University of Montana,Helena,MT,-112.016035,46.595384,25,POINT (-112.016035 46.595384)
1827,180328,31,5,26,0,0,0,0,0,0,0,0,0,2,0,2,0,0,0,Little Big Horn College,Crow Agency,MT,-107.455421,45.603781,29,POINT (-107.455421 45.603781)
1828,180373,123,53,70,0,0,0,3,3,0,3,1,2,106,44,62,0,0,0,Miles Community College,Miles City,MT,-105.826524,46.40526,11,POINT (-105.826524 46.40526)
1829,180416,352,221,131,0,0,0,3,2,1,9,8,1,266,162,104,33,28,5,Montana Technological University,Butte,MT,-112.559511,46.012868,41,POINT (-112.559511 46.012868)
1830,180461,3234,1532,1702,25,12,13,12,7,5,123,50,73,2770,1307,1463,81,58,23,Montana State University,Bozeman,MT,-111.048812,45.666726,223,POINT (-111.048812 45.666726)
1831,180489,2634,1064,1570,163,52,111,30,21,9,101,43,58,1886,761,1125,187,73,114,The University of Montana,Missoula,MT,-113.982912,46.859312,267,POINT (-113.982912 46.859312)
1832,180522,223,106,117,2,0,2,3,3,0,12,6,6,166,79,87,2,0,2,Montana State University-Northern,Havre,MT,-109.687806,48.54149,38,POINT (-109.687806 48.54149)
1833,180595,204,86,118,2,0,2,3,1,2,6,1,5,175,77,98,4,1,3,Rocky Mountain College,Billings,MT,-108.554075,45.796522,14,POINT (-108.554075 45.796522)
1834,180647,185,52,133,2,2,0,0,0,0,2,0,2,45,15,30,0,0,0,Salish Kootenai College,Pablo,MT,-114.111635,47.598592,136,POINT (-114.111635 47.598592)
1835,180692,315,94,221,2,1,1,1,1,0,8,2,6,263,70,193,1,0,1,The University of Montana-Western,Dillon,MT,-112.639264,45.208306,40,POINT (-112.639264 45.208306)
1836,180717,9,6,3,0,0,0,1,0,1,2,1,1,6,5,1,0,0,0,Yellowstone Christian College,Billings,MT,-108.616865,45.742342,0,POINT (-108.616865 45.742342)
1837,180814,3517,1660,1857,140,70,70,347,156,191,425,191,234,1933,918,1015,11,7,4,Bellevue University,Bellevue,NE,-95.91764,41.150225,661,POINT (-95.91764 41.150225)
1838,180832,316,38,278,12,1,11,9,2,7,18,1,17,243,28,215,0,0,0,Clarkson College,Omaha,NE,-95.974847,41.259165,34,POINT (-95.974847 41.259165)
1839,180878,160,21,139,6,1,5,1,0,1,1,1,0,144,17,127,0,0,0,Bryan College of Health Sciences,Lincoln,NE,-96.651532,40.796768,8,POINT (-96.651532 40.796768)
1840,180902,1640,793,847,12,2,10,45,28,17,358,191,167,1208,564,644,0,0,0,Central Community College,Grand Island,NE,-98.372549,40.889582,17,POINT (-98.372549 40.889582)
1841,180948,483,192,291,3,2,1,13,10,3,34,16,18,393,147,246,15,4,11,Chadron State College,Chadron,NE,-103.001615,42.8199,25,POINT (-103.001615 42.8199)
1842,180957,44,30,14,0,0,0,5,4,1,23,14,9,12,8,4,0,0,0,College of Hair Design-Downtown,Lincoln,NE,-96.705169,40.811084,4,POINT (-96.705169 40.811084)
1843,180984,1234,293,941,20,2,18,126,24,102,74,27,47,702,183,519,8,3,5,Concordia University-Nebraska,Seward,NE,-97.089054,40.914853,304,POINT (-97.089054 40.914853)
1844,181002,2544,966,1578,202,80,122,93,37,56,162,57,105,1869,698,1171,70,40,30,Creighton University,Omaha,NE,-95.947811,41.265361,148,POINT (-95.947811 41.265361)
1845,181020,653,240,413,13,5,8,19,13,6,30,13,17,545,196,349,7,3,4,Doane University,Crete,NE,-96.950932,40.622952,39,POINT (-96.950932 40.622952)
1846,181127,231,115,116,4,0,4,10,8,2,23,8,15,176,84,92,8,7,1,Hastings College,Hastings,NE,-98.374403,40.59025,10,POINT (-98.374403 40.59025)
1847,181145,7,2,5,0,0,0,0,0,0,2,0,2,5,2,3,0,0,0,CHI Health School of Radiologic Technology,Omaha,NE,-96.020431,41.32206,0,POINT (-96.020431 41.32206)
1848,181190,54,3,51,2,1,1,3,0,3,18,1,17,28,1,27,0,0,0,Joseph's College Cosmetology,Lincoln,NE,-96.626464,40.815284,3,POINT (-96.626464 40.815284)
1849,181215,1393,487,906,13,7,6,19,12,7,106,47,59,1171,378,793,56,35,21,University of Nebraska at Kearney,Kearney,NE,-99.098699,40.701452,28,POINT (-99.098699 40.701452)
1850,181297,373,44,329,6,2,4,18,5,13,15,0,15,313,33,280,2,1,1,Nebraska Methodist College of Nursing & Allied Health,Omaha,NE,-96.048511,41.265973,19,POINT (-96.048511 41.265973)
1851,181303,1670,749,921,74,32,42,154,58,96,195,84,111,995,447,548,14,5,9,Metropolitan Community College Area,Omaha,NE,-95.957829,41.310451,238,POINT (-95.957829 41.310451)
1852,181312,375,147,228,6,3,3,8,4,4,36,8,28,292,119,173,16,8,8,Mid-Plains Community College,North Platte,NE,-100.748417,41.110429,17,POINT (-100.748417 41.110429)
1853,181330,385,142,243,5,4,1,17,11,6,40,18,22,252,81,171,1,1,0,Midland University,Fremont,NE,-96.488008,41.43674,70,POINT (-96.488008 41.43674)
1854,181394,3341,1385,1956,116,49,67,166,66,100,144,52,92,2315,950,1365,194,114,80,University of Nebraska at Omaha,Omaha,NE,-96.008516,41.258769,406,POINT (-96.008516 41.258769)
1855,181419,11,2,9,0,0,0,0,0,0,1,1,0,1,0,1,0,0,0,Nebraska Indian Community College,Macy,NE,-96.35176,42.11677,9,POINT (-96.35176 42.11677)
1856,181428,1190,313,877,58,21,37,26,13,13,51,11,40,963,235,728,53,15,38,University of Nebraska Medical Center,Omaha,NE,-95.973966,41.256312,39,POINT (-95.973966 41.256312)
1857,181446,460,174,286,8,5,3,15,5,10,31,11,20,366,138,228,7,2,5,Nebraska Wesleyan University,Lincoln,NE,-96.64831,40.839098,33,POINT (-96.64831 40.839098)
1858,181464,5692,2882,2810,133,61,72,96,39,57,316,159,157,4144,2060,2084,758,450,308,University of Nebraska-Lincoln,Lincoln,NE,-96.700508,40.817598,245,POINT (-96.700508 40.817598)
1859,181491,885,423,462,5,3,2,15,12,3,103,45,58,702,331,371,29,18,11,Northeast Community College,Norfolk,NE,-97.396578,42.048647,31,POINT (-97.396578 42.048647)
1860,181534,347,125,222,2,1,1,15,6,9,26,14,12,296,101,195,0,0,0,Peru State College,Peru,NE,-95.732731,40.474689,8,POINT (-95.732731 40.474689)
1861,181543,7,6,1,0,0,0,0,0,0,1,1,0,5,4,1,1,1,0,Summit Christian College,Gering,NE,-103.675715,41.829274,0,POINT (-103.675715 41.829274)
1862,181604,295,9,286,8,0,8,20,0,20,24,0,24,221,8,213,2,0,2,College of Saint Mary,Omaha,NE,-96.021425,41.240028,20,POINT (-96.021425 41.240028)
1863,181640,1309,691,618,39,18,21,40,24,16,120,60,60,1074,579,495,0,0,0,Southeast Community College Area,Lincoln,NE,-96.62818,40.81079,36,POINT (-96.62818 40.81079)
1864,181738,175,58,117,12,6,6,14,7,7,36,15,21,102,27,75,6,0,6,Union College,Lincoln,NE,-96.651095,40.774778,5,POINT (-96.651095 40.774778)
1865,181765,61,20,41,0,0,0,0,0,0,6,5,1,54,15,39,0,0,0,Nebraska College of Technical Agriculture,Curtis,NE,-100.510409,40.635454,1,POINT (-100.510409 40.635454)
1866,181783,839,345,494,4,2,2,18,15,3,55,19,36,691,281,410,21,9,12,Wayne State College,Wayne,NE,-97.015122,42.241556,50,POINT (-97.015122 42.241556)
1867,181817,249,122,127,6,6,0,3,2,1,55,22,33,167,82,85,0,0,0,Western Nebraska Community College,Scottsbluff,NE,-103.64249,41.875705,18,POINT (-103.64249 41.875705)
1868,181853,78,35,43,0,0,0,8,6,2,11,2,9,51,21,30,6,5,1,York College,York,NE,-97.579352,40.869526,2,POINT (-97.579352 40.869526)
1869,181880,179,12,167,7,3,4,37,4,33,64,3,61,42,1,41,0,0,0,Academy of Hair Design-Las Vegas,Las Vegas,NV,-115.210473,36.15846,29,POINT (-115.210473 36.15846)
1870,181941,162,101,61,8,6,2,4,3,1,61,33,28,81,56,25,0,0,0,Career College of Northern Nevada,Sparks,NV,-119.719415,39.540865,8,POINT (-119.719415 39.540865)
1871,182005,4472,1750,2722,498,205,293,391,118,273,1501,601,900,1438,575,863,66,27,39,College of Southern Nevada,Las Vegas,NV,-115.233099,36.158114,578,POINT (-115.233099 36.158114)
1872,182148,150,19,131,10,2,8,31,3,28,38,6,32,39,5,34,0,0,0,Las Vegas College,Las Vegas,NV,-115.275386,36.067688,32,POINT (-115.275386 36.067688)
1873,182281,6511,2598,3913,978,400,578,461,149,312,1711,618,1093,2266,980,1286,338,141,197,University of Nevada-Las Vegas,Las Vegas,NV,-115.138462,36.106047,757,POINT (-115.138462 36.106047)
1874,182290,4879,2092,2787,408,184,224,153,66,87,978,348,630,2721,1226,1495,144,82,62,University of Nevada-Reno,Reno,NV,-119.815377,39.543642,475,POINT (-119.815377 39.543642)
1875,182306,685,270,415,21,6,15,16,3,13,165,72,93,411,160,251,1,0,1,Great Basin College,Elko,NV,-115.767274,40.84343,71,POINT (-115.767274 40.84343)
1876,182458,205,71,134,1,0,1,5,2,3,5,0,5,158,60,98,0,0,0,Sierra Nevada University,Incline Village,NV,-119.939125,39.244278,36,POINT (-119.939125 39.244278)
1877,182500,2184,1028,1156,123,49,74,47,22,25,631,281,350,1225,596,629,13,5,8,Truckee Meadows Community College,Reno,NV,-119.796975,39.571402,145,POINT (-119.796975 39.571402)
1878,182564,992,451,541,23,8,15,14,8,6,247,108,139,606,285,321,0,0,0,Western Nevada College,Carson City,NV,-119.79036,39.186158,102,POINT (-119.79036 39.186158)
1879,182634,188,58,130,8,2,6,6,1,5,3,2,1,144,46,98,7,5,2,Colby-Sawyer College,New London,NH,-71.975805,43.411663,20,POINT (-71.975805 43.411663)
1880,182652,15,0,15,0,0,0,0,0,0,1,0,1,12,0,12,0,0,0,Continental Academie of Hair Design-Hudson,Hudson,NH,-71.44515,42.7768,2,POINT (-71.44515 42.7768)
1881,182670,1986,1059,927,279,132,147,112,59,53,164,97,67,954,526,428,301,167,134,Dartmouth College,Hanover,NH,-72.289949,43.704115,176,POINT (-72.289949 43.704115)
1882,182704,36,0,36,0,0,0,0,0,0,0,0,0,35,0,35,0,0,0,Empire Beauty School-Laconia,Laconia,NH,-71.469612,43.527157,1,POINT (-71.469612 43.527157)
1883,182722,82,6,76,4,1,3,3,1,2,3,0,3,67,4,63,0,0,0,Empire Beauty School-Somersworth,Somersworth,NH,-70.881563,43.23004,5,POINT (-70.881563 43.23004)
1884,182795,526,205,321,19,5,14,24,13,11,29,11,18,380,145,235,17,13,4,Franklin Pierce University,Rindge,NH,-72.058011,42.78014,57,POINT (-72.058011 42.78014)
1885,182829,101,54,47,4,2,2,2,0,2,6,2,4,68,35,33,5,3,2,University of New Hampshire-Franklin Pierce School of Law,Concord,NH,-71.545152,43.207371,16,POINT (-71.545152 43.207371)
1886,182892,14,0,14,0,0,0,0,0,0,0,0,0,9,0,9,0,0,0,Keene Beauty Academy,Keene,NH,-72.321097,42.948977,5,POINT (-72.321097 42.948977)
1887,182917,12,4,8,0,0,0,0,0,0,0,0,0,11,4,7,0,0,0,Magdalen College,Warner,NH,-71.834444,43.314908,1,POINT (-71.834444 43.314908)
1888,182953,71,0,71,0,0,0,1,0,1,8,0,8,60,0,60,0,0,0,Michael's School of Hair Design & Esthetics,Bedford,NH,-71.476135,42.957837,2,POINT (-71.476135 42.957837)
1889,182980,1061,623,438,16,9,7,67,31,36,42,20,22,362,156,206,455,352,103,New England College,Henniker,NH,-71.822282,43.176403,119,POINT (-71.822282 43.176403)
1890,182999,12,0,12,0,0,0,0,0,0,0,0,0,12,0,12,0,0,0,New England School of Hair Design,West Lebanon,NH,-72.321429,43.627356,0,POINT (-72.321429 43.627356)
1891,183026,26766,9509,17257,658,281,377,3769,1140,2629,2511,824,1687,16323,5941,10382,259,123,136,Southern New Hampshire University,Manchester,NH,-71.451842,43.038922,3246,POINT (-71.451842 43.038922)
1892,183035,16,1,15,0,0,0,1,0,1,0,0,0,15,1,14,0,0,0,New Hampshire Institute for Therapeutic Arts,Nashua,NH,-71.448163,42.764338,0,POINT (-71.448163 42.764338)
1893,183044,3883,1613,2270,98,42,56,47,23,24,98,34,64,3190,1274,1916,226,145,81,University of New Hampshire-Main Campus,Durham,NH,-70.932465,43.135934,224,POINT (-70.932465 43.135934)
1894,183062,737,316,421,10,6,4,12,8,4,35,18,17,606,249,357,3,0,3,Keene State College,Keene,NH,-72.279276,42.926452,71,POINT (-72.279276 42.926452)
1895,183071,188,82,106,11,7,4,2,1,1,12,3,9,134,52,82,2,2,0,University of New Hampshire at Manchester,Manchester,NH,-71.468755,42.987209,27,POINT (-71.468755 42.987209)
1896,183080,1082,472,610,12,4,8,14,10,4,25,12,13,917,397,520,17,11,6,Plymouth State University,Plymouth,NH,-71.690164,43.759573,97,POINT (-71.690164 43.759573)
1897,183099,570,208,362,10,5,5,14,10,4,25,6,19,484,171,313,0,0,0,NHTI-Concord's Community College,Concord,NH,-71.531979,43.223621,37,POINT (-71.531979 43.223621)
1898,183105,200,103,97,1,0,1,1,1,0,0,0,0,189,96,93,0,0,0,White Mountains Community College,Berlin,NH,-71.158535,44.503494,9,POINT (-71.158535 44.503494)
1899,183114,166,27,139,3,1,2,4,0,4,0,0,0,146,24,122,0,0,0,River Valley Community College,Claremont,NH,-72.333114,43.399046,13,POINT (-72.333114 43.399046)
1900,183123,106,60,46,1,0,1,1,0,1,2,1,1,86,48,38,0,0,0,Lakes Region Community College,Laconia,NH,-71.462602,43.507568,16,POINT (-71.462602 43.507568)
1901,183132,405,179,226,13,4,9,17,8,9,22,10,12,303,133,170,0,0,0,Manchester Community College,Manchester,NH,-71.483534,43.019823,50,POINT (-71.483534 43.019823)
1902,183141,270,138,132,7,4,3,10,4,6,20,8,12,222,117,105,0,0,0,Nashua Community College,Nashua,NH,-71.523462,42.794576,11,POINT (-71.523462 42.794576)
1903,183150,306,126,180,9,3,6,3,3,0,14,7,7,271,108,163,0,0,0,Great Bay Community College,Portsmouth,NH,-70.798969,43.072093,9,POINT (-70.798969 43.072093)
1904,183202,35,3,32,0,0,0,0,0,0,2,1,1,33,2,31,0,0,0,Paul Mitchell the School-Portsmouth,Portsmouth,NH,-70.760159,43.075732,0,POINT (-70.760159 43.075732)
1905,183211,593,114,479,55,25,30,48,12,36,20,3,17,420,68,352,0,0,0,Rivier University,Nashua,NH,-71.45626,42.738676,50,POINT (-71.45626 42.738676)
1906,183239,469,188,281,6,2,4,8,7,1,17,1,16,410,162,248,3,2,1,Saint Anselm College,Manchester,NH,-71.503622,42.986889,25,POINT (-71.503622 42.986889)
1907,183248,40,8,32,0,0,0,6,1,5,3,0,3,29,7,22,0,0,0,St Joseph School of Nursing,Nashua,NH,-71.478401,42.750142,2,POINT (-71.478401 42.750142)
1908,183257,591,189,402,7,2,5,22,9,13,21,10,11,507,153,354,0,0,0,Granite State College,Concord,NH,-71.527241,43.19291,34,POINT (-71.527241 43.19291)
1909,183275,13,7,6,0,0,0,0,0,0,0,0,0,13,7,6,0,0,0,Thomas More College of Liberal Arts,Merrimack,NH,-71.48437,42.80683,0,POINT (-71.48437 42.80683)
1910,183488,214,16,198,8,2,6,42,5,37,80,4,76,80,5,75,4,0,4,Eastwick College-Hackensack,Hackensack,NJ,-74.040491,40.885847,0,POINT (-74.040491 40.885847)
1911,183600,14,0,14,3,0,3,0,0,0,2,0,2,2,0,2,7,0,7,Assumption College for Sisters,Denville,NJ,-74.490693,40.905857,0,POINT (-74.490693 40.905857)
1912,183655,605,196,409,37,11,26,67,20,47,125,37,88,301,100,201,33,11,22,Atlantic Cape Community College,Mays Landing,NJ,-74.680019,39.462081,42,POINT (-74.680019 39.462081)
1913,183725,335,120,215,9,1,8,50,22,28,182,70,112,71,16,55,1,0,1,Fortis Institute-Wayne,Wayne,NJ,-74.255794,40.885499,22,POINT (-74.255794 40.885499)
1914,183743,2316,1039,1277,247,116,131,99,34,65,634,254,380,855,414,441,129,61,68,Bergen Community College,Paramus,NJ,-74.088804,40.951782,352,POINT (-74.088804 40.951782)
1915,183789,1046,241,805,19,6,13,164,37,127,428,90,338,116,31,85,19,14,5,Berkeley College-Woodland Park,Woodland Park,NJ,-74.189483,40.898587,300,POINT (-74.189483 40.898587)
1916,183804,943,943,0,0,0,0,0,0,0,0,0,0,934,934,0,9,9,0,Beth Medrash Govoha,Lakewood,NJ,-74.221328,40.095672,0,POINT (-74.221328 40.095672)
1917,183822,279,97,182,11,2,9,116,37,79,86,27,59,31,17,14,8,3,5,Bloomfield College,Bloomfield,NJ,-74.194309,40.795105,27,POINT (-74.194309 40.795105)
1918,183859,1716,782,934,74,37,37,103,40,63,259,120,139,1169,541,628,27,6,21,Brookdale Community College,Lincroft,NJ,-74.132746,40.324906,84,POINT (-74.132746 40.324906)
1919,183877,1329,428,901,63,18,45,188,46,142,151,54,97,797,271,526,31,10,21,Rowan College at Burlington County,Mount Laurel,NJ,-74.894464,39.972205,99,POINT (-74.894464 39.972205)
1920,183910,427,126,301,12,0,12,42,15,27,88,26,62,180,49,131,61,32,29,Caldwell University,Caldwell,NJ,-74.272571,40.832753,44,POINT (-74.272571 40.832753)
1921,183938,1547,618,929,75,29,46,248,82,166,245,99,146,790,329,461,96,42,54,Camden County College,Blackwood,NJ,-75.038381,39.784874,93,POINT (-75.038381 39.784874)
1922,183974,473,164,309,7,3,4,40,15,25,35,13,22,294,93,201,1,0,1,Centenary University,Hackettstown,NJ,-74.833644,40.84764,96,POINT (-74.833644 40.84764)
1923,183983,61,56,5,3,3,0,11,7,4,15,14,1,32,32,0,0,0,0,Adult and Continuing Education-BCTS,Hackensack,NJ,-74.035045,40.900877,0,POINT (-74.035045 40.900877)
1924,184056,254,84,170,10,4,6,93,29,64,87,23,64,43,19,24,0,0,0,Lincoln Technical Institute-Iselin,Iselin,NJ,-74.309058,40.55934,21,POINT (-74.309058 40.55934)
1925,184092,242,21,221,5,0,5,35,1,34,170,16,154,25,2,23,0,0,0,American Institute-Clifton,CLIFTON,NJ,-74.130158,40.873516,7,POINT (-74.130158 40.873516)
1926,184180,1224,632,592,71,45,26,38,18,20,254,108,146,733,391,342,21,7,14,County College of Morris,Randolph,NJ,-74.579873,40.859141,107,POINT (-74.579873 40.859141)
1927,184205,524,154,370,8,4,4,74,18,56,149,36,113,252,84,168,0,0,0,Rowan College South Jersey Cumberland Campus,Vineland,NJ,-75.057829,39.440537,41,POINT (-75.057829 39.440537)
1928,184278,64,63,1,0,0,0,4,4,0,5,5,0,53,52,1,0,0,0,Divers Academy International,ERIAL,NJ,-75.000877,39.747926,2,POINT (-75.000877 39.747926)
1929,184348,557,234,323,28,10,18,56,21,35,55,19,36,253,88,165,101,66,35,Drew University,Madison,NJ,-74.424584,40.761829,64,POINT (-74.424584 40.761829)
1930,184427,246,234,12,4,4,0,32,28,4,72,70,2,116,111,5,0,0,0,Lincoln Technical Institute-South Plainfield,South Plainfield,NJ,-74.420989,40.551078,22,POINT (-74.420989 40.551078)
1931,184481,1081,391,690,32,17,15,446,139,307,300,106,194,79,38,41,133,49,84,Essex County College,Newark,NJ,-74.178234,40.738444,91,POINT (-74.178234 40.738444)
1932,184506,67,3,64,0,0,0,47,1,46,13,1,12,2,1,1,0,0,0,Empire Beauty School-Union,Union,NJ,-74.238364,40.684576,5,POINT (-74.238364 40.684576)
1933,184603,1448,655,793,71,20,51,127,44,83,382,115,267,574,332,242,111,44,67,Fairleigh Dickinson University-Metropolitan Campus,Teaneck,NJ,-74.028986,40.897209,183,POINT (-74.028986 40.897209)
1934,184612,535,135,400,36,5,31,84,20,64,114,33,81,193,41,152,19,11,8,Felician University,Lodi,NJ,-74.096452,40.867272,89,POINT (-74.096452 40.867272)
1935,184694,972,368,604,66,24,42,61,22,39,145,51,94,621,236,385,11,5,6,Fairleigh Dickinson University-Florham Campus,Madison,NJ,-74.432121,40.774498,68,POINT (-74.432121 40.774498)
1936,184746,94,87,7,2,2,0,23,21,2,45,40,5,24,24,0,0,0,0,Hohokus School of Trade and Technical Sciences,Paterson,NJ,-74.152581,40.909377,0,POINT (-74.152581 40.909377)
1937,184773,612,126,486,13,3,10,46,11,35,70,9,61,440,92,348,9,5,4,Georgian Court University,Lakewood,NJ,-74.228186,40.099617,34,POINT (-74.228186 40.099617)
1938,184782,5170,2538,2632,350,176,174,456,175,281,489,204,285,3523,1806,1717,107,62,45,Rowan University,Glassboro,NJ,-75.119119,39.709108,245,POINT (-75.119119 39.709108)
1939,184791,1121,441,680,30,13,17,93,37,56,77,17,60,776,313,463,3,1,2,Rowan College of South Jersey Gloucester Campus,Sewell,NJ,-75.121269,39.781339,142,POINT (-75.121269 39.781339)
1940,184816,43,5,38,0,0,0,24,3,21,8,2,6,3,0,3,0,0,0,Empire Beauty School-Cherry Hill,Cherry Hill,NJ,-75.017823,39.941469,8,POINT (-75.017823 39.941469)
1941,184959,298,47,251,31,11,20,59,15,44,74,4,70,127,15,112,5,1,4,Eastwick College-Ramsey,Ramsey,NJ,-74.131486,41.057866,2,POINT (-74.131486 41.057866)
1942,184968,60,11,49,9,4,5,8,1,7,14,3,11,14,2,12,0,0,0,Holy Name Medical Center-Sister Claire Tynan School of Nursing,Englewood Cliffs,NJ,-73.948887,40.874956,15,POINT (-73.948887 40.874956)
1943,184995,1087,421,666,112,52,60,138,54,84,585,207,378,146,58,88,8,3,5,Hudson County Community College,Jersey City,NJ,-74.062903,40.7303,98,POINT (-74.062903 40.7303)
1944,185129,1784,601,1183,140,55,85,321,85,236,643,203,440,502,185,317,43,19,24,New Jersey City University,Jersey City,NJ,-74.08727,40.709937,135,POINT (-74.08727 40.709937)
1945,185174,65,50,15,2,2,0,11,9,2,17,13,4,30,21,9,5,5,0,Joe Kubert School of Cartoon and Graphic Art,Dover,NJ,-74.552663,40.887315,0,POINT (-74.552663 40.887315)
1946,185262,3221,1099,2122,202,85,117,590,196,394,802,244,558,1197,433,764,96,41,55,Kean University,Union,NJ,-74.233503,40.677981,334,POINT (-74.233503 40.677981)
1947,185396,728,706,22,28,27,1,231,222,9,247,242,5,177,172,5,0,0,0,Lincoln Technical Institute-Union,Union,NJ,-74.274929,40.706359,45,POINT (-74.274929 40.706359)
1948,185466,202,1,201,8,0,8,29,0,29,27,0,27,133,1,132,0,0,0,Rizzieri Aveda School for Beauty and Wellness,Voorhees,NJ,-74.999788,39.851767,5,POINT (-74.999788 39.851767)
1949,185509,821,379,442,62,34,28,111,50,61,165,65,100,377,187,190,41,17,24,Mercer County Community College,West Windsor,NJ,-74.650719,40.254398,65,POINT (-74.650719 40.254398)
1950,185536,1833,756,1077,333,159,174,170,67,103,572,198,374,570,243,327,39,15,24,Middlesex College,Edison,NJ,-74.366544,40.504728,149,POINT (-74.366544 40.504728)
1951,185572,1728,587,1141,51,14,37,85,29,56,211,65,146,1237,435,802,34,15,19,Monmouth University,West Long Branch,NJ,-74.006447,40.280066,110,POINT (-74.006447 40.280066)
1952,185590,5399,1885,3514,311,131,180,652,191,461,1385,426,959,2526,932,1594,133,61,72,Montclair State University,Montclair,NJ,-74.198141,40.860414,392,POINT (-74.198141 40.860414)
1953,185679,177,22,155,19,4,15,49,6,43,43,5,38,56,6,50,0,0,0,JFK Muhlenberg Harold B. and Dorothy A. Snyder Schools,Plainfield,NJ,-74.404293,40.605982,10,POINT (-74.404293 40.605982)
1954,185721,186,74,112,8,3,5,33,13,20,83,29,54,57,25,32,3,2,1,Eastwick College-Nutley,Nutley,NJ,-74.144192,40.810742,2,POINT (-74.144192 40.810742)
1955,185758,27,12,15,6,1,5,16,8,8,0,0,0,5,3,2,0,0,0,New Brunswick Theological Seminary,New Brunswick,NJ,-74.449368,40.501314,0,POINT (-74.449368 40.501314)
1956,185767,129,13,116,2,0,2,12,0,12,57,8,49,56,5,51,0,0,0,Robert Fiance Beauty Schools-West New York,West New York,NJ,-74.018286,40.786079,2,POINT (-74.018286 40.786079)
1957,185828,2941,2131,810,600,435,165,187,124,63,477,332,145,878,699,179,621,422,199,New Jersey Institute of Technology,Newark,NJ,-74.177113,40.741997,178,POINT (-74.177113 40.741997)
1958,185873,1555,621,934,36,21,15,55,18,37,220,84,136,1098,436,662,44,22,22,Ocean County College,Toms River,NJ,-74.16549,40.007809,102,POINT (-74.16549 40.007809)
1959,185970,60,0,60,0,0,0,4,0,4,10,0,10,42,0,42,0,0,0,P B Cosmetology Education Center,Gloucester,NJ,-75.126308,39.898805,4,POINT (-75.126308 39.898805)
1960,186016,301,14,287,6,0,6,35,3,32,175,7,168,67,2,65,3,0,3,Parisian Beauty School,Hackensack,NJ,-74.041163,40.889745,15,POINT (-74.041163 40.889745)
1961,186034,666,201,465,48,23,25,61,12,49,347,105,242,148,41,107,2,0,2,Passaic County Community College,Paterson,NJ,-74.168778,40.918449,60,POINT (-74.168778 40.918449)
1962,186052,480,387,93,7,7,0,109,85,24,113,91,22,246,200,46,0,0,0,Pennco Tech-Blackwood,Blackwood,NJ,-75.061659,39.807941,5,POINT (-75.061659 39.807941)
1963,186122,108,53,55,10,7,3,11,6,5,6,2,4,68,33,35,11,5,6,Princeton Theological Seminary,Princeton,NJ,-74.66645,40.345849,2,POINT (-74.66645 40.345849)
1964,186131,2056,1106,950,380,171,209,128,39,89,188,99,89,703,402,301,530,334,196,Princeton University,Princeton,NJ,-74.659365,40.348732,127,POINT (-74.659365 40.348732)
1965,186186,20,20,0,0,0,0,0,0,0,0,0,0,17,17,0,3,3,0,Rabbinical College of America,Morristown,NJ,-74.49878,40.805705,0,POINT (-74.49878 40.805705)
1966,186201,1527,603,924,121,46,75,74,28,46,248,83,165,984,397,587,32,21,11,Ramapo College of New Jersey,Mahwah,NJ,-74.174086,41.080942,68,POINT (-74.174086 41.080942)
1967,186274,101,14,87,1,0,1,16,2,14,58,11,47,22,1,21,0,0,0,Robert Fiance Beauty Schools,Boynton Beach,FL,-80.060233,26.513629,4,POINT (-80.060233 26.513629)
1968,186283,1385,539,846,57,24,33,141,52,89,181,57,124,849,335,514,62,36,26,Rider University,Lawrenceville,NJ,-74.737833,40.278796,95,POINT (-74.737833 40.278796)
1969,186371,1975,756,1219,194,77,117,282,85,197,284,96,188,1029,416,613,77,37,40,Rutgers University-Camden,Camden,NJ,-75.12224,39.948064,109,POINT (-75.12224 39.948064)
1970,186380,13327,5843,7484,3185,1508,1677,1048,322,726,1706,625,1081,5182,2287,2895,1545,835,710,Rutgers University-New Brunswick,New Brunswick,NJ,-74.446251,40.498769,661,POINT (-74.446251 40.498769)
1971,186399,3909,1749,2160,604,279,325,554,183,371,809,297,512,1013,562,451,722,331,391,Rutgers University-Newark,Newark,NJ,-74.175809,40.739122,207,POINT (-74.175809 40.739122)
1972,186405,16,1,15,0,0,0,1,0,1,1,0,1,13,1,12,0,0,0,St Francis Medical Center-School of Radiologic Technology,Trenton,NJ,-74.741869,40.216592,1,POINT (-74.741869 40.216592)
1973,186423,33,4,29,4,1,3,9,2,7,4,0,4,16,1,15,0,0,0,Saint Francis Medical Center School of Nursing,Trenton,NJ,-74.74186,40.216523,0,POINT (-74.74186 40.216523)
1974,186432,862,288,574,67,23,44,162,51,111,347,108,239,143,62,81,60,23,37,Saint Peter's University,Jersey City,NJ,-74.071541,40.727105,83,POINT (-74.071541 40.727105)
1975,186469,208,67,141,5,2,3,29,4,25,18,4,14,123,43,80,0,0,0,Salem Community College,Carneys Point,NJ,-75.47013,39.698756,33,POINT (-75.47013 39.698756)
1976,186584,2751,1145,1606,329,139,190,211,81,130,356,141,215,1333,574,759,112,38,74,Seton Hall University,South Orange,NJ,-74.246027,40.742336,410,POINT (-74.246027 40.742336)
1977,186593,85,11,74,4,2,2,9,1,8,24,8,16,44,0,44,0,0,0,Shore Beauty School,Egg Harbor Township,NJ,-74.613498,39.433238,4,POINT (-74.613498 39.433238)
1978,186618,361,68,293,16,2,14,53,11,42,78,11,67,157,33,124,3,0,3,Saint Elizabeth University,Morristown,NJ,-74.438221,40.78182,54,POINT (-74.438221 40.78182)
1979,186645,1161,545,616,102,46,56,89,41,48,228,103,125,597,291,306,32,8,24,Raritan Valley Community College,Branchburg,NJ,-74.688127,40.609681,113,POINT (-74.688127 40.609681)
1980,186867,2559,1815,744,249,162,87,49,33,16,109,77,32,896,646,250,1134,817,317,Stevens Institute of Technology,Hoboken,NJ,-74.025334,40.744776,122,POINT (-74.025334 40.744776)
1981,186876,2597,928,1669,177,80,97,186,64,122,336,124,212,1769,615,1154,17,8,9,Stockton University,Galloway,NJ,-74.531087,39.492036,112,POINT (-74.531087 39.492036)
1982,186900,2,2,0,0,0,0,0,0,0,0,0,0,2,2,0,0,0,0,Talmudical Academy-New Jersey,Adelphia,NJ,-74.250167,40.217456,0,POINT (-74.250167 40.217456)
1983,187000,133,132,1,0,0,0,4,4,0,10,9,1,0,0,0,0,0,0,Aviation Institute of Maintenance-Teterboro,Teterboro,NJ,-74.071874,40.841265,119,POINT (-74.071874 40.841265)
1984,187046,2411,1367,1044,120,64,56,256,123,133,265,143,122,1228,749,479,36,14,22,Thomas Edison State University,Trenton,NJ,-74.768562,40.220487,506,POINT (-74.768562 40.220487)
1985,187134,2200,790,1410,225,82,143,120,47,73,245,88,157,1389,502,887,6,4,2,The College of New Jersey,Ewing,NJ,-74.778791,40.268651,215,POINT (-74.778791 40.268651)
1986,187198,1757,621,1136,90,39,51,455,154,301,663,223,440,366,135,231,24,11,13,Union County College,Cranford,NJ,-74.319138,40.668595,159,POINT (-74.319138 40.668595)
1987,187444,2216,893,1323,175,88,87,299,118,181,654,249,405,980,396,584,22,10,12,William Paterson University of New Jersey,Wayne,NJ,-74.200248,40.945255,86,POINT (-74.200248 40.945255)
1988,187505,404,70,334,4,1,3,67,5,62,167,44,123,83,10,73,0,0,0,Olympian Academy of Cosmetology,Alamogordo,NM,-105.949398,32.900199,83,POINT (-105.949398 32.900199)
1989,187532,6659,2250,4409,189,61,128,153,71,82,3380,1098,2282,2018,753,1265,9,3,6,Central New Mexico Community College,Albuquerque,NM,-106.628861,35.071878,910,POINT (-106.628861 35.071878)
1990,187596,110,46,64,0,0,0,2,1,1,0,0,0,0,0,0,1,0,1,Navajo Technical University,Crownpoint,NM,-108.149392,35.687431,107,POINT (-108.149392 35.687431)
1991,187620,1092,457,635,12,3,9,8,5,3,772,314,458,224,102,122,37,13,24,New Mexico State University-Dona Ana,Las Cruces,NM,-106.737172,32.354486,39,POINT (-106.737172 32.354486)
1992,187639,625,145,480,8,1,7,18,6,12,315,75,240,236,53,183,0,0,0,Clovis Community College,Clovis,NM,-103.165886,34.402483,48,POINT (-103.165886 34.402483)
1993,187648,1243,416,827,16,3,13,39,23,16,479,139,340,580,195,385,36,21,15,Eastern New Mexico University-Main Campus,Portales,NM,-103.34819,34.175592,93,POINT (-103.34819 34.175592)
1994,187666,316,132,184,6,3,3,13,6,7,150,49,101,122,65,57,0,0,0,Eastern New Mexico University-Roswell Campus,Roswell,NM,-104.525718,33.313167,25,POINT (-104.525718 33.313167)
1995,187745,87,30,57,0,0,0,1,1,0,11,2,9,10,3,7,0,0,0,Institute of American Indian and Alaska Native Culture and Arts Development,Santa Fe,NM,-106.010015,35.586563,65,POINT (-106.010015 35.586563)
1996,187897,752,198,554,8,3,5,23,12,11,414,99,315,178,55,123,27,9,18,New Mexico Highlands University,Las Vegas,NM,-105.219197,35.596233,102,POINT (-105.219197 35.596233)
1997,187903,280,90,190,2,0,2,27,10,17,130,38,92,103,35,68,0,0,0,New Mexico Junior College,Hobbs,NM,-103.182896,32.757808,18,POINT (-103.182896 32.757808)
1998,187912,109,81,28,4,4,0,5,5,0,46,34,12,35,27,8,8,6,2,New Mexico Military Institute,Roswell,NM,-104.524448,33.409617,11,POINT (-104.524448 33.409617)
1999,187958,245,73,172,13,6,7,0,0,0,40,12,28,15,2,13,1,0,1,University of New Mexico-Gallup Campus,Gallup,NM,-108.727252,35.502662,176,POINT (-108.727252 35.502662)
2000,187967,335,225,110,20,12,8,5,4,1,112,77,35,149,103,46,31,25,6,New Mexico Institute of Mining and Technology,Socorro,NM,-106.905211,34.067041,18,POINT (-106.905211 34.067041)
2001,187976,51,16,35,1,0,1,1,1,0,29,8,21,13,5,8,1,0,1,University of New Mexico-Los Alamos Campus,Los Alamos,NM,-106.319557,35.886153,6,POINT (-106.319557 35.886153)
2002,187985,5427,2199,3228,230,97,133,127,58,69,2363,859,1504,1925,809,1116,284,170,114,University of New Mexico-Main Campus,Albuquerque,NM,-106.620155,35.083868,498,POINT (-106.620155 35.083868)
2003,187994,115,39,76,1,0,1,4,0,4,45,14,31,56,21,35,1,1,0,New Mexico State University-Alamogordo,Alamogordo,NM,-105.926241,32.92033,8,POINT (-105.926241 32.92033)
2004,188003,145,28,117,0,0,0,1,0,1,84,14,70,54,12,42,2,0,2,Southeast New Mexico College,Carlsbad,NM,-104.265536,32.442028,4,POINT (-104.265536 32.442028)
2005,188021,65,13,52,1,0,1,0,0,0,25,4,21,14,2,12,0,0,0,New Mexico State University-Grants,Grants,NM,-107.843638,35.165965,25,POINT (-107.843638 35.165965)
2006,188030,3040,1255,1785,47,19,28,84,49,35,1616,587,1029,908,389,519,232,144,88,New Mexico State University-Main Campus,Las Cruces,NM,-106.752069,32.281568,153,POINT (-106.752069 32.281568)
2007,188049,102,17,85,0,0,0,1,0,1,76,14,62,22,3,19,1,0,1,University of New Mexico-Valencia County Campus,Los Lunas,NM,-106.705371,34.728683,2,POINT (-106.705371 34.728683)
2008,188058,212,48,164,2,0,2,7,3,4,157,31,126,21,6,15,2,2,0,Northern New Mexico College,Espanola,NM,-106.084395,36.004073,23,POINT (-106.084395 36.004073)
2009,188100,1175,491,684,10,4,6,13,5,8,235,105,130,465,183,282,9,5,4,San Juan College,Farmington,NM,-108.169468,36.770446,443,POINT (-108.169468 36.770446)
2010,188137,535,165,370,9,3,6,8,5,3,280,71,209,156,58,98,33,7,26,Santa Fe Community College,Santa Fe,NM,-105.998054,35.605871,49,POINT (-105.998054 35.605871)
2011,188182,306,104,202,18,5,13,41,23,18,88,29,59,124,35,89,0,0,0,University of the Southwest,Hobbs,NM,-103.186948,32.775496,35,POINT (-103.186948 32.775496)
2012,188207,57,8,49,0,0,0,0,0,0,5,2,3,41,3,38,2,0,2,Southwestern College,Santa Fe,NM,-106.052585,35.636241,9,POINT (-106.052585 35.636241)
2013,188216,57,23,34,0,0,0,0,0,0,0,0,0,0,0,0,0,0,0,Southwestern Indian Polytechnic Institute,Albuquerque,NM,-106.664475,35.176084,57,POINT (-106.664475 35.176084)
2014,188225,130,42,88,1,1,0,0,0,0,64,18,46,54,20,34,1,1,0,University of New Mexico-Taos Campus,Ranchos de Taos,NM,-105.651709,36.348861,10,POINT (-105.651709 36.348861)
2015,188261,330,292,38,9,9,0,29,27,2,109,92,17,147,135,12,0,0,0,Mesalands Community College,Tucumcari,NM,-103.736303,35.170332,36,POINT (-103.736303 35.170332)
2016,188289,43,2,41,1,0,1,0,0,0,31,1,30,5,0,5,1,0,1,Vogue College of Cosmetology-Santa Fe,Santa Fe,NM,-105.981816,35.659082,5,POINT (-105.981816 35.659082)
2017,188304,639,212,427,12,3,9,37,13,24,268,86,182,243,72,171,20,11,9,Western New Mexico University,Silver City,NM,-108.283284,32.7767,59,POINT (-108.283284 32.7767)
2018,188340,314,273,41,34,29,5,41,31,10,87,71,16,37,34,3,57,54,3,Vaughn College of Aeronautics and Technology,Flushing,NY,-73.881721,40.768348,58,POINT (-73.881721 40.768348)
2019,188429,2511,716,1795,228,67,161,286,75,211,349,96,253,1237,328,909,207,108,99,Adelphi University,Garden City,NY,-73.653321,40.721439,204,POINT (-73.653321 40.721439)
2020,188438,537,206,331,6,4,2,11,6,5,21,6,15,484,184,300,1,1,0,SUNY Adirondack,Queensbury,NY,-73.654813,43.351839,14,POINT (-73.654813 43.351839)
2021,188517,100,32,68,5,2,3,23,10,13,11,6,5,48,13,35,0,0,0,Bryant & Stratton College-Albany,Albany,NY,-73.809977,42.698125,13,POINT (-73.809977 42.698125)
2022,188526,248,102,146,40,19,21,14,2,12,12,7,5,148,54,94,15,9,6,Albany College of Pharmacy and Health Sciences,Albany,NY,-73.779063,42.650371,19,POINT (-73.779063 42.650371)
2023,188535,195,89,106,12,5,7,11,3,8,14,8,6,137,64,73,2,1,1,Albany Law School,Albany,NY,-73.777495,42.651818,19,POINT (-73.777495 42.651818)
2024,188580,213,93,120,44,21,23,14,5,9,14,8,6,128,53,75,2,1,1,Albany Medical College,Albany,NY,-73.777289,42.65382,11,POINT (-73.777289 42.65382)
2025,188641,522,212,310,12,2,10,60,23,37,38,11,27,294,119,175,45,33,12,Alfred University,Alfred,NY,-77.788106,42.254476,73,POINT (-77.788106 42.254476)
2026,188650,343,14,329,4,0,4,225,11,214,86,1,85,2,0,2,0,0,0,Allen School-Brooklyn,Brooklyn,NY,-73.991546,40.693797,26,POINT (-73.991546 40.693797)
2027,188669,5,1,4,0,0,0,1,0,1,0,0,0,0,0,0,2,1,1,The Ailey School,New York,NY,-73.986891,40.766921,2,POINT (-73.986891 40.766921)
2028,188678,100,33,67,2,1,1,7,0,7,8,3,5,36,14,22,36,13,23,American Academy of Dramatic Arts-New York,New York,NY,-73.984843,40.745545,11,POINT (-73.984843 40.745545)
2029,188687,83,35,48,0,0,0,17,9,8,10,1,9,46,22,24,0,0,0,American Academy McAllister Institute of Funeral Service,New York,NY,-73.986466,40.757105,10,POINT (-73.986466 40.757105)
2030,188696,16,2,14,1,0,1,0,0,0,0,0,0,7,1,6,8,1,7,Joffrey Ballet School,New York,NY,-73.998566,40.734545,0,POINT (-73.998566 40.734545)
2031,188854,476,116,360,15,6,9,84,26,58,103,23,80,161,35,126,51,12,39,American Musical and Dramatic Academy,New York,NY,-73.987549,40.772275,62,POINT (-73.987549 40.772275)
2032,188890,949,922,27,50,49,1,241,229,12,228,222,6,77,77,0,0,0,0,Apex Technical School,Long Island City,NY,-73.941511,40.75043,353,POINT (-73.941511 40.75043)
2033,188915,16,1,15,0,0,0,0,0,0,0,0,0,16,1,15,0,0,0,Arnot Ogden Medical Center,Elmira,NY,-76.828062,42.101171,0,POINT (-76.828062 42.101171)
2034,188942,130,0,130,0,0,0,0,0,0,0,0,0,126,0,126,4,0,4,Associated Beth Rivkah Schools,Brooklyn,NY,-73.950704,40.665544,0,POINT (-73.950704 40.665544)
2035,189015,464,75,389,19,2,17,103,20,83,75,15,60,181,26,155,0,0,0,Bank Street College of Education,New York,NY,-73.966643,40.805604,86,POINT (-73.966643 40.805604)
2036,189088,661,294,367,31,14,17,103,54,49,84,39,45,302,129,173,63,26,37,Bard College,Annandale-On-Hudson,NY,-73.909927,42.020386,78,POINT (-73.909927 42.020386)
2037,189097,592,0,592,86,0,86,27,0,27,63,0,63,311,0,311,63,0,63,Barnard College,New York,NY,-73.963346,40.810098,42,POINT (-73.963346 40.810098)
2038,189219,133,117,16,7,6,1,42,37,5,44,40,4,35,31,4,0,0,0,Berk Trade and Business School,Long Island City,NY,-73.930982,40.745021,5,POINT (-73.930982 40.745021)
2039,189228,848,263,585,22,8,14,180,48,132,174,56,118,49,11,38,90,31,59,Berkeley College-New York,New York,NY,-73.979458,40.753986,333,POINT (-73.979458 40.753986)
2040,189255,81,0,81,4,0,4,9,0,9,12,0,12,56,0,56,0,0,0,Berkowits School of Electrolysis,Forest Hills,NY,-73.845213,40.709736,0,POINT (-73.845213 40.709736)
2041,189273,32,32,0,0,0,0,0,0,0,0,0,0,32,32,0,0,0,0,Beth Hamedrash Shaarei Yosher Institute,Brooklyn,NY,-73.981202,40.635444,0,POINT (-73.981202 40.635444)
2042,189282,167,18,149,20,2,18,32,2,30,20,2,18,58,6,52,0,0,0,Phillips School of Nursing at Mount Sinai Beth Israel,New York,NY,-73.936639,40.804778,37,POINT (-73.936639 40.804778)
2043,189404,116,0,116,1,0,1,49,0,49,32,0,32,24,0,24,1,0,1,Brittany Beauty Academy,Brooklyn,NY,-74.028581,40.62318,9,POINT (-74.028581 40.62318)
2044,189413,193,29,164,0,0,0,44,8,36,140,20,120,9,1,8,0,0,0,Boricua College,New York,NY,-73.9458,40.833434,0,POINT (-73.9458 40.833434)
2045,189468,136,1,135,6,0,6,25,0,25,48,0,48,53,1,52,0,0,0,Brittany Beauty Academy,Levittown,NY,-73.516164,40.72479,4,POINT (-73.516164 40.72479)
2046,189477,56,1,55,0,0,0,18,0,18,31,1,30,3,0,3,0,0,0,American Beauty School,Bronx,NY,-73.860639,40.835331,4,POINT (-73.860639 40.835331)
2047,189501,369,154,215,26,5,21,13,2,11,35,17,18,226,98,128,38,13,25,Brooklyn Law School,Brooklyn,NY,-73.989623,40.691836,31,POINT (-73.989623 40.691836)
2048,189547,935,339,596,46,15,31,63,29,34,80,32,48,713,252,461,0,0,0,SUNY Broome Community College,Binghamton,NY,-75.908065,42.135872,33,POINT (-75.908065 42.135872)
2049,189565,169,38,131,6,2,4,41,11,30,12,3,9,105,21,84,0,0,0,Bryant & Stratton College-Syracuse North,Liverpool,NY,-76.230807,43.149337,5,POINT (-76.230807 43.149337)
2050,189583,239,57,182,4,1,3,69,14,55,26,4,22,130,35,95,1,0,1,Bryant & Stratton College-Buffalo,Buffalo,NY,-78.869108,42.887197,9,POINT (-78.869108 42.887197)
2051,189592,86,16,70,0,0,0,16,3,13,5,1,4,60,12,48,0,0,0,Bryant & Stratton College-Greece,Rochester,NY,-77.69559,43.240547,5,POINT (-77.69559 43.240547)
2052,189705,910,430,480,21,11,10,65,33,32,46,18,28,668,324,344,31,17,14,Canisius College,Buffalo,NY,-78.852577,42.925206,79,POINT (-78.852577 42.925206)
2053,189714,260,8,252,0,0,0,45,3,42,63,2,61,143,2,141,2,1,1,Capri Cosmetology Learning Centers,Nanuet,NY,-74.022421,41.09909,7,POINT (-74.022421 41.09909)
2054,189811,257,81,176,42,8,34,82,23,59,49,13,36,42,9,33,0,0,0,St Paul's School of Nursing-Queens,Rego Park,NY,-73.858441,40.72921,42,POINT (-73.858441 40.72921)
2055,189839,345,126,219,1,0,1,10,3,7,9,2,7,291,103,188,5,5,0,Cayuga County Community College,Auburn,NY,-76.542867,42.943726,29,POINT (-76.542867 42.943726)
2056,189848,187,49,138,2,0,2,15,8,7,13,3,10,140,36,104,0,0,0,Cazenovia College,Cazenovia,NY,-75.854882,42.932489,17,POINT (-75.854882 42.932489)
2057,189857,185,185,0,0,0,0,0,0,0,0,0,0,153,153,0,32,32,0,Central Yeshiva Tomchei Tmimim Lubavitz,Brooklyn,NY,-73.938778,40.669694,0,POINT (-73.938778 40.669694)
2058,189990,803,13,790,33,1,32,234,4,230,298,4,294,136,1,135,21,1,20,"Christine Valmy International School for Esthetics, Skin Care & Makeup",New York,NY,-73.986466,40.757105,81,POINT (-73.986466 40.757105)
2059,190008,10,3,7,1,0,1,2,1,1,2,0,2,4,2,2,1,0,1,Circle in the Square Theatre School,New York,NY,-73.984607,40.762059,0,POINT (-73.984607 40.762059)
2060,190044,1117,680,437,59,26,33,27,11,16,39,18,21,812,515,297,98,63,35,Clarkson University,Potsdam,NY,-74.999359,44.662716,82,POINT (-74.999359 44.662716)
2061,190053,130,55,75,2,0,2,3,2,1,3,1,2,102,41,61,0,0,0,Clinton Community College,Plattsburgh,NY,-73.439739,44.64841,20,POINT (-73.439739 44.64841)
2062,190071,42,5,37,3,1,2,15,2,13,14,1,13,9,1,8,0,0,0,Cochran School of Nursing,Yonkers,NY,-73.885705,40.969116,1,POINT (-73.885705 40.969116)
2063,190080,11,6,5,0,0,0,5,4,1,0,0,0,4,2,2,0,0,0,Colgate Rochester Crozer Divinity School,Rochester,NY,-77.584292,43.159775,2,POINT (-77.584292 43.159775)
2064,190099,699,296,403,31,17,14,28,14,14,64,24,40,444,189,255,71,30,41,Colgate University,Hamilton,NY,-75.536346,42.819475,61,POINT (-75.536346 42.819475)
2065,190114,420,109,311,12,3,9,235,50,185,94,15,79,39,24,15,21,11,10,Metropolitan College of New York,New York,NY,-74.014702,40.708706,19,POINT (-74.014702 40.708706)
2066,190150,12850,5806,7044,1466,599,867,563,195,368,883,371,512,3572,1627,1945,5397,2600,2797,Columbia University in the City of New York,New York,NY,-73.961885,40.808286,969,POINT (-73.961885 40.808286)
2067,190169,212,64,148,6,1,5,14,7,7,16,7,9,165,46,119,0,0,0,Columbia-Greene Community College,Hudson,NY,-73.818113,42.217613,11,POINT (-73.818113 42.217613)
2068,190239,81,5,76,5,0,5,37,2,35,23,0,23,8,1,7,0,0,0,Empire Beauty School-Queens,Astoria,NY,-73.919033,40.759259,8,POINT (-73.919033 40.759259)
2069,190318,274,19,255,11,0,11,80,2,78,46,3,43,134,14,120,0,0,0,Continental School of Beauty Culture-Rochester,Rochester,NY,-77.626383,43.086397,3,POINT (-77.626383 43.086397)
2070,190372,213,141,72,48,33,15,4,1,3,20,14,6,73,49,24,38,22,16,Cooper Union for the Advancement of Science and Art,New York,NY,-73.991609,40.728148,30,POINT (-73.991609 40.728148)
2071,190415,7514,3755,3759,1257,549,708,371,166,205,709,385,324,2459,1271,1188,1981,1056,925,Cornell University,Ithaca,NY,-76.483084,42.4472,737,POINT (-76.483084 42.4472)
2072,190424,352,140,212,73,21,52,16,5,11,28,13,15,112,45,67,77,31,46,Weill Medical College of Cornell University,New York,NY,-73.954839,40.764738,46,POINT (-73.954839 40.764738)
2073,190442,512,176,336,3,1,2,19,4,15,15,2,13,380,130,250,1,1,0,SUNY Corning Community College,Corning,NY,-77.072138,42.116736,94,POINT (-77.072138 42.116736)
2074,190451,104,13,91,3,2,1,9,1,8,3,0,3,60,7,53,0,0,0,Pomeroy College of Nursing at Crouse Hospital,Syracuse,NY,-76.137558,43.040018,29,POINT (-76.137558 43.040018)
2075,190503,1076,537,539,86,48,38,53,24,29,174,79,95,493,249,244,176,94,82,Culinary Institute of America,Hyde Park,NY,-73.933231,41.745806,94,POINT (-73.933231 41.745806)
2076,190512,5516,2639,2877,1718,807,911,466,217,249,1153,529,624,1279,724,555,799,313,486,CUNY Bernard M Baruch College,New York,NY,-73.983417,40.740238,101,POINT (-73.983417 40.740238)
2077,190521,4487,1567,2920,590,236,354,1077,359,718,1869,642,1227,453,169,284,379,127,252,CUNY Borough of Manhattan Community College,New York,NY,-74.011826,40.71879,119,POINT (-74.011826 40.71879)
2078,190530,1568,562,1006,73,38,35,437,156,281,947,324,623,42,18,24,44,15,29,CUNY Bronx Community College,Bronx,NY,-73.912043,40.858112,25,POINT (-73.912043 40.858112)
2079,190549,4294,1539,2755,806,344,462,928,257,671,963,310,653,1330,533,797,146,58,88,CUNY Brooklyn College,Brooklyn,NY,-73.949898,40.631517,121,POINT (-73.949898 40.631517)
2080,190558,2726,1038,1688,314,148,166,297,124,173,707,232,475,1278,479,799,71,30,41,College of Staten Island CUNY,Staten Island,NY,-74.14849,40.601831,59,POINT (-74.14849 40.601831)
2081,190567,3695,1501,2194,761,372,389,589,187,402,1297,459,838,679,325,354,283,127,156,CUNY City College,New York,NY,-73.948542,40.819846,86,POINT (-73.948542 40.819846)
2082,190576,2797,968,1829,285,107,178,473,111,362,549,150,399,1033,396,637,386,177,209,CUNY Graduate School and University Center,New York,NY,-73.983822,40.748612,71,POINT (-73.983822 40.748612)
2083,190585,1033,297,736,33,7,26,266,77,189,648,180,468,22,6,16,48,20,28,CUNY Hostos Community College,Bronx,NY,-73.926759,40.81812,16,POINT (-73.926759 40.81812)
2084,190594,5880,1577,4303,1215,385,830,739,178,561,1705,419,1286,1808,480,1328,270,78,192,CUNY Hunter College,New York,NY,-73.964795,40.768669,143,POINT (-73.964795 40.768669)
2085,190600,4080,1709,2371,446,236,210,731,253,478,1828,666,1162,795,440,355,153,60,93,CUNY John Jay College of Criminal Justice,New York,NY,-73.98841,40.770351,127,POINT (-73.98841 40.770351)
2086,190619,2164,844,1320,320,159,161,608,208,400,438,158,280,624,239,385,104,49,55,CUNY Kingsborough Community College,Brooklyn,NY,-73.935812,40.577222,70,POINT (-73.935812 40.577222)
2087,190628,3114,1220,1894,685,286,399,440,164,276,1260,478,782,333,137,196,304,116,188,CUNY LaGuardia Community College,Long Island City,NY,-73.935057,40.7445,92,POINT (-73.935057 40.7445)
2088,190637,3850,1114,2736,280,92,188,1046,286,760,2032,565,1467,349,132,217,94,25,69,CUNY Lehman College,Bronx,NY,-73.895379,40.872962,49,POINT (-73.895379 40.872962)
2089,190646,1213,276,937,40,10,30,939,216,723,164,36,128,22,1,21,27,5,22,CUNY Medgar Evers College,Brooklyn,NY,-73.957076,40.666256,21,POINT (-73.957076 40.666256)
2090,190655,3003,1555,1448,718,412,306,777,378,399,938,467,471,359,185,174,149,83,66,CUNY New York City College of Technology,Brooklyn,NY,-73.987856,40.695483,62,POINT (-73.987856 40.695483)
2091,190664,4754,1783,2971,1264,528,736,375,115,260,1281,446,835,1459,551,908,235,93,142,CUNY Queens College,Queens,NY,-73.816098,40.735182,140,POINT (-73.816098 40.735182)
2092,190673,2376,972,1404,607,283,324,492,172,320,724,279,445,287,137,150,158,58,100,CUNY Queensborough Community College,Bayside,NY,-73.756656,40.755481,108,POINT (-73.756656 40.755481)
2093,190682,188,78,110,18,5,13,20,6,14,50,21,29,92,43,49,3,0,3,CUNY School of Law,Long Island City,NY,-73.943621,40.747797,5,POINT (-73.943621 40.747797)
2094,190691,1393,408,985,338,109,229,494,142,352,339,84,255,100,34,66,60,21,39,CUNY York College,Jamaica,NY,-73.796313,40.701576,62,POINT (-73.796313 40.701576)
2095,190707,10,1,9,0,0,0,1,0,1,1,0,1,8,1,7,0,0,0,CVPH Medical Center School of Radiologic Technology,Plattsburgh,NY,-73.469597,44.699929,0,POINT (-73.469597 44.699929)
2096,190716,754,212,542,40,14,26,57,14,43,35,11,24,521,139,382,49,17,32,D'Youville College,Buffalo,NY,-78.890868,42.902636,52,POINT (-78.890868 42.902636)
2097,190725,906,215,691,13,2,11,51,16,35,29,10,19,775,174,601,11,5,6,Daemen University,Amherst,NY,-78.788111,42.965605,27,POINT (-78.788111 42.965605)
2098,190752,5,5,0,0,0,0,0,0,0,0,0,0,5,5,0,0,0,0,Yeshiva of Far Rockaway Derech Ayson Rabbinical Seminary,Far Rockaway,NY,-73.743901,40.60049,0,POINT (-73.743901 40.60049)
2099,190761,552,150,402,58,22,36,78,18,60,130,24,106,208,57,151,22,14,8,Dominican College of Blauvelt,Orangeburg,NY,-73.950555,41.047419,56,POINT (-73.950555 41.047419)
2100,190840,977,376,601,22,10,12,97,32,65,223,79,144,569,231,338,7,2,5,Dutchess Community College,Poughkeepsie,NY,-73.904652,41.724245,59,POINT (-73.904652 41.724245)
2101,190956,49,3,46,5,1,4,2,0,2,6,1,5,36,1,35,0,0,0,Belanger School of Nursing,Schenectady,NY,-73.915884,42.802979,0,POINT (-73.915884 42.802979)
2102,190983,225,65,160,5,1,4,9,3,6,10,2,8,173,46,127,5,4,1,Elmira College,Elmira,NY,-76.813459,42.0961,23,POINT (-76.813459 42.0961)
2103,191083,1661,820,841,80,37,43,219,104,115,84,36,48,1129,566,563,16,8,8,Erie Community College,Buffalo,NY,-78.872679,42.881771,133,POINT (-78.872679 42.881771)
2104,191126,3689,550,3139,449,78,371,298,53,245,756,131,625,1501,203,1298,464,57,407,Fashion Institute of Technology,New York,NY,-73.994781,40.74731,221,POINT (-73.994781 40.74731)
2105,191199,604,234,370,6,4,2,21,6,15,33,14,19,489,190,299,0,0,0,Finger Lakes Community College,Canandaigua,NY,-77.241801,42.867556,55,POINT (-77.241801 42.867556)
2106,191205,136,94,42,6,3,3,30,22,8,24,17,7,67,46,21,1,0,1,Five Towns College,Dix Hills,NY,-73.369348,40.794506,8,POINT (-73.369348 40.794506)
2107,191241,5303,1974,3329,387,151,236,463,107,356,779,251,528,2536,968,1568,861,397,464,Fordham University,Bronx,NY,-73.882705,40.859354,277,POINT (-73.882705 40.859354)
2108,191302,300,121,179,3,1,2,8,3,5,39,17,22,211,79,132,12,9,3,Fulton-Montgomery Community College,Johnstown,NY,-74.297492,42.983805,27,POINT (-74.297492 42.983805)
2109,191311,43,17,26,14,6,8,0,0,0,8,4,4,15,6,9,3,0,3,Gemological Institute of America-New York,New York,NY,-73.980813,40.757267,3,POINT (-73.980813 40.757267)
2110,191320,20,8,12,0,0,0,5,2,3,0,0,0,12,4,8,3,2,1,The General Theological Seminary,New York,NY,-74.00378,40.745563,0,POINT (-74.00378 40.745563)
2111,191339,617,180,437,6,0,6,41,12,29,31,7,24,460,128,332,36,17,19,Genesee Community College,Batavia,NY,-78.137586,43.016584,43,POINT (-78.137586 43.016584)
2112,191515,473,204,269,33,8,25,25,8,17,49,16,33,286,132,154,29,15,14,Hamilton College,Clinton,NY,-75.408195,43.050245,51,POINT (-75.408195 43.050245)
2113,191533,185,71,114,7,5,2,20,13,7,10,3,7,123,43,80,6,2,4,Hartwick College,Oneonta,NY,-75.071994,42.457599,19,POINT (-75.071994 42.457599)
2114,191597,396,31,365,30,8,22,258,17,241,51,1,50,53,4,49,0,0,0,Helene Fuld College of Nursing,New York,NY,-73.943356,40.802495,4,POINT (-73.943356 40.802495)
2115,191612,364,140,224,9,2,7,29,9,20,17,2,15,278,110,168,12,7,5,Herkimer County Community College,Herkimer,NY,-75.007206,43.032738,19,POINT (-75.007206 43.032738)
2116,191621,159,68,91,1,1,0,8,1,7,7,1,6,118,58,60,1,0,1,Hilbert College,Hamburg,NY,-78.820257,42.75464,24,POINT (-78.820257 42.75464)
2117,191630,517,234,283,12,4,8,26,14,12,16,7,9,406,181,225,24,12,12,Hobart William Smith Colleges,Geneva,NY,-76.985516,42.858131,33,POINT (-76.985516 42.858131)
2118,191649,3178,1305,1873,327,148,179,279,98,181,341,123,218,1728,710,1018,257,135,122,Hofstra University,Hempstead,NY,-73.60078,40.715959,246,POINT (-73.60078 40.715959)
2119,191676,231,99,132,12,3,9,13,5,8,1,1,0,170,72,98,11,4,7,Houghton College,Houghton,NY,-78.155426,42.426137,24,POINT (-78.155426 42.426137)
2120,191719,1689,834,855,113,58,55,138,61,77,114,55,59,1233,618,615,17,11,6,Hudson Valley Community College,Troy,NY,-73.683734,42.696509,74,POINT (-73.683734 42.696509)
2121,191728,917,175,742,26,8,18,148,26,122,239,30,209,427,102,325,0,0,0,Hunter Business School,Levittown,NY,-73.501125,40.728029,77,POINT (-73.501125 40.728029)
2122,191931,1002,451,551,29,15,14,103,48,55,226,88,138,539,244,295,26,17,9,Iona College,New Rochelle,NY,-73.788046,40.925725,79,POINT (-73.788046 40.925725)
2123,191940,242,20,222,1,0,1,139,11,128,27,6,21,67,3,64,0,0,0,Isabella Graham Hart School of Practical Nursing,Rochester,NY,-77.583321,43.196863,8,POINT (-77.583321 43.196863)
2124,191959,38,34,4,0,0,0,4,3,1,8,8,0,19,17,2,0,0,0,Island Drafting and Technical Institute,Amityville,NY,-73.416761,40.6756,7,POINT (-73.416761 40.6756)
2125,191968,1566,566,1000,74,22,52,78,31,47,139,59,80,1147,412,735,26,7,19,Ithaca College,Ithaca,NY,-76.494136,42.422154,102,POINT (-76.494136 42.422154)
2126,191986,588,220,368,4,2,2,16,8,8,24,12,12,501,181,320,12,6,6,Jamestown Community College,Jamestown,NY,-79.218967,42.1146,31,POINT (-79.218967 42.1146)
2127,192004,111,26,85,0,0,0,5,0,5,22,6,16,69,18,51,0,0,0,Jamestown Business College,Jamestown,NY,-79.249601,42.095452,15,POINT (-79.249601 42.095452)
2128,192022,448,145,303,9,5,4,31,13,18,44,12,32,326,102,224,3,2,1,Jefferson Community College,Watertown,NY,-75.935051,43.992827,35,POINT (-75.935051 43.992827)
2129,192040,72,26,46,0,0,0,0,0,0,2,0,2,44,14,30,3,1,2,Jewish Theological Seminary of America,New York,NY,-73.960582,40.811892,23,POINT (-73.960582 40.811892)
2130,192110,251,135,116,30,13,17,16,10,6,20,13,7,90,54,36,75,31,44,The Juilliard School,New York,NY,-73.982913,40.773725,20,POINT (-73.982913 40.773725)
2131,192165,18,18,0,0,0,0,0,0,0,0,0,0,18,18,0,0,0,0,Kehilath Yakov Rabbinical Seminary,Ossining,NY,-73.814887,41.220521,0,POINT (-73.814887 41.220521)
2132,192192,546,119,427,5,1,4,31,12,19,25,7,18,443,87,356,4,1,3,Keuka College,Keuka Park,NY,-77.090562,42.615253,38,POINT (-77.090562 42.615253)
2133,192271,580,48,532,41,4,37,110,10,100,60,5,55,208,12,196,97,12,85,LIM College,New York,NY,-73.975054,40.759865,64,POINT (-73.975054 40.759865)
2134,192323,881,331,550,32,11,21,41,14,27,38,19,19,684,256,428,11,7,4,Le Moyne College,Syracuse,NY,-76.090435,43.049192,75,POINT (-76.090435 43.049192)
2135,192448,3542,908,2634,352,94,258,491,108,383,466,100,366,1390,361,1029,192,75,117,Long Island University,Brookville,NY,-73.593678,40.820714,651,POINT (-73.593678 40.820714)
2136,192484,53,1,52,2,1,1,31,0,31,10,0,10,4,0,4,0,0,0,Long Island Beauty School-Hempstead,Hempstead,NY,-73.629666,40.707701,6,POINT (-73.629666 40.707701)
2137,192509,256,54,202,145,38,107,38,6,32,50,6,44,11,4,7,10,0,10,Long Island Business Institute,Flushing,NY,-73.829457,40.760109,2,POINT (-73.829457 40.760109)
2138,192624,40,40,0,0,0,0,0,0,0,0,0,0,40,40,0,0,0,0,Machzikei Hadath Rabbinical College,Brooklyn,NY,-73.988378,40.627937,0,POINT (-73.988378 40.627937)
2139,192688,182,28,154,13,5,8,89,16,73,63,6,57,12,1,11,0,0,0,Mandl School-The College of Allied Health,New York,NY,-73.983786,40.764404,5,POINT (-73.983786 40.764404)
2140,192703,1017,532,485,53,39,14,51,22,29,228,99,129,517,271,246,44,28,16,Manhattan College,Riverdale,NY,-73.901893,40.889756,124,POINT (-73.901893 40.889756)
2141,192712,271,111,160,17,5,12,10,8,2,11,7,4,63,31,32,152,53,99,Manhattan School of Music,New York,NY,-73.961334,40.812312,18,POINT (-73.961334 40.812312)
2142,192749,621,205,416,11,5,6,48,17,31,112,30,82,337,104,233,23,16,7,Manhattanville College,Purchase,NY,-73.715645,41.032187,90,POINT (-73.715645 41.032187)
2143,192785,241,27,214,17,6,11,21,2,19,16,5,11,162,12,150,0,0,0,Maria College of Albany,Albany,NY,-73.806287,42.657789,25,POINT (-73.806287 42.657789)
2144,192800,6,0,6,0,0,0,1,0,1,0,0,0,5,0,5,0,0,0,Marion S Whelan School of Nursing of Geneva General Hospital,Geneva,NY,-76.988902,42.87766,0,POINT (-76.988902 42.87766)
2145,192819,1695,667,1028,55,19,36,89,37,52,183,65,118,1265,490,775,38,25,13,Marist College,Poughkeepsie,NY,-73.935484,41.720937,65,POINT (-73.935484 41.720937)
2146,192864,388,69,319,10,1,9,44,7,37,68,14,54,222,41,181,11,2,9,Marymount Manhattan College,New York,NY,-73.959767,40.768787,33,POINT (-73.959767 40.768787)
2147,192925,579,128,451,12,4,8,80,12,68,18,4,14,425,103,322,0,0,0,Medaille College,Buffalo,NY,-78.855941,42.92856,44,POINT (-78.855941 42.92856)
2148,192961,62,9,53,8,1,7,14,1,13,4,1,3,36,6,30,0,0,0,St. Peter's Hospital College of Nursing,Albany,NY,-73.807616,42.658346,0,POINT (-73.807616 42.658346)
2149,192970,9,1,8,2,0,2,1,1,0,0,0,0,6,0,6,0,0,0,Memorial Hospital School of Radiation Therapy Technology,New York,NY,-73.956143,40.764128,0,POINT (-73.956143 40.764128)
2150,193016,2701,682,2019,143,43,100,717,159,558,850,198,652,683,192,491,40,19,21,Mercy College,Dobbs Ferry,NY,-73.874447,41.021626,268,POINT (-73.874447 41.021626)
2151,193052,111,111,0,0,0,0,0,0,0,0,0,0,111,111,0,0,0,0,Mesivta Torah Vodaath Rabbinical Seminary,Brooklyn,NY,-73.969395,40.6382,0,POINT (-73.969395 40.6382)
2152,193061,16,16,0,0,0,0,0,0,0,0,0,0,16,16,0,0,0,0,Mesivta of Eastern Parkway-Yeshiva Zichron Meilech,Brooklyn,NY,-73.979327,40.635236,0,POINT (-73.979327 40.635236)
2153,193070,9,9,0,0,0,0,0,0,0,0,0,0,9,9,0,0,0,0,Mesivtha Tifereth Jerusalem of America,New York,NY,-73.991271,40.713812,0,POINT (-73.991271 40.713812)
2154,193122,14,2,12,0,0,0,6,0,6,4,2,2,2,0,2,0,0,0,Southern Westchester BOCES-Practical Nursing Program,Harrison,NY,-73.74167,40.973637,2,POINT (-73.74167 40.973637)
2155,193186,20,0,20,0,0,0,5,0,5,14,0,14,1,0,1,0,0,0,Midway Paris Beauty School,Ridgewood,NY,-73.909144,40.699588,0,POINT (-73.909144 40.699588)
2156,193201,143,25,118,1,1,0,7,1,6,1,0,1,16,1,15,0,0,0,Mildred Elley School-Albany Campus,Albany,NY,-73.788615,42.680833,118,POINT (-73.788615 42.680833)
2157,193247,34,34,0,0,0,0,0,0,0,0,0,0,34,34,0,0,0,0,Mirrer Yeshiva Cent Institute,Brooklyn,NY,-73.966049,40.605043,0,POINT (-73.966049 40.605043)
2158,193265,85,76,9,0,0,0,3,2,1,1,1,0,80,72,8,0,0,0,Modern Welding School,Schenectady,NY,-73.903157,42.779193,1,POINT (-73.903157 42.779193)
2159,193283,925,415,510,53,24,29,51,22,29,71,32,39,711,321,390,7,5,2,Mohawk Valley Community College,Utica,NY,-75.219367,43.076765,32,POINT (-75.219367 43.076765)
2160,193292,1232,289,943,96,26,70,153,31,122,168,40,128,758,181,577,9,3,6,Molloy College,Rockville Centre,NY,-73.626183,40.685941,48,POINT (-73.626183 40.685941)
2161,193308,2458,736,1722,59,26,33,982,299,683,920,251,669,85,30,55,367,120,247,Monroe College,Bronx,NY,-73.900215,40.864459,45,POINT (-73.900215 40.864459)
2162,193326,1753,767,986,91,50,41,250,79,171,155,61,94,1167,545,622,16,8,8,Monroe Community College,Rochester,NY,-77.610136,43.101036,74,POINT (-77.610136 43.101036)
2163,193353,537,146,391,16,3,13,27,5,22,78,23,55,315,92,223,2,0,2,Mount Saint Mary College,Newburgh,NY,-74.012655,41.513872,99,POINT (-74.012655 41.513872)
2164,193380,50,7,43,5,2,3,19,2,17,13,2,11,5,1,4,0,0,0,Montefiore School of Nursing,Mount Vernon,NY,-73.840582,40.912133,8,POINT (-73.840582 40.912133)
2165,193399,614,138,476,42,10,32,103,21,82,211,48,163,167,41,126,5,2,3,College of Mount Saint Vincent,Bronx,NY,-73.908887,40.913657,86,POINT (-73.908887 40.913657)
2166,193405,322,133,189,67,31,36,32,12,20,24,10,14,136,60,76,28,13,15,Icahn School of Medicine at Mount Sinai,New York,NY,-73.952414,40.790359,35,POINT (-73.952414 40.790359)
2167,193478,2576,1093,1483,178,84,94,495,166,329,738,289,449,973,475,498,21,7,14,Nassau Community College,Garden City,NY,-73.595286,40.728872,171,POINT (-73.595286 40.728872)
2168,193584,865,182,683,36,8,28,46,10,36,36,8,28,666,134,532,26,12,14,Nazareth College,Rochester,NY,-77.518579,43.101576,55,POINT (-77.518579 43.101576)
2169,193609,18,9,9,0,0,0,2,1,1,2,1,1,7,3,4,6,3,3,Neighborhood Playhouse School of the Theater,New York City,NY,-73.965332,40.756613,1,POINT (-73.965332 40.756613)
2170,193654,2668,654,2014,218,36,182,156,46,110,297,63,234,885,253,632,927,203,724,The New School,New York,NY,-73.997114,40.735508,185,POINT (-73.997114 40.735508)
2171,193672,26,23,3,1,1,0,11,9,2,0,0,0,14,13,1,0,0,0,The New School Center for Media,Albany,NY,-73.809816,42.720596,0,POINT (-73.809816 42.720596)
2172,193751,240,112,128,19,11,8,13,6,7,9,4,5,134,61,73,46,19,27,Northeast College of Health Sciences,Seneca Falls,NY,-76.756232,42.91173,19,POINT (-76.756232 42.91173)
2173,193821,314,136,178,20,8,12,14,3,11,47,18,29,191,89,102,10,5,5,New York Law School,New York,NY,-74.006969,40.717998,32,POINT (-74.006969 40.717998)
2174,193830,485,180,305,88,39,49,42,11,31,39,15,24,181,74,107,67,29,38,New York Medical College,Valhalla,NY,-73.810042,41.085031,68,POINT (-73.810042 41.085031)
2175,193858,218,16,202,14,0,14,39,3,36,118,5,113,38,5,33,0,0,0,New York School for Medical and Dental Assistants,Long Island City,NY,-73.931391,40.744291,9,POINT (-73.931391 40.744291)
2176,193894,59,26,33,2,0,2,34,13,21,20,12,8,2,0,2,1,1,0,New York Theological Seminary,New York,NY,-73.963793,40.810869,0,POINT (-73.963793 40.810869)
2177,193900,16935,7215,9720,2290,996,1294,993,318,675,1669,581,1088,4981,2059,2922,5596,2651,2945,New York University,New York,NY,-73.997264,40.729452,1406,POINT (-73.997264 40.729452)
2178,193946,779,302,477,15,6,9,71,23,48,30,10,20,601,238,363,6,4,2,Niagara County Community College,Sanborn,NY,-78.87579,43.147701,56,POINT (-78.87579 43.147701)
2179,193973,1141,386,755,24,6,18,43,16,27,51,20,31,705,258,447,260,66,194,Niagara University,Niagara University,NY,-79.036689,43.137279,58,POINT (-79.036689 43.137279)
2180,193991,30,1,29,0,0,0,1,0,1,8,0,8,8,1,7,0,0,0,Empire Beauty School-Peekskill,Peekskill,NY,-73.918806,41.291484,13,POINT (-73.918806 41.291484)
2181,194028,249,75,174,3,2,1,14,13,1,13,8,5,201,47,154,2,0,2,North Country Community College,Saranac Lake,NY,-74.119981,44.318645,16,POINT (-74.119981 44.318645)
2182,194073,72,43,29,32,16,16,2,0,2,2,2,0,30,20,10,1,1,0,New York College of Podiatric Medicine,New York,NY,-73.940496,40.805037,5,POINT (-73.940496 40.805037)
2183,194091,2016,1037,979,448,221,227,130,60,70,204,102,102,548,279,269,451,264,187,New York Institute of Technology,Old Westbury,NY,-73.6078,40.812447,235,POINT (-73.6078 40.812447)
2184,194116,172,19,153,13,1,12,4,0,4,24,2,22,82,5,77,37,10,27,New York School of Interior Design,New York,NY,-73.962404,40.768615,12,POINT (-73.962404 40.768615)
2185,194161,462,176,286,52,27,25,162,47,115,106,37,69,80,42,38,35,14,21,Nyack College,New York,NY,-74.015605,40.705798,27,POINT (-74.015605 40.705798)
2186,194189,11,11,0,0,0,0,0,0,0,0,0,0,11,11,0,0,0,0,Ohr Hameir Theological Seminary,Peekskill,NY,-73.889793,41.268725,0,POINT (-73.889793 41.268725)
2187,194222,1040,472,568,53,28,25,114,50,64,64,31,33,719,318,401,5,3,2,Onondaga Community College,Syracuse,NY,-76.197878,43.006329,85,POINT (-76.197878 43.006329)
2188,194240,804,288,516,16,6,10,105,34,71,233,80,153,415,156,259,1,1,0,Orange County Community College,Middletown,NY,-74.426028,41.438629,34,POINT (-74.426028 41.438629)
2189,194259,21,1,20,0,0,0,0,0,0,3,0,3,18,1,17,0,0,0,Otsego Area BOCES-Practical Nursing Program,Oneonta,NY,-74.922225,42.58915,0,POINT (-74.922225 42.58915)
2190,194310,3839,1395,2444,307,96,211,403,123,280,431,136,295,1834,669,1165,551,268,283,Pace University,New York,NY,-74.004719,40.711014,313,POINT (-74.004719 40.711014)
2191,194392,178,117,61,3,2,1,4,2,2,4,2,2,153,101,52,0,0,0,Paul Smiths College of Arts and Science,Paul Smiths,NY,-74.252675,44.433965,14,POINT (-74.252675 44.433965)
2192,194435,108,0,108,3,0,3,19,0,19,6,0,6,73,0,73,0,0,0,Continental School of Beauty Culture-West Seneca,West Seneca,NY,-78.754584,42.828416,7,POINT (-78.754584 42.828416)
2193,194499,323,57,266,33,4,29,112,18,94,115,23,92,44,9,35,0,0,0,Plaza College,Forest Hills,NY,-73.831156,40.714894,19,POINT (-73.831156 40.714894)
2194,194569,12,7,5,0,0,0,1,1,0,0,0,0,10,5,5,1,1,0,Davis College,Johnson City,NY,-75.967044,42.10601,0,POINT (-75.967044 42.10601)
2195,194578,1431,396,1035,122,34,88,55,19,36,137,43,94,477,140,337,587,148,439,Pratt Institute-Main,Brooklyn,NY,-73.96431,40.691297,53,POINT (-73.96431 40.691297)
2196,194657,47,47,0,0,0,0,0,0,0,0,0,0,43,43,0,4,4,0,Rabbinical Academy Mesivta Rabbi Chaim Berlin,Brooklyn,NY,-73.963702,40.618467,0,POINT (-73.963702 40.618467)
2197,194666,66,66,0,0,0,0,0,0,0,0,0,0,66,66,0,0,0,0,Rabbinical College Bobover Yeshiva Bnei Zion,Brooklyn,NY,-73.985026,40.631954,0,POINT (-73.985026 40.631954)
2198,194693,12,12,0,0,0,0,0,0,0,0,0,0,12,12,0,0,0,0,Rabbinical College Beth Shraga,Monsey,NY,-74.07258,41.114116,0,POINT (-74.07258 41.114116)
2199,194718,3,3,0,0,0,0,0,0,0,0,0,0,3,3,0,0,0,0,Rabbinical Seminary Mkor Chaim,Lakewood,NJ,-74.214566,40.04695,0,POINT (-74.214566 40.04695)
2200,194736,2,2,0,0,0,0,0,0,0,0,0,0,2,2,0,0,0,0,Rabbinical College of Long Island,Long Beach,NY,-73.670238,40.586427,0,POINT (-73.670238 40.586427)
2201,194763,87,87,0,0,0,0,0,0,0,0,0,0,87,87,0,0,0,0,Rabbinical Seminary of America,Flushing,NY,-73.817161,40.72308,0,POINT (-73.817161 40.72308)
2202,194824,2156,1464,692,283,180,103,71,49,22,172,129,43,1001,681,320,499,339,160,Rensselaer Polytechnic Institute,Troy,NY,-73.676646,42.729978,130,POINT (-73.676646 42.729978)
2203,194958,606,149,457,11,5,6,68,12,56,25,9,16,463,109,354,16,9,7,Roberts Wesleyan College,Rochester,NY,-77.798498,43.125755,23,POINT (-77.798498 43.125755)
2204,195003,3580,2189,1391,269,158,111,127,64,63,240,152,88,2088,1284,804,688,426,262,Rochester Institute of Technology,Rochester,NY,-77.67386,43.084188,168,POINT (-77.67386 43.084188)
2205,195030,3508,1590,1918,266,119,147,166,67,99,190,83,107,1458,627,831,1214,591,623,University of Rochester,Rochester,NY,-77.631202,43.126397,214,POINT (-77.631202 43.126397)
2206,195049,33,19,14,5,4,1,2,1,1,4,3,1,11,4,7,11,7,4,Rockefeller University,New York,NY,-73.955198,40.762489,0,POINT (-73.955198 40.762489)
2207,195058,863,356,507,59,24,35,151,52,99,77,31,46,412,182,230,21,8,13,Rockland Community College,Suffern,NY,-74.085969,41.133929,143,POINT (-74.085969 41.133929)
2208,195067,156,10,146,2,1,1,96,5,91,35,4,31,3,0,3,0,0,0,Empire Beauty School-Manhattan,New York,NY,-73.986453,40.748938,20,POINT (-73.986453 40.748938)
2209,195128,717,127,590,33,8,25,61,16,45,60,15,45,434,69,365,6,0,6,Russell Sage College,Troy,NY,-73.693711,42.72822,123,POINT (-73.693711 42.72822)
2210,195155,25,20,5,0,0,0,1,0,1,1,1,0,22,18,4,1,1,0,St Bernard's School of Theology and Ministry,Rochester,NY,-77.526326,43.102185,0,POINT (-77.526326 43.102185)
2211,195164,597,274,323,20,4,16,22,10,12,37,20,17,462,205,257,18,15,3,St Bonaventure University,Saint Bonaventure,NY,-78.481107,42.080191,38,POINT (-78.481107 42.080191)
2212,195173,492,180,312,32,11,21,90,30,60,106,29,77,188,85,103,31,15,16,St. Francis College,Brooklyn Heights,NY,-73.992164,40.693228,45,POINT (-73.992164 40.693228)
2213,195191,167,18,149,6,1,5,7,2,5,3,0,3,135,15,120,0,0,0,St. Joseph's College of Nursing,Syracuse,NY,-76.148355,43.055355,16,POINT (-76.148355 43.055355)
2214,195216,554,248,306,5,3,2,15,7,8,28,7,21,433,201,232,54,24,30,St Lawrence University,Canton,NY,-75.161343,44.589879,19,POINT (-75.161343 44.589879)
2215,195234,1470,355,1115,54,11,43,218,44,174,98,24,74,814,200,614,40,19,21,The College of Saint Rose,Albany,NY,-73.786661,42.664297,246,POINT (-73.786661 42.664297)
2216,195243,325,146,179,10,7,3,17,9,8,73,30,43,196,87,109,13,6,7,St. Thomas Aquinas College,Sparkill,NY,-73.936799,41.041576,16,POINT (-73.936799 41.041576)
2217,195289,71,15,56,2,1,1,11,4,7,3,1,2,54,9,45,0,0,0,Samaritan Hospital School of Nursing,Troy,NY,-73.676151,42.742861,1,POINT (-73.676151 42.742861)
2218,195304,390,97,293,24,6,18,24,5,19,37,10,27,218,59,159,54,12,42,Sarah Lawrence College,Bronxville,NY,-73.843727,40.9355,33,POINT (-73.843727 40.9355)
2219,195322,482,207,275,50,24,26,63,20,43,42,15,27,306,141,165,4,0,4,Schenectady County Community College,Schenectady,NY,-73.950008,42.814412,17,POINT (-73.950008 42.814412)
2220,195438,26,26,0,0,0,0,0,0,0,0,0,0,25,25,0,1,1,0,Sh'or Yoshuv Rabbinical College,Lawrence,NY,-73.740085,40.605227,0,POINT (-73.740085 40.605227)
2221,195474,807,335,472,31,8,23,25,10,15,55,21,34,653,279,374,16,5,11,Siena College,Loudonville,NY,-73.7526,42.717602,27,POINT (-73.7526 42.717602)
2222,195526,564,220,344,30,11,19,37,13,24,49,22,27,349,139,210,59,17,42,Skidmore College,Saratoga Springs,NY,-73.785335,43.097035,40,POINT (-73.785335 43.097035)
2223,195544,1420,405,1015,46,17,29,138,36,102,238,69,169,824,229,595,1,0,1,St. Joseph's University-New York,Brooklyn,NY,-73.967664,40.690418,173,POINT (-73.967664 40.690418)
2224,195580,18,16,2,2,1,1,0,0,0,1,1,0,11,10,1,4,4,0,Saint Vladimirs Orthodox Theological Seminary,Yonkers,NY,-73.824358,40.969393,0,POINT (-73.824358 40.969393)
2225,195702,67,5,62,5,0,5,1,0,1,0,0,0,57,5,52,2,0,2,Saint Elizabeth College of Nursing,Utica,NY,-75.267857,43.082768,2,POINT (-75.267857 43.082768)
2226,195720,1057,369,688,55,23,32,55,14,41,32,12,20,866,300,566,4,3,1,Saint John Fisher College,Rochester,NY,-77.513056,43.116259,45,POINT (-77.513056 43.116259)
2227,195784,267,36,231,7,1,6,76,10,66,32,3,29,111,13,98,0,0,0,St Paul's School of Nursing-Staten Island,Staten Island,NY,-74.179757,40.605584,41,POINT (-74.179757 40.605584)
2228,195809,4279,1695,2584,525,195,330,581,214,367,483,186,297,1984,836,1148,269,116,153,St. John's University-New York,Queens,NY,-73.796104,40.722523,437,POINT (-73.796104 40.722523)
2229,195988,208,79,129,3,2,1,34,14,20,58,22,36,90,29,61,2,1,1,Sullivan County Community College,Loch Sheldrake,NY,-74.667769,41.7641,21,POINT (-74.667769 41.7641)
2230,196006,1122,745,377,15,8,7,119,75,44,86,54,32,873,589,284,5,4,1,SUNY College of Technology at Alfred,Alfred,NY,-77.794632,42.255262,24,POINT (-77.794632 42.255262)
2231,196015,733,296,437,8,3,5,76,29,47,72,29,43,513,209,304,15,10,5,SUNY College of Technology at Canton,Canton,NY,-75.182906,44.604096,49,POINT (-75.182906 44.604096)
2232,196024,939,417,522,24,3,21,131,44,87,130,63,67,585,273,312,4,3,1,SUNY College of Technology at Delhi,Delhi,NY,-74.924612,42.269859,65,POINT (-74.924612 42.269859)
2233,196033,561,261,300,12,8,4,39,22,17,47,20,27,420,186,234,16,12,4,SUNY College of Agriculture and Technology at Cobleskill,Cobleskill,NY,-74.498258,42.672534,27,POINT (-74.498258 42.672534)
2234,196042,2362,1317,1045,227,136,91,205,104,101,494,258,236,1319,758,561,42,19,23,Farmingdale State College,Farmingdale,NY,-73.42832,40.754224,75,POINT (-73.42832 40.754224)
2235,196051,578,209,369,4,4,0,78,24,54,40,21,19,429,146,283,9,5,4,SUNY Morrisville,Morrisville,NY,-75.640583,42.893962,18,POINT (-75.640583 42.893962)
2236,196060,4797,2098,2699,383,171,212,779,283,496,607,242,365,2370,1054,1316,386,222,164,SUNY at Albany,Albany,NY,-73.824662,42.685489,272,POINT (-73.824662 42.685489)
2237,196079,5148,2484,2664,633,277,356,249,96,153,488,230,258,2885,1364,1521,693,421,272,Binghamton University,Vestal,NY,-75.966889,42.087868,200,POINT (-75.966889 42.087868)
2238,196088,8508,4406,4102,1021,535,486,523,214,309,420,204,216,3999,2067,1932,1900,1063,837,University at Buffalo,Buffalo,NY,-78.789458,43.000942,645,POINT (-78.789458 43.000942)
2239,196097,7975,3679,4296,1479,710,769,507,160,347,923,373,550,2967,1234,1733,1388,885,503,Stony Brook University,Stony Brook,NY,-73.12046,40.91476,711,POINT (-73.12046 40.91476)
2240,196103,549,297,252,17,6,11,5,2,3,21,12,9,416,234,182,54,28,26,SUNY College of Environmental Science and Forestry,Syracuse,NY,-76.138724,43.034765,36,POINT (-76.138724 43.034765)
2241,196112,874,462,412,62,26,36,40,23,17,53,32,21,610,310,300,78,54,24,SUNY Polytechnic Institute,Utica,NY,-75.229841,43.137701,31,POINT (-75.229841 43.137701)
2242,196121,2210,840,1370,44,16,28,203,62,141,149,49,100,1627,643,984,15,8,7,SUNY Brockport,Brockport,NY,-77.947188,43.211926,172,POINT (-77.947188 43.211926)
2243,196130,2156,765,1391,91,34,57,505,180,325,184,63,121,1135,406,729,33,21,12,SUNY Buffalo State,Buffalo,NY,-78.882125,42.933832,208,POINT (-78.882125 42.933832)
2244,196149,1908,784,1124,16,5,11,93,44,49,214,83,131,1468,602,866,16,8,8,SUNY Cortland,Cortland,NY,-76.188655,42.598022,101,POINT (-76.188655 42.598022)
2245,196158,976,350,626,22,12,10,49,17,32,70,31,39,755,254,501,32,14,18,SUNY at Fredonia,Fredonia,NY,-79.337375,42.452236,48,POINT (-79.337375 42.452236)
2246,196167,1256,438,818,64,20,44,30,11,19,86,29,57,976,339,637,22,10,12,SUNY College at Geneseo,Geneseo,NY,-77.821894,42.796645,78,POINT (-77.821894 42.796645)
2247,196176,2216,806,1410,107,48,59,90,32,58,393,135,258,1409,503,906,78,31,47,State University of New York at New Paltz,New Paltz,NY,-74.082188,41.740936,139,POINT (-74.082188 41.740936)
2248,196185,1627,533,1094,30,5,25,68,25,43,204,69,135,1235,406,829,10,2,8,SUNY Oneonta,Oneonta,NY,-75.063632,42.468861,80,POINT (-75.063632 42.468861)
2249,196194,1974,895,1079,49,20,29,176,78,98,191,82,109,1455,672,783,44,19,25,SUNY College at Oswego,Oswego,NY,-76.540798,43.454287,59,POINT (-76.540798 43.454287)
2250,196200,731,257,474,13,8,5,70,31,39,88,25,63,487,175,312,9,3,6,SUNY College at Potsdam,Potsdam,NY,-74.973815,44.662148,64,POINT (-74.973815 44.662148)
2251,196219,867,356,511,43,18,25,105,36,69,189,68,121,462,203,259,20,7,13,SUNY at Purchase College,Purchase,NY,-73.701955,41.047223,48,POINT (-73.701955 41.047223)
2252,196228,93,29,64,42,15,27,4,1,3,5,1,4,34,8,26,7,4,3,SUNY College of Optometry,New York,NY,-73.982236,40.754465,1,POINT (-73.982236 40.754465)
2253,196237,1226,471,755,111,49,62,291,84,207,302,111,191,447,198,249,10,5,5,SUNY College at Old Westbury,Old Westbury,NY,-73.571907,40.799021,65,POINT (-73.571907 40.799021)
2254,196246,1321,490,831,32,12,20,102,37,65,136,57,79,898,326,572,77,38,39,SUNY College at Plattsburgh,Plattsburgh,NY,-73.466536,44.69293,76,POINT (-73.466536 44.69293)
2255,196255,651,213,438,171,66,105,144,30,114,66,20,46,229,81,148,3,2,1,SUNY Downstate Health Sciences University,Brooklyn,NY,-73.945535,40.653855,38,POINT (-73.945535 40.653855)
2256,196264,2846,949,1897,77,31,46,379,112,267,313,118,195,1667,524,1143,19,10,9,SUNY Empire State College,Saratoga Springs,NY,-73.782484,43.077283,391,POINT (-73.782484 43.077283)
2257,196291,250,218,32,9,8,1,14,13,1,32,27,5,162,145,17,13,10,3,SUNY Maritime College,Throggs Neck,NY,-73.795309,40.807217,20,POINT (-73.795309 40.807217)
2258,196307,501,179,322,44,25,19,36,10,26,34,12,22,337,115,222,12,5,7,Upstate Medical University,Syracuse,NY,-76.140009,43.041819,38,POINT (-76.140009 43.041819)
2259,196389,268,50,218,16,4,12,118,20,98,60,9,51,26,7,19,0,0,0,Swedish Institute a College of Health Sciences,New York,NY,-73.99567,40.746384,48,POINT (-73.99567 40.746384)
2260,196413,6406,3117,3289,352,171,181,474,182,292,546,234,312,3326,1578,1748,1349,773,576,Syracuse University,Syracuse,NY,-76.136975,43.040176,359,POINT (-76.136975 43.040176)
2261,196431,51,51,0,0,0,0,0,0,0,0,0,0,45,45,0,6,6,0,Talmudical Seminary Oholei Torah,Brooklyn,NY,-73.945759,40.670089,0,POINT (-73.945759 40.670089)
2262,196468,1844,386,1458,204,41,163,144,52,92,192,41,151,693,161,532,527,81,446,Teachers College at Columbia University,New York,NY,-73.960194,40.810216,84,POINT (-73.960194 40.810216)
2263,196565,508,175,333,16,4,12,33,12,21,48,11,37,349,116,233,36,19,17,Tompkins Cortland Community College,Dryden,NY,-76.287586,42.502006,26,POINT (-76.287586 42.502006)
2264,196583,9,9,0,0,0,0,0,0,0,0,0,0,9,9,0,0,0,0,Torah Temimah Talmudical Seminary,Staten Island,NY,-74.168769,40.557785,0,POINT (-74.168769 40.557785)
2265,196592,3678,1046,2632,322,120,202,404,77,327,393,68,325,2156,646,1510,137,67,70,Touro College,New York,NY,-73.980813,40.757267,266,POINT (-73.980813 40.757267)
2266,196653,459,61,398,8,4,4,83,6,77,26,4,22,292,40,252,0,0,0,Trocaire College,Buffalo,NY,-78.812398,42.846693,50,POINT (-78.812398 42.846693)
2267,196680,5840,2803,3037,169,95,74,933,400,533,649,401,248,3813,1748,2065,0,0,0,Excelsior College,Albany,NY,-73.862981,42.705487,276,POINT (-73.862981 42.705487)
2268,196699,372,161,211,8,3,5,16,6,10,70,29,41,257,115,142,1,0,1,Ulster County Community College,Stone Ridge,NY,-74.128698,41.851218,20,POINT (-74.128698 41.851218)
2269,196866,490,245,245,27,10,17,17,10,7,42,19,23,352,180,172,31,16,15,Union College,Schenectady,NY,-73.928788,42.818097,21,POINT (-73.928788 42.818097)
2270,196884,93,44,49,5,2,3,14,5,9,7,4,3,45,20,25,15,9,6,Union Theological Seminary in the City of New York,New York,NY,-73.961549,40.811823,7,POINT (-73.961549 40.811823)
2271,197018,376,376,0,0,0,0,0,0,0,0,0,0,376,376,0,0,0,0,United Talmudical Seminary,Brooklyn,NY,-73.959113,40.705687,0,POINT (-73.959113 40.705687)
2272,197027,215,178,37,16,11,5,5,4,1,14,11,3,172,146,26,3,2,1,United States Merchant Marine Academy,Kings Point,NY,-73.763004,40.81357,5,POINT (-73.763004 40.81357)
2273,197036,1020,774,246,79,57,22,127,91,36,106,74,32,629,495,134,15,14,1,United States Military Academy,West  Point,NY,-73.956603,41.390479,64,POINT (-73.956603 41.390479)
2274,197045,1614,603,1011,123,47,76,126,54,72,129,36,93,1047,391,656,8,6,2,Utica University,Utica,NY,-75.272916,43.096213,181,POINT (-75.272916 43.096213)
2275,197133,547,194,353,64,21,43,22,6,16,50,19,31,312,110,202,44,20,24,Vassar College,Poughkeepsie,NY,-73.895088,41.686895,55,POINT (-73.895088 41.686895)
2276,197142,101,31,70,1,0,1,13,6,7,9,5,4,73,17,56,0,0,0,Villa Maria College,Buffalo,NY,-78.796823,42.91223,5,POINT (-78.796823 42.91223)
2277,197151,1044,305,739,119,34,85,41,15,26,94,37,57,233,82,151,537,130,407,School of Visual Arts,New York,NY,-73.982359,40.738809,20,POINT (-73.982359 40.738809)
2278,197197,639,176,463,45,12,33,32,17,15,65,16,49,412,111,301,23,7,16,Wagner College,Staten Island,NY,-74.092913,40.615588,62,POINT (-74.092913 40.615588)
2279,197221,22,17,5,1,0,1,0,0,0,0,0,0,21,17,4,0,0,0,Webb Institute,Glen Cove,NY,-73.644909,40.884444,0,POINT (-73.644909 40.884444)
2280,197230,75,20,55,0,0,0,7,2,5,7,0,7,57,18,39,0,0,0,Wells College,Aurora,NY,-76.696028,42.742943,4,POINT (-76.696028 42.742943)
2281,197285,260,67,193,8,3,5,103,25,78,107,25,82,32,11,21,0,0,0,The College of Westchester,White Plains,NY,-73.784404,41.033687,10,POINT (-73.784404 41.033687)
2282,197294,1767,764,1003,71,36,35,303,119,184,753,296,457,505,259,246,40,10,30,SUNY Westchester Community College,Valhalla,NY,-73.789669,41.068458,95,POINT (-73.789669 41.068458)
2283,197337,32,1,31,2,0,2,11,0,11,6,0,6,11,1,10,2,0,2,Westchester School of Beauty Culture,Mount Vernon,NY,-73.837751,40.912476,0,POINT (-73.837751 40.912476)
2284,197531,282,98,184,7,2,5,3,2,1,19,8,11,190,64,126,40,13,27,Word of Life Bible Institute,Pottersville,NY,-73.812057,43.730713,23,POINT (-73.812057 43.730713)
2285,197601,16,16,0,0,0,0,0,0,0,0,0,0,16,16,0,0,0,0,Yeshiva Karlin Stolin,Brooklyn,NY,-73.983373,40.624918,0,POINT (-73.983373 40.624918)
2286,197647,9,9,0,0,0,0,0,0,0,0,0,0,9,9,0,0,0,0,Yeshiva Derech Chaim,Brooklyn,NY,-73.979757,40.636889,0,POINT (-73.979757 40.636889)
2287,197674,32,32,0,0,0,0,0,0,0,0,0,0,31,31,0,1,1,0,Yeshiva of Nitra Rabbinical College,Chester,NY,-74.255911,41.353674,0,POINT (-74.255911 41.353674)
2288,197692,5,5,0,0,0,0,0,0,0,0,0,0,5,5,0,0,0,0,Yeshiva Shaar Hatorah,Kew Gardens,NY,-73.834252,40.703795,0,POINT (-73.834252 40.703795)
2289,197708,1547,607,940,33,10,23,36,5,31,76,20,56,1017,450,567,161,71,90,Yeshiva University,New York,NY,-73.929873,40.850605,224,POINT (-73.929873 40.850605)
2290,197735,196,196,0,0,0,0,0,0,0,0,0,0,191,191,0,5,5,0,Yeshivath Viznitz,Monsey,NY,-74.070243,41.114682,0,POINT (-74.070243 41.114682)
2291,197744,67,67,0,0,0,0,0,0,0,0,0,0,59,59,0,6,6,0,Yeshivath Zichron Moshe,South Fallsburg,NY,-74.621823,41.73048,2,POINT (-74.621823 41.73048)
2292,197814,550,195,355,1,0,1,41,17,24,23,4,19,393,138,255,23,9,14,College of the Albemarle,Elizabeth City,NC,-76.219765,36.324885,69,POINT (-76.219765 36.324885)
2293,197850,468,160,308,13,6,7,80,17,63,58,15,43,277,108,169,3,3,0,South Piedmont Community College,Polkton,NC,-80.211087,35.000312,37,POINT (-80.211087 35.000312)
2294,197869,4971,2030,2941,70,20,50,159,63,96,319,135,184,4194,1724,2470,31,15,16,Appalachian State University,Boone,NC,-81.680583,36.215536,198,POINT (-81.680583 36.215536)
2295,197887,1038,405,633,16,4,12,34,12,22,93,29,64,827,334,493,11,5,6,Asheville-Buncombe Technical Community College,Asheville,NC,-82.554826,35.570439,57,POINT (-82.554826 35.570439)
2296,197911,244,76,168,3,1,2,55,17,38,14,6,8,138,36,102,17,9,8,Barton College,Wilson,NC,-77.913867,35.734376,17,POINT (-77.913867 35.734376)
2297,197966,256,66,190,0,0,0,49,5,44,32,7,25,163,53,110,0,0,0,Beaufort County Community College,Washington,NC,-76.96535,35.533587,12,POINT (-76.96535 35.533587)
2298,197984,315,149,166,4,3,1,30,14,16,9,6,3,194,89,105,4,4,0,Belmont Abbey College,Belmont,NC,-81.041315,35.260651,74,POINT (-81.041315 35.260651)
2299,197993,37,0,37,0,0,0,33,0,33,1,0,1,0,0,0,0,0,0,Bennett College,Greensboro,NC,-79.77998,36.067531,3,POINT (-79.77998 36.067531)
2300,198011,320,128,192,1,0,1,60,11,49,35,21,14,155,77,78,0,0,0,Bladen Community College,Dublin,NC,-78.731119,34.644691,69,POINT (-78.731119 34.644691)
2301,198039,479,207,272,3,0,3,14,6,8,62,21,41,371,166,205,13,8,5,Blue Ridge Community College,Flat Rock,NC,-82.425544,35.30804,16,POINT (-82.425544 35.30804)
2302,198066,128,60,68,1,0,1,16,8,8,9,4,5,86,40,46,4,3,1,Brevard College,Brevard,NC,-82.729494,35.236763,12,POINT (-82.729494 35.236763)
2303,198084,369,147,222,1,0,1,37,15,22,30,12,18,276,113,163,0,0,0,Brunswick Community College,Bolivia,NC,-78.22979,34.038973,25,POINT (-78.22979 34.038973)
2304,198109,165,15,150,3,0,3,18,3,15,8,1,7,133,10,123,0,0,0,Cabarrus College of Health Sciences,Concord,NC,-80.600824,35.440038,3,POINT (-80.600824 35.440038)
2305,198118,1080,402,678,18,6,12,40,8,32,73,26,47,872,329,543,11,2,9,Caldwell Community College and Technical Institute,Hudson,NC,-81.484148,35.854604,66,POINT (-81.484148 35.854604)
2306,198136,1546,683,863,62,30,32,184,82,102,112,41,71,993,426,567,22,15,7,Campbell University,Buies Creek,NC,-78.738238,35.409149,173,POINT (-78.738238 35.409149)
2307,198154,1915,857,1058,23,8,15,162,60,102,148,67,81,1439,655,784,8,3,5,Cape Fear Community College,Wilmington,NC,-77.948306,34.240624,135,POINT (-77.948306 34.240624)
2308,198190,29,20,9,0,0,0,18,14,4,0,0,0,11,6,5,0,0,0,Carolina School of Broadcasting,Charlotte,NC,-80.983976,35.255857,0,POINT (-80.983976 35.255857)
2309,198206,442,162,280,5,0,5,37,12,25,26,6,20,349,137,212,2,0,2,Carteret Community College,Morehead City,NC,-76.755538,34.723681,23,POINT (-76.755538 34.723681)
2310,198215,255,101,154,3,1,2,34,14,20,29,16,13,173,66,107,0,0,0,Catawba College,Salisbury,NC,-80.482751,35.691443,16,POINT (-80.482751 35.691443)
2311,198233,1126,516,610,84,38,46,54,18,36,147,66,81,777,367,410,8,1,7,Catawba Valley Community College,Hickory,NC,-81.28792,35.699732,56,POINT (-81.28792 35.699732)
2312,198251,981,366,615,19,6,13,104,19,85,208,89,119,575,220,355,0,0,0,Central Carolina Community College,Sanford,NC,-79.143553,35.471864,75,POINT (-79.143553 35.471864)
2313,198260,3142,1322,1820,192,78,114,690,220,470,429,174,255,1434,686,748,184,69,115,Central Piedmont Community College,Charlotte,NC,-80.829796,35.217774,213,POINT (-80.829796 35.217774)
2314,198303,199,77,122,2,1,1,116,38,78,6,1,5,51,23,28,14,9,5,Chowan University,Murfreesboro,NC,-77.099141,36.436258,10,POINT (-77.099141 36.436258)
2315,198321,620,227,393,5,4,1,84,22,62,35,12,23,469,179,290,1,0,1,Cleveland Community College,Shelby,NC,-81.492856,35.279833,26,POINT (-81.492856 35.279833)
2316,198330,966,383,583,36,8,28,169,61,108,118,46,72,603,251,352,6,4,2,Coastal Carolina Community College,Jacksonville,NC,-77.384785,34.771687,34,POINT (-77.384785 34.771687)
2317,198367,590,257,333,21,10,11,101,31,70,51,27,24,384,172,212,3,2,1,Craven Community College,New Bern,NC,-77.102232,35.111516,30,POINT (-77.102232 35.111516)
2318,198376,1066,365,701,14,8,6,136,40,96,86,17,69,753,269,484,5,2,3,Davidson-Davie Community College,Thomasville,NC,-80.181868,35.865471,72,POINT (-80.181868 35.865471)
2319,198385,500,257,243,30,17,13,31,15,16,37,23,14,345,177,168,28,11,17,Davidson College,Davidson,NC,-80.843979,35.499767,29,POINT (-80.843979 35.499767)
2320,198419,5631,2638,2993,668,323,345,391,136,255,398,174,224,2493,1114,1379,1280,705,575,Duke University,Durham,NC,-78.937624,36.001135,401,POINT (-78.937624 36.001135)
2321,198455,1168,435,733,50,16,34,332,96,236,186,68,118,406,187,219,92,25,67,Durham Technical Community College,Durham,NC,-78.8817,35.974768,102,POINT (-78.8817 35.974768)
2322,198464,6851,2707,4144,178,73,105,1016,386,630,418,172,246,4720,1849,2871,52,30,22,East Carolina University,Greenville,NC,-77.368291,35.607186,467,POINT (-77.368291 35.607186)
2323,198491,307,76,231,1,0,1,136,19,117,19,10,9,140,47,93,0,0,0,Edgecombe Community College,Tarboro,NC,-77.571786,35.879867,11,POINT (-77.571786 35.879867)
2324,198507,320,126,194,2,1,1,210,81,129,14,2,12,73,31,42,5,3,2,Elizabeth City State University,Elizabeth City,NC,-76.214041,36.277978,16,POINT (-76.214041 36.277978)
2325,198516,1715,659,1056,25,8,17,126,43,83,123,43,80,1323,522,801,41,17,24,Elon University,Elon,NC,-79.50344,36.104148,77,POINT (-79.50344 36.104148)
2326,198534,2339,1012,1327,41,20,21,825,295,530,313,142,171,952,478,474,0,0,0,Fayetteville Technical Community College,Fayetteville,NC,-78.92658,35.068851,208,POINT (-78.92658 35.068851)
2327,198543,1369,402,967,32,12,20,698,173,525,115,28,87,391,147,244,15,7,8,Fayetteville State University,Fayetteville,NC,-78.891696,35.073641,118,POINT (-78.891696 35.073641)
2328,198552,2080,853,1227,43,20,23,397,128,269,282,118,164,1247,544,703,21,9,12,Forsyth Technical Community College,Winston-Salem,NC,-80.272215,36.06854,90,POINT (-80.272215 36.06854)
2329,198561,1127,321,806,17,4,13,256,73,183,41,14,27,703,189,514,2,0,2,Gardner-Webb University,Boiling Springs,NC,-81.668141,35.24732,108,POINT (-81.668141 35.24732)
2330,198570,1774,547,1227,14,9,5,221,41,180,122,28,94,1222,413,809,52,11,41,Gaston College,Dallas,NC,-81.18852,35.312048,143,POINT (-81.18852 35.312048)
2331,198598,235,89,146,5,2,3,46,17,29,45,15,30,96,45,51,0,0,0,Greensboro College,Greensboro,NC,-79.800232,36.071082,43,POINT (-79.800232 36.071082)
2332,198613,267,120,147,11,2,9,49,23,26,23,9,14,167,80,87,0,0,0,Guilford College,Greensboro,NC,-79.887737,36.094233,17,POINT (-79.887737 36.094233)
2333,198622,2466,1131,1335,151,72,79,684,233,451,281,144,137,1161,589,572,26,14,12,Guilford Technical Community College,Jamestown,NC,-79.92062,35.99846,163,POINT (-79.92062 35.99846)
2334,198640,226,68,158,2,1,1,114,40,74,6,2,4,90,22,68,0,0,0,Halifax Community College,Weldon,NC,-77.617681,36.427712,14,POINT (-77.617681 36.427712)
2335,198668,403,145,258,2,0,2,33,1,32,20,7,13,337,131,206,1,1,0,Haywood Community College,Clyde,NC,-82.927918,35.525905,10,POINT (-82.927918 35.525905)
2336,198677,10,3,7,0,0,0,8,2,6,0,0,0,2,1,1,0,0,0,Heritage Bible College,Dunn,NC,-78.664393,35.307368,0,POINT (-78.664393 35.307368)
2337,198695,1153,448,705,33,12,21,74,20,54,60,22,38,875,347,528,16,9,7,High Point University,High Point,NC,-79.994675,35.972035,95,POINT (-79.994675 35.972035)
2338,198710,770,297,473,5,1,4,65,15,50,54,25,29,594,239,355,9,5,4,Isothermal Community College,Spindale,NC,-81.911857,35.336728,43,POINT (-81.911857 35.336728)
2339,198729,218,68,150,1,1,0,51,10,41,51,10,41,102,42,60,6,4,2,James Sprunt Community College,Kenansville,NC,-77.977639,34.946802,7,POINT (-77.977639 34.946802)
2340,198756,260,71,189,0,0,0,227,66,161,7,2,5,3,0,3,1,0,1,Johnson C Smith University,Charlotte,NC,-80.857251,35.243033,22,POINT (-80.857251 35.243033)
2341,198774,854,329,525,10,5,5,91,33,58,136,43,93,564,223,341,2,1,1,Johnston Community College,Smithfield,NC,-78.332293,35.501418,51,POINT (-78.332293 35.501418)
2342,198808,206,57,149,0,0,0,9,3,6,13,6,7,164,37,127,8,8,0,Lees-McRae College,Banner Elk,NC,-81.873371,36.162477,12,POINT (-81.873371 36.162477)
2343,198817,672,266,406,8,4,4,144,40,104,78,38,40,409,170,239,14,8,6,Lenoir Community College,Kinston,NC,-77.571532,35.234405,19,POINT (-77.571532 35.234405)
2344,198835,629,199,430,9,4,5,49,23,26,32,9,23,471,138,333,21,10,11,Lenoir-Rhyne University,Hickory,NC,-81.327598,35.739968,47,POINT (-81.327598 35.739968)
2345,198844,129,4,125,0,0,0,16,0,16,11,0,11,92,3,89,1,0,1,Leons Beauty School Inc,Greensboro,NC,-79.8228,36.057646,9,POINT (-79.8228 36.057646)
2346,198862,116,40,76,0,0,0,105,39,66,0,0,0,1,0,1,0,0,0,Livingstone College,Salisbury,NC,-80.483956,35.670877,10,POINT (-80.483956 35.670877)
2347,198871,90,50,40,1,1,0,51,25,26,0,0,0,29,21,8,0,0,0,Louisburg College,Louisburg,NC,-78.29898,36.105035,9,POINT (-78.29898 36.105035)
2348,198899,263,97,166,1,1,0,47,29,18,18,4,14,172,52,120,8,5,3,Mars Hill University,Mars Hill,NC,-82.551827,35.82752,17,POINT (-82.551827 35.82752)
2349,198905,189,66,123,1,1,0,63,25,38,2,0,2,99,33,66,0,0,0,Martin Community College,Williamston,NC,-77.094913,35.836304,24,POINT (-77.094913 35.836304)
2350,198914,222,112,110,1,0,1,0,0,0,10,3,7,185,96,89,0,0,0,Mayland Community College,Spruce Pine,NC,-82.016988,35.934475,26,POINT (-82.016988 35.934475)
2351,198923,242,87,155,5,2,3,8,2,6,25,7,18,200,74,126,0,0,0,McDowell Technical Community College,Marion,NC,-81.96208,35.656254,4,POINT (-81.96208 35.656254)
2352,198950,499,14,485,26,1,25,48,2,46,35,2,33,318,5,313,6,0,6,Meredith College,Raleigh,NC,-78.689995,35.799351,66,POINT (-78.689995 35.799351)
2353,198969,364,165,199,8,2,6,50,24,26,29,6,23,172,84,88,35,18,17,Methodist University,Fayetteville,NC,-78.874426,35.135058,70,POINT (-78.874426 35.135058)
2354,198978,476,43,433,2,1,1,220,23,197,16,1,15,166,10,156,0,0,0,Miller-Motte College-Wilmington,Wilmington,NC,-77.882359,34.242761,72,POINT (-77.882359 34.242761)
2355,198987,695,275,420,29,13,16,63,18,45,89,40,49,469,186,283,3,0,3,Mitchell Community College,Statesville,NC,-80.894083,35.782814,42,POINT (-80.894083 35.782814)
2356,199005,8,0,8,0,0,0,4,0,4,1,0,1,3,0,3,0,0,0,Mitchells Academy,Wilson,NC,-77.9535,35.718299,0,POINT (-77.9535 35.718299)
2357,199023,252,126,126,2,0,2,39,4,35,24,11,13,179,107,72,1,1,0,Montgomery Community College,Troy,NC,-79.870005,35.367107,7,POINT (-79.870005 35.367107)
2358,199032,171,78,93,1,0,1,21,7,14,9,6,3,119,49,70,6,4,2,Montreat College,Montreat,NC,-82.2976,35.646577,15,POINT (-82.2976 35.646577)
2359,199069,764,238,526,5,3,2,175,45,130,51,15,36,420,145,275,30,13,17,University of Mount Olive,Mount Olive,NC,-78.069388,35.208166,83,POINT (-78.069388 35.208166)
2360,199078,51,12,39,0,0,0,9,1,8,3,1,2,37,9,28,1,0,1,College of Wilmington,Wilmington,NC,-77.906111,34.21396,1,POINT (-77.906111 34.21396)
2361,199087,526,250,276,7,2,5,152,50,102,40,19,21,290,158,132,7,3,4,Nash Community College,Rocky Mount,NC,-77.898348,35.976823,30,POINT (-77.898348 35.976823)
2362,199102,2538,969,1569,36,18,18,1969,708,1261,103,38,65,170,80,90,87,60,27,North Carolina A & T State University,Greensboro,NC,-79.773375,36.07282,173,POINT (-79.773375 36.07282)
2363,199111,723,291,432,11,3,8,33,12,21,45,19,26,549,222,327,6,5,1,University of North Carolina at Asheville,Asheville,NC,-82.565392,35.617068,79,POINT (-82.565392 35.617068)
2364,199120,8338,3486,4852,812,332,480,630,227,403,646,252,394,5068,2154,2914,473,253,220,University of North Carolina at Chapel Hill,Chapel Hill,NC,-79.050969,35.911769,709,POINT (-79.050969 35.911769)
2365,199139,8219,3906,4313,555,280,275,1297,447,850,760,305,455,4416,2198,2218,683,431,252,University of North Carolina at Charlotte,Charlotte,NC,-80.730919,35.306022,508,POINT (-80.730919 35.306022)
2366,199148,4765,1476,3289,205,76,129,1198,288,910,424,114,310,2479,840,1639,186,83,103,University of North Carolina at Greensboro,Greensboro,NC,-79.809414,36.068236,273,POINT (-79.809414 36.068236)
2367,199157,1586,417,1169,29,13,16,1140,294,846,106,24,82,196,57,139,13,5,8,North Carolina Central University,Durham,NC,-78.898602,35.974237,102,POINT (-78.898602 35.974237)
2368,199184,244,102,142,6,2,4,22,12,10,15,5,10,172,73,99,11,5,6,University of North Carolina School of the Arts,Winston Salem,NC,-80.235672,36.076183,18,POINT (-80.235672 36.076183)
2369,199193,9872,5156,4716,651,316,335,606,238,368,490,242,248,6047,3113,2934,1410,922,488,North Carolina State University at Raleigh,Raleigh,NC,-78.674517,35.785111,668,POINT (-78.674517 35.785111)
2370,199209,434,158,276,2,1,1,160,41,119,18,7,11,153,57,96,36,21,15,North Carolina Wesleyan College,Rocky Mount,NC,-77.773982,36.019665,65,POINT (-77.773982 36.019665)
2371,199218,5087,1659,3428,93,40,53,292,83,209,307,97,210,4004,1290,2714,86,44,42,University of North Carolina Wilmington,Wilmington,NC,-77.875527,34.225223,305,POINT (-77.875527 34.225223)
2372,199263,114,73,41,0,0,0,48,38,10,5,2,3,54,27,27,0,0,0,Pamlico Community College,Grantsboro,NC,-76.83372,35.068398,7,POINT (-76.83372 35.068398)
2373,199272,215,89,126,6,5,1,40,14,26,26,10,16,120,51,69,2,2,0,William Peace University,Raleigh,NC,-78.637697,35.789139,21,POINT (-78.637697 35.789139)
2374,199281,1855,601,1254,39,18,21,540,155,385,108,31,77,792,284,508,34,9,25,University of North Carolina at Pembroke,Pembroke,NC,-79.200347,34.688313,342,POINT (-79.200347 34.688313)
2375,199306,329,110,219,7,2,5,92,29,63,17,9,8,197,60,137,8,5,3,Pfeiffer University,Misenheimer,NC,-80.283168,35.484696,8,POINT (-80.283168 35.484696)
2376,199324,258,106,152,1,0,1,69,21,48,13,6,7,163,73,90,2,0,2,Piedmont Community College,Roxboro,NC,-78.980607,36.431674,10,POINT (-78.980607 36.431674)
2377,199333,1617,601,1016,22,6,16,459,134,325,143,56,87,884,371,513,11,6,5,Pitt Community College,Winterville,NC,-77.407203,35.550591,98,POINT (-77.407203 35.550591)
2378,199412,823,236,587,18,3,15,177,36,141,65,17,48,449,140,309,44,21,23,Queens University of Charlotte,Charlotte,NC,-80.833509,35.189051,70,POINT (-80.833509 35.189051)
2379,199421,726,290,436,6,3,3,35,10,25,113,52,61,482,184,298,12,4,8,Randolph Community College,Asheboro,NC,-79.828538,35.672814,78,POINT (-79.828538 35.672814)
2380,199449,590,211,379,14,8,6,145,31,114,26,14,12,239,85,154,9,3,6,Richmond Community College,Hamlet,NC,-79.70964,34.905252,157,POINT (-79.70964 34.905252)
2381,199458,33,17,16,0,0,0,5,3,2,1,0,1,24,13,11,2,1,1,Mid-Atlantic Christian University,Elizabeth City,NC,-76.217139,36.304673,1,POINT (-76.217139 36.304673)
2382,199467,98,32,66,3,2,1,65,13,52,0,0,0,25,14,11,1,1,0,Roanoke-Chowan Community College,Ahoskie,NC,-77.023662,36.324827,4,POINT (-77.023662 36.324827)
2383,199476,329,119,210,3,1,2,48,13,35,51,26,25,62,15,47,4,2,2,Robeson Community College,Lumberton,NC,-79.00664,34.675194,161,POINT (-79.00664 34.675194)
2384,199485,426,195,231,2,0,2,60,19,41,34,16,18,296,142,154,7,2,5,Rockingham Community College,Wentworth,NC,-79.758353,36.388682,27,POINT (-79.758353 36.388682)
2385,199494,1448,560,888,24,10,14,257,67,190,143,61,82,919,387,532,26,8,18,Rowan-Cabarrus Community College,Salisbury,NC,-80.48181,35.639388,79,POINT (-80.48181 35.639388)
2386,199582,108,40,68,0,0,0,93,30,63,1,1,0,0,0,0,8,4,4,Saint Augustine's University,Raleigh,NC,-78.621301,35.785468,6,POINT (-78.621301 35.785468)
2387,199607,153,8,145,6,1,5,22,0,22,18,0,18,91,3,88,0,0,0,Salem College,Winston-Salem,NC,-80.241297,36.086271,16,POINT (-80.241297 36.086271)
2388,199625,443,152,291,2,1,1,65,13,52,117,41,76,219,82,137,12,5,7,Sampson Community College,Clinton,NC,-78.36006,34.99046,28,POINT (-78.36006 34.99046)
2389,199634,778,307,471,8,4,4,108,28,80,98,34,64,467,206,261,16,6,10,Sandhills Community College,Pinehurst,NC,-79.40635,35.220086,81,POINT (-79.40635 35.220086)
2390,199643,193,68,125,3,1,2,143,54,89,7,2,5,6,1,5,7,3,4,Shaw University,Raleigh,NC,-78.637693,35.771181,27,POINT (-78.637693 35.771181)
2391,199689,73,5,68,0,0,0,22,1,21,8,0,8,36,3,33,0,0,0,Paul Mitchell the School-Fayetteville,Fayetteville,NC,-78.957673,35.070011,7,POINT (-78.957673 35.070011)
2392,199698,113,54,59,1,1,0,16,11,5,3,2,1,49,20,29,17,13,4,St. Andrews University,Laurinburg,NC,-79.478567,34.74563,27,POINT (-79.478567 34.74563)
2393,199722,374,146,228,0,0,0,44,12,32,18,6,12,266,113,153,2,1,1,Southeastern Community College,Whiteville,NC,-78.783365,34.331749,44,POINT (-78.783365 34.331749)
2394,199731,575,219,356,8,3,5,6,2,4,47,18,29,426,165,261,3,1,2,Southwestern Community College,Sylva,NC,-83.207129,35.348575,85,POINT (-83.207129 35.348575)
2395,199740,710,184,526,14,6,8,126,15,111,26,9,17,471,133,338,10,0,10,Stanly Community College,Albemarle,NC,-80.236303,35.339895,63,POINT (-80.236303 35.339895)
2396,199759,629,491,138,23,20,3,27,23,4,60,48,12,499,384,115,5,5,0,Southeastern Baptist Theological Seminary,Wake Forest,NC,-78.513755,35.981858,15,POINT (-78.513755 35.981858)
2397,199768,521,179,342,2,1,1,12,5,7,95,34,61,396,132,264,1,1,0,Surry Community College,Dobson,NC,-80.716834,36.384334,15,POINT (-80.716834 36.384334)
2398,199786,1064,383,681,16,5,11,178,39,139,171,60,111,596,240,356,39,12,27,Alamance Community College,Graham,NC,-79.357657,36.066683,64,POINT (-79.357657 36.066683)
2399,199795,212,80,132,2,0,2,2,0,2,5,2,3,190,73,117,1,1,0,Tri-County Community College,Murphy,NC,-83.966476,35.067021,12,POINT (-83.966476 35.067021)
2400,199838,574,174,400,8,2,6,167,40,127,48,12,36,278,94,184,12,3,9,Vance-Granville Community College,Henderson,NC,-78.487651,36.323887,61,POINT (-78.487651 36.323887)
2401,199847,2637,1224,1413,130,54,76,221,89,132,171,64,107,1731,834,897,267,125,142,Wake Forest University,Winston-Salem,NC,-80.277446,36.133609,117,POINT (-80.277446 36.133609)
2402,199856,5771,2675,3096,321,131,190,1012,341,671,754,314,440,3144,1646,1498,158,61,97,Wake Technical Community College,Raleigh,NC,-78.706126,35.650151,382,POINT (-78.706126 35.650151)
2403,199865,137,38,99,0,0,0,4,2,2,13,6,7,113,27,86,1,1,0,Warren Wilson College,Swannanoa,NC,-82.442619,35.610328,6,POINT (-82.442619 35.610328)
2404,199883,68,5,63,1,0,1,18,0,18,3,0,3,45,5,40,0,0,0,Watts School of Nursing,Durham,NC,-78.9413,36.027649,1,POINT (-78.9413 36.027649)
2405,199892,937,382,555,23,8,15,165,46,119,146,58,88,559,253,306,8,2,6,Wayne Community College,Goldsboro,NC,-77.945873,35.403079,36,POINT (-77.945873 35.403079)
2406,199908,394,146,248,30,9,21,15,6,9,35,10,25,303,117,186,7,3,4,Western Piedmont Community College,Morganton,NC,-81.687345,35.722876,4,POINT (-81.687345 35.722876)
2407,199926,754,366,388,0,0,0,20,8,12,69,35,34,623,301,322,5,2,3,Wilkes Community College,Wilkesboro,NC,-81.182994,36.136617,37,POINT (-81.182994 36.136617)
2408,199953,379,129,250,9,2,7,122,30,92,53,24,29,167,65,102,11,3,8,Wilson Community College,Wilson,NC,-77.895663,35.730114,17,POINT (-77.895663 35.730114)
2409,199962,843,315,528,35,11,24,110,50,60,30,6,24,542,196,346,25,14,11,Wingate University,Wingate,NC,-80.44305,34.986064,101,POINT (-80.44305 34.986064)
2410,199971,11,6,5,0,0,0,11,6,5,0,0,0,0,0,0,0,0,0,Carolina Christian College,Winston Salem,NC,-80.256252,36.146168,0,POINT (-80.256252 36.146168)
2411,199980,52,45,7,0,0,0,30,25,5,6,5,1,14,13,1,0,0,0,Winston Salem Barber School,Winston-Salem,NC,-80.260541,36.067155,2,POINT (-80.260541 36.067155)
2412,199999,1159,287,872,24,7,17,707,189,518,52,15,37,184,42,142,31,9,22,Winston-Salem State University,Winston-Salem,NC,-80.225033,36.089554,161,POINT (-80.225033 36.089554)
2413,200004,2883,1183,1700,36,16,20,151,64,87,176,73,103,2315,960,1355,55,26,29,Western Carolina University,Cullowhee,NC,-83.186258,35.308979,150,POINT (-83.186258 35.308979)
2414,200013,321,50,271,9,3,6,34,12,22,16,1,15,202,28,174,0,0,0,Rasmussen University-North Dakota,Fargo,ND,-96.848937,46.848362,60,POINT (-96.848937 46.848362)
2415,200022,947,605,342,4,3,1,20,18,2,37,23,14,833,524,309,3,2,1,Bismarck State College,Bismarck,ND,-100.816534,46.821459,50,POINT (-100.816534 46.821459)
2416,200059,297,98,199,3,2,1,7,3,4,12,3,9,248,83,165,12,4,8,Dickinson State University,Dickinson,ND,-102.799679,46.882917,15,POINT (-102.799679 46.882917)
2417,200086,26,4,22,0,0,0,0,0,0,0,0,0,5,2,3,0,0,0,Nueta Hidatsa Sahnish College,New Town,ND,-102.472814,47.983311,21,POINT (-102.472814 47.983311)
2418,200110,33,0,33,2,0,2,2,0,2,0,0,0,28,0,28,0,0,0,"Josef's School of Hair, Skin & Body-Grand Forks",Grand Forks,ND,-97.044408,47.900289,1,POINT (-97.044408 47.900289)
2419,200156,224,97,127,0,0,0,7,5,2,16,10,6,174,66,108,17,12,5,University of Jamestown,Jamestown,ND,-98.698416,46.914302,10,POINT (-98.698416 46.914302)
2420,200192,357,158,199,3,1,2,5,2,3,22,11,11,276,117,159,19,13,6,Lake Region State College,Devils Lake,ND,-98.869034,48.127948,32,POINT (-98.869034 48.127948)
2421,200208,27,5,22,0,0,0,0,0,0,0,0,0,3,0,3,0,0,0,Cankdeska Cikana Community College,Fort Totten,ND,-98.990801,47.978122,24,POINT (-98.990801 47.978122)
2422,200217,1068,397,671,13,6,7,27,11,16,41,19,22,809,293,516,3,3,0,University of Mary,Bismarck,ND,-100.75274,46.723767,175,POINT (-100.75274 46.723767)
2423,200226,245,74,171,1,1,0,8,6,2,11,7,4,207,52,155,5,2,3,Mayville State University,Mayville,ND,-97.322554,47.505415,13,POINT (-97.322554 47.505415)
2424,200253,638,221,417,16,8,8,27,13,14,38,20,18,395,118,277,113,47,66,Minot State University,Minot,ND,-101.29861,48.246961,49,POINT (-101.29861 48.246961)
2425,200280,2935,1285,1650,41,19,22,59,27,32,123,60,63,2356,1000,1356,155,91,64,University of North Dakota,Grand Forks,ND,-97.071738,47.921654,201,POINT (-97.071738 47.921654)
2426,200305,504,292,212,3,0,3,9,7,2,9,3,6,459,265,194,3,2,1,North Dakota State College of Science,Wahpeton,ND,-96.607379,46.272158,21,POINT (-96.607379 46.272158)
2427,200314,154,39,115,0,0,0,9,4,5,10,4,6,109,22,87,11,7,4,Dakota College at Bottineau,Bottineau,ND,-100.441103,48.832505,15,POINT (-100.441103 48.832505)
2428,200332,3122,1568,1554,61,30,31,84,45,39,63,25,38,2616,1305,1311,170,106,64,North Dakota State University-Main Campus,Fargo,ND,-96.800838,46.893127,128,POINT (-96.800838 46.893127)
2429,200341,189,57,132,2,1,1,7,3,4,20,9,11,135,37,98,11,6,5,Williston State College,Williston,ND,-103.613066,48.158603,14,POINT (-103.613066 48.158603)
2430,200466,54,16,38,0,0,0,1,0,1,0,0,0,2,0,2,0,0,0,Sitting Bull College,Fort Yates,ND,-100.674735,46.085288,51,POINT (-100.674735 46.085288)
2431,200484,46,25,21,0,0,0,0,0,0,2,2,0,37,18,19,0,0,0,Trinity Bible College and Graduate School,Ellendale,ND,-98.517906,46.001037,7,POINT (-98.517906 46.001037)
2432,200527,119,49,70,0,0,0,0,0,0,0,0,0,5,0,5,0,0,0,Turtle Mountain Community College,Belcourt,ND,-99.750836,48.883758,114,POINT (-99.750836 48.883758)
2433,200554,88,35,53,0,0,0,0,0,0,0,0,0,2,0,2,1,1,0,United Tribes Technical College,Bismarck,ND,-100.755131,46.767157,85,POINT (-100.755131 46.767157)
2434,200572,335,105,230,4,0,4,2,2,0,12,5,7,294,89,205,7,3,4,Valley City State University,Valley City,ND,-98.00389,46.918517,16,POINT (-98.00389 46.918517)
2435,200590,76,37,39,0,0,0,22,7,15,0,0,0,54,30,24,0,0,0,ETI Technical College,Niles,OH,-80.723213,41.18694,0,POINT (-80.723213 41.18694)
2436,200697,567,482,85,34,27,7,23,18,5,32,25,7,409,350,59,9,9,0,Air Force Institute of Technology-Graduate School of Engineering & Management,Wright-Patterson AFB,OH,-84.082618,39.782221,60,POINT (-84.082618 39.782221)
2437,200785,150,28,122,2,0,2,44,2,42,8,5,3,87,21,66,0,0,0,Herzing University-Akron,Akron,OH,-81.493109,41.02817,9,POINT (-81.493109 41.02817)
2438,200800,3830,1903,1927,111,54,57,299,121,178,89,42,47,2893,1431,1462,230,159,71,University of Akron Main Campus,Akron,OH,-81.511679,41.078551,208,POINT (-81.511679 41.078551)
2439,200846,75,36,39,2,0,2,9,3,6,3,1,2,57,29,28,1,1,0,University of Akron Wayne College,Orrville,OH,-81.789979,40.861519,3,POINT (-81.789979 40.861519)
2440,200873,5,2,3,0,0,0,0,0,0,0,0,0,5,2,3,0,0,0,Allegheny Wesleyan College,Salem,OH,-80.861232,40.86722,0,POINT (-80.861232 40.86722)
2441,201034,599,260,339,1,1,0,78,25,53,15,4,11,472,223,249,0,0,0,Apollo Career Center,Lima,OH,-84.149151,40.692999,33,POINT (-84.149151 40.692999)
2442,201061,29,9,20,0,0,0,4,1,3,4,2,2,18,5,13,0,0,0,Art Academy of Cincinnati,Cincinnati,OH,-84.513913,39.108805,3,POINT (-84.513913 39.108805)
2443,201098,32,20,12,0,0,0,0,0,0,0,0,0,30,19,11,0,0,0,Ashland County-West Holmes Career Center,Ashland,OH,-82.266808,40.801018,2,POINT (-82.266808 40.801018)
2444,201104,1301,519,782,29,9,20,148,76,72,48,14,34,932,356,576,78,39,39,Ashland University,Ashland,OH,-82.321061,40.861755,66,POINT (-82.321061 40.861755)
2445,201131,79,23,56,0,0,0,2,1,1,2,0,2,70,21,49,0,0,0,Ashtabula County Technical and Career Campus,Jefferson,OH,-80.733023,41.746864,5,POINT (-80.733023 41.746864)
2446,201140,20,15,5,0,0,0,0,0,0,0,0,0,19,14,5,1,1,0,Athenaeum of Ohio,Cincinnati,OH,-84.371927,39.082926,0,POINT (-84.371927 39.082926)
2447,201159,102,80,22,0,0,0,7,2,5,1,1,0,92,75,17,0,0,0,Auburn Career Center,Concord Twp,OH,-81.243798,41.649238,2,POINT (-81.243798 41.649238)
2448,201177,85,9,76,0,0,0,3,0,3,3,1,2,76,8,68,0,0,0,Aultman College of Nursing and Health Sciences,Canton,OH,-81.404053,40.796186,3,POINT (-81.404053 40.796186)
2449,201195,957,384,573,17,2,15,65,30,35,39,13,26,785,315,470,5,2,3,Baldwin Wallace University,Berea,OH,-81.851145,41.373017,46,POINT (-81.851145 41.373017)
2450,201283,195,73,122,0,0,0,1,0,1,1,1,0,184,70,114,0,0,0,Belmont College,St Clairsville,OH,-80.964901,40.07695,9,POINT (-80.964901 40.07695)
2451,201371,186,73,113,2,1,1,15,8,7,10,5,5,146,52,94,2,2,0,Bluffton University,Bluffton,OH,-83.899439,40.895606,11,POINT (-83.899439 40.895606)
2452,201432,322,102,220,1,0,1,21,5,16,26,5,21,263,85,178,0,0,0,Bowling Green State University-Firelands,Huron,OH,-82.594156,41.397521,11,POINT (-82.594156 41.397521)
2453,201441,4184,1675,2509,48,20,28,247,102,145,161,65,96,3346,1290,2056,171,110,61,Bowling Green State University-Main Campus,Bowling Green,OH,-83.640896,41.375513,211,POINT (-83.640896 41.375513)
2454,201469,230,32,198,5,0,5,60,10,50,14,1,13,132,18,114,0,0,0,Bryant & Stratton College-Parma,Parma,OH,-81.781757,41.404607,19,POINT (-81.781757 41.404607)
2455,201478,141,50,91,0,0,0,1,1,0,0,0,0,139,49,90,0,0,0,Buckeye Hills Career Center,Rio Grande,OH,-82.388043,38.892181,1,POINT (-82.388043 38.892181)
2456,201496,618,302,316,34,14,20,91,34,57,24,9,15,453,243,210,0,0,0,Butler Technology and Career Development Schools,Monroe,OH,-84.431434,39.44114,16,POINT (-84.431434 39.44114)
2457,201539,82,8,74,0,0,0,23,4,19,1,0,1,38,3,35,0,0,0,Canton City Schools Adult Career and Technical Education,Canton,OH,-81.407001,40.787778,20,POINT (-81.407001 40.787778)
2458,201548,745,271,474,12,3,9,50,17,33,21,8,13,600,217,383,16,6,10,Capital University,Columbus,OH,-82.937867,39.954875,46,POINT (-82.937867 39.954875)
2459,201645,3419,1611,1808,509,217,292,216,84,132,205,102,103,1548,699,849,762,429,333,Case Western Reserve University,Cleveland,OH,-81.609596,41.507419,179,POINT (-81.609596 41.507419)
2460,201654,862,372,490,30,9,21,21,5,16,18,9,9,738,324,414,14,6,8,Cedarville University,Cedarville,OH,-83.814692,39.749237,41,POINT (-83.814692 39.749237)
2461,201672,620,158,462,16,4,12,55,10,45,13,3,10,466,115,351,2,0,2,Central Ohio Technical College,Newark,OH,-82.447441,40.069314,68,POINT (-82.447441 40.069314)
2462,201681,29,1,28,0,0,0,22,1,21,1,0,1,6,0,6,0,0,0,Central School of Practical Nursing,Independence,OH,-81.656988,41.397093,0,POINT (-81.656988 41.397093)
2463,201690,266,105,161,2,0,2,225,88,137,3,1,2,10,4,6,20,8,12,Central State University,Wilberforce,OH,-83.880186,39.715787,6,POINT (-83.880186 39.715787)
2464,201751,25,3,22,0,0,0,7,0,7,0,0,0,18,3,15,0,0,0,Chatfield College,Saint Martin,OH,-83.887153,39.210369,0,POINT (-83.887153 39.210369)
2465,201803,54,6,48,0,0,0,17,3,14,1,0,1,36,3,33,0,0,0,Choffin Career  and Technical Center,Youngstown,OH,-80.644393,41.100847,0,POINT (-80.644393 41.100847)
2466,201821,326,21,305,5,1,4,36,1,35,3,0,3,260,18,242,0,0,0,The Christ College of Nursing and Health Sciences,Cincinnati,OH,-84.509564,39.121821,22,POINT (-84.509564 39.121821)
2467,201867,82,15,67,0,0,0,3,1,2,3,1,2,72,13,59,0,0,0,Cincinnati College of Mortuary Science,Cincinnati,OH,-84.505604,39.206578,4,POINT (-84.505604 39.206578)
2468,201885,10438,4423,6015,458,180,278,784,267,517,411,166,245,7109,2970,4139,1064,605,459,University of Cincinnati-Main Campus,Cincinnati,OH,-84.51428,39.131159,612,POINT (-84.51428 39.131159)
2469,201928,1108,511,597,37,18,19,216,64,152,29,15,14,661,336,325,43,21,22,Cincinnati State Technical and Community College,Cincinnati,OH,-84.536936,39.149915,122,POINT (-84.536936 39.149915)
2470,201946,478,196,282,3,0,3,19,4,15,14,10,4,395,169,226,2,2,0,University of Cincinnati-Clermont College,Batavia,OH,-84.19437,39.080645,45,POINT (-84.19437 39.080645)
2471,201955,812,292,520,39,13,26,101,32,69,39,15,24,582,210,372,6,4,2,University of Cincinnati-Blue Ash College,Blue Ash,OH,-84.399956,39.234333,45,POINT (-84.399956 39.234333)
2472,201964,616,229,387,7,4,3,134,43,91,29,11,18,385,153,232,2,2,0,Ohio Christian University,Circleville,OH,-82.904885,39.613155,59,POINT (-82.904885 39.613155)
2473,201973,1166,435,731,11,4,7,156,29,127,29,10,19,898,361,537,4,2,2,Clark State College,Springfield,OH,-83.799788,39.896411,68,POINT (-83.799788 39.896411)
2474,202046,132,35,97,5,0,5,10,3,7,9,3,6,93,26,67,7,2,5,Cleveland Institute of Art,Cleveland,OH,-81.602416,41.510435,8,POINT (-81.602416 41.510435)
2475,202073,83,38,45,9,3,6,0,0,0,3,2,1,30,17,13,31,10,21,Cleveland Institute of Music,Cleveland,OH,-81.608878,41.512444,10,POINT (-81.608878 41.512444)
2476,202134,3969,1622,2347,137,57,80,469,133,336,228,83,145,2659,1082,1577,304,196,108,Cleveland State University,Cleveland,OH,-81.674355,41.502281,172,POINT (-81.674355 41.502281)
2477,202152,81,5,76,1,0,1,9,1,8,0,0,0,71,4,67,0,0,0,Columbiana County Career and Technical Center,Lisbon,OH,-80.747828,40.768063,0,POINT (-80.747828 40.768063)
2478,202170,229,66,163,3,0,3,19,8,11,17,6,11,159,46,113,13,1,12,Columbus College of Art and Design,Columbus,OH,-82.989479,39.966074,18,POINT (-82.989479 39.966074)
2479,202222,5094,2286,2808,248,104,144,842,315,527,303,121,182,3065,1454,1611,57,21,36,Columbus State Community College,Columbus,OH,-82.98766,39.96887,579,POINT (-82.98766 39.96887)
2480,202356,3591,1353,2238,102,49,53,683,186,497,230,70,160,2190,909,1281,81,29,52,Cuyahoga Community College District,Cleveland,OH,-81.683533,41.494906,305,POINT (-81.683533 41.494906)
2481,202435,25,2,23,0,0,0,11,0,11,2,0,2,8,1,7,1,1,0,Davis College,Toledo,OH,-83.532589,41.652922,3,POINT (-83.532589 41.652922)
2482,202453,23,19,4,0,0,0,12,10,2,3,2,1,8,7,1,0,0,0,Dayton Barber College,Miamisburg,OH,-84.222996,39.628936,0,POINT (-84.222996 39.628936)
2483,202480,3180,1638,1542,40,13,27,132,58,74,127,67,60,2309,1127,1182,452,310,142,University of Dayton,Dayton,OH,-84.176113,39.739547,120,POINT (-84.176113 39.739547)
2484,202514,93,53,40,1,1,0,4,3,1,10,4,6,74,44,30,1,0,1,Defiance College,Defiance,OH,-84.357075,41.296842,3,POINT (-84.357075 41.296842)
2485,202523,488,196,292,19,8,11,32,14,18,47,26,21,297,110,187,61,25,36,Denison University,Granville,OH,-82.523272,40.071505,32,POINT (-82.523272 40.071505)
2486,202648,532,228,304,7,4,3,9,2,7,14,8,6,488,211,277,0,0,0,Edison State Community College,Piqua,OH,-84.212385,40.157699,14,POINT (-84.212385 40.157699)
2487,202657,242,92,150,1,0,1,9,0,9,6,2,4,217,88,129,0,0,0,EHOVE Career Center,Milan,OH,-82.630439,41.332655,9,POINT (-82.630439 41.332655)
2488,202763,868,307,561,25,9,16,25,9,16,21,9,12,659,226,433,80,36,44,The University of Findlay,Findlay,OH,-83.652313,41.053344,58,POINT (-83.652313 41.053344)
2489,202806,1814,781,1033,54,29,25,272,107,165,41,21,20,881,368,513,31,17,14,Franklin University,Columbus,OH,-82.990375,39.95831,535,POINT (-82.990375 39.95831)
2490,202888,66,1,65,18,0,18,18,0,18,0,0,0,30,1,29,0,0,0,Gerbers Akron Beauty School,Akron,OH,-81.57615,41.113868,0,POINT (-81.57615 41.113868)
2491,202903,39,24,15,1,1,0,1,1,0,0,0,0,34,21,13,3,1,2,Gods Bible School and College,Cincinnati,OH,-84.505703,39.1153,0,POINT (-84.505703 39.1153)
2492,202912,109,7,102,4,0,4,11,0,11,1,0,1,86,6,80,0,0,0,Good Samaritan College of Nursing and Health Science,Cincinnati,OH,-84.521196,39.140348,7,POINT (-84.521196 39.140348)
2493,202949,218,172,46,2,1,1,31,19,12,2,2,0,166,136,30,0,0,0,Great Oaks Career Campuses,Cincinnati,OH,-84.413556,39.289951,17,POINT (-84.413556 39.289951)
2494,202985,47,3,44,1,0,1,17,2,15,3,0,3,25,1,24,0,0,0,Hannah E Mullins School of Practical Nursing,Salem,OH,-80.851045,40.902408,1,POINT (-80.851045 40.902408)
2495,203030,79,6,73,1,0,1,70,6,64,2,0,2,5,0,5,0,0,0,Adult and Community Education-Hudson,Columbus,OH,-82.980603,40.012851,1,POINT (-82.980603 40.012851)
2496,203067,137,46,91,1,0,1,0,0,0,4,3,1,122,36,86,2,2,0,Hebrew Union College-Jewish Institute of Religion,New York,NY,-73.994499,40.728938,8,POINT (-73.994499 40.728938)
2497,203085,253,120,133,2,1,1,10,8,2,10,4,6,214,100,114,4,3,1,Heidelberg University,Tiffin,OH,-83.168387,41.114833,13,POINT (-83.168387 41.114833)
2498,203128,203,81,122,3,1,2,35,12,23,15,6,9,131,53,78,4,1,3,Hiram College,Hiram,OH,-81.143981,41.3107,15,POINT (-81.143981 41.3107)
2499,203146,336,313,23,1,1,0,3,3,0,12,10,2,316,295,21,0,0,0,Hobart Institute of Welding Technology,Troy,OH,-84.219809,40.053024,4,POINT (-84.219809 40.053024)
2500,203155,493,265,228,2,2,0,25,13,12,7,3,4,433,232,201,2,0,2,Hocking College,Nelsonville,OH,-82.220791,39.441954,24,POINT (-82.220791 39.441954)
2501,203234,57,3,54,0,0,0,24,3,21,2,0,2,20,0,20,0,0,0,Ross Medical Education Center-Cincinnati,Cincinnati,OH,-84.452851,39.286023,11,POINT (-84.452851 39.286023)
2502,203289,38,28,10,0,0,0,10,5,5,1,1,0,24,20,4,0,0,0,International College of Broadcasting,Dayton,OH,-84.137499,39.764986,3,POINT (-84.137499 39.764986)
2503,203331,3874,1203,2671,75,30,45,691,180,511,524,146,378,2345,785,1560,0,0,0,Eastern Gateway Community College,Steubenville,OH,-80.672337,40.376056,239,POINT (-80.672337 40.376056)
2504,203368,838,378,460,17,9,8,21,8,13,29,11,18,733,334,399,18,7,11,John Carroll University,University Heights,OH,-81.531338,41.491321,20,POINT (-81.531338 41.491321)
2505,203386,835,56,779,21,2,19,296,16,280,15,1,14,449,33,416,0,0,0,Hondros College of Nursing,Westerville,OH,-82.901039,40.084407,54,POINT (-82.901039 40.084407)
2506,203438,60,2,58,0,0,0,7,1,6,2,0,2,50,1,49,0,0,0,Casal Aveda Institute,Niles,OH,-80.751433,41.213305,1,POINT (-80.751433 41.213305)
2507,203447,231,75,156,7,3,4,10,4,6,14,7,7,184,56,128,0,0,0,Kent State University at Ashtabula,Ashtabula,OH,-80.830377,41.888296,16,POINT (-80.830377 41.888296)
2508,203456,103,20,83,1,0,1,0,0,0,2,1,1,95,18,77,0,0,0,Kent State University at East Liverpool,East Liverpool,OH,-80.576702,40.616966,5,POINT (-80.576702 40.616966)
2509,203465,788,294,494,13,2,11,50,18,32,24,5,19,609,228,381,37,19,18,Kent State University at Stark,North Canton,OH,-81.43731,40.868568,55,POINT (-81.43731 40.868568)
2510,203474,238,111,127,2,0,2,9,3,6,5,4,1,207,97,110,0,0,0,Kent State University at Trumbull,Warren,OH,-80.836233,41.278748,15,POINT (-80.836233 41.278748)
2511,203483,319,123,196,5,2,3,11,4,7,9,2,7,274,105,169,2,2,0,Kent State University at Tuscarawas,New Philadelphia,OH,-81.407707,40.467736,18,POINT (-81.407707 40.467736)
2512,203492,157,21,136,1,0,1,3,1,2,3,2,1,143,15,128,0,0,0,Kent State University at Salem,Salem,OH,-80.835458,40.86408,7,POINT (-80.835458 40.86408)
2513,203517,6698,2285,4413,134,46,88,423,128,295,244,90,154,5091,1687,3404,393,199,194,Kent State University at Kent,Kent,OH,-81.342533,41.146653,413,POINT (-81.342533 41.146653)
2514,203526,234,71,163,5,2,3,40,10,30,6,0,6,173,55,118,0,0,0,Kent State University at Geauga,Burton,OH,-81.143085,41.483727,10,POINT (-81.143085 41.483727)
2515,203535,328,121,207,11,5,6,11,7,4,26,12,14,221,74,147,27,11,16,Kenyon College,Gambier,OH,-82.397977,40.374408,32,POINT (-82.397977 40.374408)
2516,203544,264,36,228,8,1,7,9,2,7,1,0,1,226,29,197,2,1,1,Kettering College,Kettering,OH,-84.192006,39.695052,18,POINT (-84.192006 39.695052)
2517,203580,231,104,127,3,0,3,19,16,3,7,3,4,186,78,108,5,3,2,Lake Erie College,Painesville,OH,-81.251817,41.717841,11,POINT (-81.251817 41.717841)
2518,203599,938,323,615,14,7,7,104,26,78,32,11,21,745,261,484,3,1,2,Lakeland Community College,Kirtland,OH,-81.364723,41.637463,40,POINT (-81.364723 41.637463)
2519,203614,294,81,213,0,0,0,4,1,3,2,0,2,288,80,208,0,0,0,O C Collins Career Center,Chesapeake,OH,-82.473516,38.491898,0,POINT (-82.473516 38.491898)
2520,203678,557,208,349,5,1,4,36,12,24,4,1,3,496,187,309,0,0,0,James A. Rhodes State College,Lima,OH,-84.026319,40.738347,16,POINT (-84.026319 40.738347)
2521,203720,174,116,58,0,0,0,51,31,20,46,32,14,69,47,22,0,0,0,Ohio Business College-Sheffield,Sheffield Village,OH,-82.073403,41.423809,8,POINT (-82.073403 41.423809)
2522,203739,62,5,57,0,0,0,10,0,10,6,3,3,42,2,40,0,0,0,Ohio Business College-Sandusky,Sandusky,OH,-82.667389,41.415212,4,POINT (-82.667389 41.415212)
2523,203748,1926,643,1283,35,11,24,168,44,124,230,69,161,1364,461,903,15,6,9,Lorain County Community College,Elyria,OH,-82.073549,41.413293,114,POINT (-82.073549 41.413293)
2524,203757,250,76,174,5,4,1,42,11,31,0,0,0,190,58,132,0,0,0,Lourdes University,Sylvania,OH,-83.706108,41.710009,13,POINT (-83.706108 41.710009)
2525,203775,402,144,258,2,0,2,32,14,18,11,2,9,324,114,210,3,0,3,Malone University,Canton,OH,-81.376863,40.825662,30,POINT (-81.376863 40.825662)
2526,203845,209,102,107,1,0,1,3,3,0,7,4,3,160,66,94,28,22,6,Marietta College,Marietta,OH,-81.450045,39.41668,10,POINT (-81.450045 39.41668)
2527,203881,346,129,217,4,0,4,18,9,9,8,7,1,296,105,191,0,0,0,Marion Technical College,Marion,OH,-83.089156,40.577017,20,POINT (-83.089156 40.577017)
2528,203942,51,24,27,0,0,0,3,1,2,1,0,1,46,22,24,0,0,0,Medina County Career Center,Medina,OH,-81.901592,41.155104,1,POINT (-81.901592 41.155104)
2529,203960,381,55,326,9,5,4,31,2,29,12,1,11,311,45,266,0,0,0,Mercy College of Ohio,Toledo,OH,-83.552538,41.658319,18,POINT (-83.552538 41.658319)
2530,203997,38,17,21,1,1,0,6,4,2,1,0,1,27,11,16,1,1,0,Methodist Theological School in Ohio,Delaware,OH,-83.060146,40.253643,2,POINT (-83.060146 40.253643)
2531,204006,433,219,214,4,1,3,35,21,14,14,8,6,329,159,170,26,17,9,Miami University-Hamilton,Hamilton,OH,-84.563385,39.377448,25,POINT (-84.563385 39.377448)
2532,204015,234,108,126,4,1,3,8,4,4,9,1,8,147,67,80,57,34,23,Miami University-Middletown,Middletown,OH,-84.35724,39.523776,9,POINT (-84.35724 39.523776)
2533,204024,4812,2165,2647,111,48,63,180,62,118,252,110,142,3474,1528,1946,581,329,252,Miami University-Oxford,Oxford,OH,-84.732954,39.507757,214,POINT (-84.732954 39.507757)
2534,204121,30,0,30,0,0,0,20,0,20,0,0,0,10,0,10,0,0,0,Moler Hollywood Beauty Academy,Cincinnati,OH,-84.425549,39.182803,0,POINT (-84.425549 39.182803)
2535,204158,129,37,92,1,1,0,27,6,21,1,0,1,96,30,66,0,0,0,Miami Valley Career Technology Center,Englewood,OH,-84.328951,39.845377,4,POINT (-84.328951 39.845377)
2536,204176,460,48,412,16,4,12,72,9,63,10,0,10,343,32,311,0,0,0,Mount Carmel College of Nursing,Columbus,OH,-83.021501,39.956625,19,POINT (-83.021501 39.956625)
2537,204185,467,211,256,6,2,4,23,14,9,15,12,3,392,171,221,7,3,4,University of Mount Union,Alliance,OH,-81.111029,40.905256,24,POINT (-81.111029 40.905256)
2538,204194,588,223,365,1,1,0,37,13,24,18,11,7,501,190,311,0,0,0,Mount Vernon Nazarene University,Mount Vernon,OH,-82.471074,40.372901,31,POINT (-82.471074 40.372901)
2539,204200,524,145,379,2,1,1,42,9,33,10,3,7,397,112,285,1,0,1,Mount Saint Joseph University,Cincinnati,OH,-84.639453,39.095893,72,POINT (-84.639453 39.095893)
2540,204255,300,119,181,4,1,3,2,1,1,6,3,3,264,105,159,0,0,0,Zane State College,Zanesville,OH,-82.031198,39.96241,24,POINT (-82.031198 39.96241)
2541,204264,418,143,275,6,3,3,12,7,5,8,3,5,327,102,225,21,16,5,Muskingum University,New Concord,OH,-81.737127,39.996585,44,POINT (-81.737127 39.996585)
2542,204334,80,5,75,2,2,0,17,1,16,1,0,1,59,2,57,0,0,0,National Beauty College,Canton,OH,-81.392278,40.849493,1,POINT (-81.392278 40.849493)
2543,204422,409,163,246,1,0,1,13,8,5,6,4,2,372,146,226,0,0,0,North Central State College,Mansfield,OH,-82.581582,40.798777,17,POINT (-82.581582 40.798777)
2544,204431,56,18,38,0,0,0,19,7,12,18,11,7,19,0,19,0,0,0,Northern Institute of Cosmetology,Lorain,OH,-82.174342,41.465263,0,POINT (-82.174342 41.465263)
2545,204440,326,158,168,1,0,1,5,3,2,39,23,16,248,112,136,3,2,1,Northwest State Community College,Archbold,OH,-84.297855,41.450596,30,POINT (-84.297855 41.450596)
2546,204459,37,9,28,0,0,0,31,5,26,2,2,0,4,2,2,0,0,0,Toledo Public Schools Adult and Continuing Education,Toledo,OH,-83.590926,41.682287,0,POINT (-83.590926 41.682287)
2547,204468,269,115,154,2,1,1,49,21,28,16,9,7,160,65,95,9,6,3,Notre Dame College,Cleveland,OH,-81.516617,41.506894,33,POINT (-81.516617 41.506894)
2548,204477,235,103,132,62,24,38,19,11,8,12,5,7,123,59,64,0,0,0,Northeast Ohio Medical University,Rootstown,OH,-81.245302,41.102919,19,POINT (-81.245302 41.102919)
2549,204486,914,759,155,6,4,2,30,18,12,27,24,3,629,523,106,27,20,7,University of Northwestern Ohio,Lima,OH,-84.157004,40.762917,195,POINT (-84.157004 40.762917)
2550,204501,560,234,326,27,8,19,29,17,12,47,19,28,342,137,205,64,32,32,Oberlin College,Oberlin,OH,-82.216795,41.291992,51,POINT (-82.216795 41.291992)
2551,204608,172,155,17,1,1,0,16,16,0,12,8,4,136,125,11,0,0,0,Ohio Technical College,Cleveland,OH,-81.656868,41.518038,7,POINT (-81.656868 41.518038)
2552,204617,394,156,238,7,2,5,54,22,32,9,2,7,269,108,161,18,9,9,Ohio Dominican University,Columbus,OH,-82.940689,39.992764,37,POINT (-82.940689 39.992764)
2553,204635,572,292,280,11,3,8,19,9,10,6,2,4,436,223,213,17,10,7,Ohio Northern University,Ada,OH,-83.827441,40.7662,83,POINT (-83.827441 40.7662)
2554,204662,178,85,93,1,1,0,2,1,1,5,2,3,162,74,88,1,1,0,Ohio State University Agricultural Technical Institute,Wooster,OH,-81.922936,40.775194,7,POINT (-81.922936 40.775194)
2555,204671,211,67,144,3,1,2,10,4,6,10,0,10,178,56,122,1,1,0,Ohio State University-Lima Campus,Lima,OH,-84.02384,40.738521,9,POINT (-84.02384 40.738521)
2556,204680,175,66,109,4,0,4,8,3,5,6,2,4,146,57,89,0,0,0,Ohio State University-Mansfield Campus,Mansfield,OH,-82.580194,40.796536,11,POINT (-82.580194 40.796536)
2557,204699,190,74,116,6,3,3,7,6,1,5,0,5,163,61,102,0,0,0,Ohio State University-Marion Campus,Marion,OH,-83.090597,40.577779,9,POINT (-83.090597 40.577779)
2558,204705,654,254,400,39,15,24,76,23,53,29,9,20,466,188,278,0,0,0,Ohio State University-Newark Campus,Newark,OH,-82.447441,40.069314,44,POINT (-82.447441 40.069314)
2559,204714,25,1,24,0,0,0,1,0,1,2,0,2,21,1,20,0,0,0,Ohio State Beauty Academy,Lima,OH,-84.164435,40.761697,1,POINT (-84.164435 40.761697)
2560,204723,131,111,20,1,1,0,69,58,11,2,2,0,50,41,9,0,0,0,Ohio State College of Barber Styling,Columbus,OH,-82.877144,39.977375,9,POINT (-82.877144 39.977375)
2561,204769,127,4,123,8,0,8,51,1,50,3,0,3,61,3,58,0,0,0,The Spa School,Columbus,OH,-83.018081,40.065397,4,POINT (-83.018081 40.065397)
2562,204778,48,1,47,4,1,3,17,0,17,0,0,0,26,0,26,0,0,0,Ohio State School of Cosmetology-Canal Winchester,CANAL WINCHESTER,OH,-82.831966,39.856608,1,POINT (-82.831966 39.856608)
2563,204796,15859,7485,8374,1037,505,532,932,370,562,765,335,430,10257,4772,5485,1665,925,740,Ohio State University-Main Campus,Columbus,OH,-83.014853,39.999324,1203,POINT (-83.014853 39.999324)
2564,204802,4,1,3,0,0,0,0,0,0,0,0,0,4,1,3,0,0,0,Ohio University-Eastern Campus,Saint Clairsville,OH,-80.976073,40.073392,0,POINT (-80.976073 40.073392)
2565,204820,116,43,73,1,0,1,1,1,0,4,0,4,103,37,66,1,1,0,Ohio University-Chillicothe Campus,Chillicothe,OH,-83.002175,39.329404,6,POINT (-83.002175 39.329404)
2566,204839,121,31,90,1,0,1,1,1,0,0,0,0,112,29,83,0,0,0,Ohio University-Southern Campus,Ironton,OH,-82.666876,38.524781,7,POINT (-82.666876 38.524781)
2567,204848,68,37,31,0,0,0,1,1,0,2,1,1,60,33,27,0,0,0,Ohio University-Lancaster Campus,Lancaster,OH,-82.586069,39.738752,5,POINT (-82.586069 39.738752)
2568,204857,8798,3325,5473,179,73,106,525,189,336,298,113,185,6951,2594,4357,352,164,188,Ohio University-Main Campus,Athens,OH,-82.100985,39.326798,493,POINT (-82.100985 39.326798)
2569,204866,71,11,60,0,0,0,3,2,1,0,0,0,60,7,53,2,1,1,Ohio University-Zanesville Campus,Zanesville,OH,-82.031063,39.96098,6,POINT (-82.031063 39.96098)
2570,204884,91,6,85,0,0,0,3,0,3,0,0,0,86,6,80,0,0,0,East Ohio College,East Liverpool,OH,-80.572063,40.6796,2,POINT (-80.572063 40.6796)
2571,204893,35,6,29,0,0,0,1,0,1,1,0,1,33,6,27,0,0,0,Trinity Health System School of Nursing,Steubenville,OH,-80.672323,40.376294,0,POINT (-80.672323 40.376294)
2572,204909,290,118,172,9,3,6,23,12,11,17,5,12,212,85,127,13,3,10,Ohio Wesleyan University,Delaware,OH,-83.069757,40.295963,16,POINT (-83.069757 40.295963)
2573,204936,674,238,436,24,8,16,37,14,23,19,6,13,528,188,340,1,0,1,Otterbein University,Westerville,OH,-82.936444,40.125327,65,POINT (-82.936444 40.125327)
2574,204945,1181,505,676,16,9,7,86,29,57,85,34,51,940,405,535,10,6,4,Owens Community College,Perrysburg,OH,-83.538634,41.587998,44,POINT (-83.538634 41.587998)
2575,204963,31,1,30,2,1,1,2,0,2,0,0,0,27,0,27,0,0,0,Paramount Beauty Academy,Portsmouth,OH,-82.979351,38.739039,0,POINT (-82.979351 38.739039)
2576,204981,107,37,70,3,1,2,41,4,37,8,6,2,52,24,28,0,0,0,Cuyahoga Valley Career Center,Brecksville,OH,-81.625375,41.344555,3,POINT (-81.625375 41.344555)
2577,204990,40,24,16,0,0,0,39,23,16,0,0,0,0,0,0,1,1,0,Payne Theological Seminary,Wilberforce,OH,-83.884871,39.715286,0,POINT (-83.884871 39.715286)
2578,205027,20,20,0,0,0,0,0,0,0,5,5,0,14,14,0,1,1,0,Pontifical College Josephinum,Columbus,OH,-83.018829,40.120735,0,POINT (-83.018829 40.120735)
2579,205054,162,44,118,4,2,2,64,16,48,6,0,6,72,18,54,0,0,0,Professional Skills Institute,Maumee,OH,-83.672408,41.584008,16,POINT (-83.672408 41.584008)
2580,205090,32,2,30,0,0,0,0,0,0,1,0,1,30,2,28,0,0,0,Firelands Regional Medical Center School of Nursing,Sandusky,OH,-82.71189,41.43719,1,POINT (-82.71189 41.43719)
2581,205124,11,11,0,0,0,0,0,0,0,0,0,0,11,11,0,0,0,0,Rabbinical College Telshe,Wickliffe,OH,-81.485261,41.593533,0,POINT (-81.485261 41.593533)
2582,205142,79,25,54,0,0,0,13,3,10,4,1,3,55,20,35,0,0,0,Raphael's School of Beauty Culture Inc-Niles,Niles,OH,-80.72803,41.197513,7,POINT (-80.72803 41.197513)
2583,205179,160,57,103,3,2,1,54,25,29,1,0,1,95,27,68,0,0,0,Fortis College-Centerville,Centerville,OH,-84.146046,39.644364,7,POINT (-84.146046 39.644364)
2584,205203,378,117,261,0,0,0,8,2,6,3,1,2,299,88,211,4,3,1,University of Rio Grande,Rio Grande,OH,-82.378852,38.881764,64,POINT (-82.378852 38.881764)
2585,205391,70,17,53,3,1,2,5,3,2,0,0,0,56,11,45,0,0,0,The Modern College of Design,Kettering,OH,-84.134269,39.681305,6,POINT (-84.134269 39.681305)
2586,205443,705,265,440,5,4,1,24,14,10,0,0,0,634,228,406,0,0,0,Shawnee State University,Portsmouth,OH,-82.993769,38.730867,42,POINT (-82.993769 38.730867)
2587,205470,7821,4819,3002,91,45,46,1708,1297,411,242,142,100,5142,2963,2179,101,38,63,Sinclair Community College,Dayton,OH,-84.200628,39.757598,537,POINT (-84.200628 39.757598)
2588,205559,15,1,14,0,0,0,8,1,7,0,0,0,7,0,7,0,0,0,Hussian College-Daymar College Columbus,Columbus,OH,-82.916201,39.91594,0,POINT (-82.916201 39.91594)
2589,205841,1679,837,842,40,17,23,136,38,98,21,12,9,1406,731,675,1,0,1,Stark State College,North Canton,OH,-81.439017,40.870597,75,POINT (-81.439017 40.870597)
2590,205887,292,39,253,0,0,0,67,8,59,7,2,5,210,27,183,0,0,0,Stautzenberger College-Maumee,Maumee,OH,-83.683042,41.582662,8,POINT (-83.683042 41.582662)
2591,205957,734,299,435,18,6,12,11,7,4,78,28,50,569,233,336,27,14,13,Franciscan University of Steubenville,Steubenville,OH,-80.620524,40.376919,31,POINT (-80.620524 40.376919)
2592,205966,293,78,215,1,0,1,4,1,3,3,1,2,276,74,202,0,0,0,Southern State Community College,Hillsboro,OH,-83.614085,39.236924,9,POINT (-83.614085 39.236924)
2593,206011,279,149,130,1,1,0,9,3,6,17,7,10,238,130,108,2,2,0,Terra State Community College,Fremont,OH,-83.157799,41.354111,12,POINT (-83.157799 41.354111)
2594,206039,6,1,5,0,0,0,0,0,0,1,0,1,5,1,4,0,0,0,Tiffin Academy of Hair Design,Tiffin,OH,-83.175814,41.114497,0,POINT (-83.175814 41.114497)
2595,206048,707,308,399,8,4,4,92,34,58,32,16,16,411,159,252,53,42,11,Tiffin University,Tiffin,OH,-83.184197,41.118316,111,POINT (-83.184197 41.118316)
2596,206084,4645,2142,2503,173,75,98,346,119,227,193,78,115,3084,1394,1690,536,336,200,University of Toledo,Toledo,OH,-83.614714,41.660572,313,POINT (-83.614714 41.660572)
2597,206154,8,4,4,0,0,0,5,1,4,0,0,0,3,3,0,0,0,0,Tri-State Bible College,South Point,OH,-82.579887,38.426238,0,POINT (-82.579887 38.426238)
2598,206172,30,1,29,1,0,1,0,0,0,0,0,0,29,1,28,0,0,0,Tri-County Adult Career Center,Nelsonville,OH,-82.210554,39.433202,0,POINT (-82.210554 39.433202)
2599,206181,107,38,69,2,0,2,2,0,2,3,1,2,97,35,62,0,0,0,Tri-Rivers Career Center,Marion,OH,-83.069824,40.583077,3,POINT (-83.069824 40.583077)
2600,206279,403,231,172,10,8,2,50,24,26,113,58,55,160,99,61,0,0,0,Union Institute & University,Cincinnati,OH,-84.497652,39.119091,70,POINT (-84.497652 39.119091)
2601,206288,108,74,34,1,0,1,32,19,13,1,0,1,30,23,7,7,6,1,United Theological Seminary,Dayton,OH,-84.276913,39.813423,37,POINT (-84.276913 39.813423)
2602,206321,58,31,27,0,0,0,4,2,2,0,0,0,52,27,25,0,0,0,Upper Valley Career Center,Piqua,OH,-84.213946,40.161207,2,POINT (-84.213946 40.161207)
2603,206349,368,33,335,17,2,15,73,5,68,5,1,4,240,22,218,8,1,7,Ursuline College,Pepper Pike,OH,-81.465118,41.497035,25,POINT (-81.465118 41.497035)
2604,206394,11,4,7,0,0,0,2,0,2,3,2,1,6,2,4,0,0,0,The North Coast College,Lakewood,OH,-81.769767,41.484253,0,POINT (-81.769767 41.484253)
2605,206437,698,254,444,4,2,2,25,12,13,19,10,9,442,166,276,37,22,15,Walsh University,North Canton,OH,-81.369931,40.873908,171,POINT (-81.369931 40.873908)
2606,206446,322,113,209,1,1,0,4,0,4,4,2,2,300,104,196,0,0,0,Washington State Community College,Marietta,OH,-81.43392,39.430824,13,POINT (-81.43392 39.430824)
2607,206491,80,26,54,0,0,0,75,25,50,0,0,0,2,0,2,0,0,0,Wilberforce University,Wilberforce,OH,-83.880595,39.707291,3,POINT (-83.880595 39.707291)
2608,206507,268,114,154,3,2,1,20,9,11,9,6,3,210,89,121,3,1,2,Wilmington College,Wilmington,OH,-83.818342,39.444744,23,POINT (-83.818342 39.444744)
2609,206516,14,8,6,0,0,0,2,1,1,1,1,0,10,6,4,0,0,0,Winebrenner Theological Seminary,Findlay,OH,-83.650711,41.052464,1,POINT (-83.650711 41.052464)
2610,206525,357,173,184,7,1,6,31,21,10,8,4,4,286,135,151,3,2,1,Wittenberg University,Springfield,OH,-83.815445,39.934029,22,POINT (-83.815445 39.934029)
2611,206589,408,170,238,12,4,8,31,16,15,28,12,16,255,102,153,61,29,32,The College of Wooster,Wooster,OH,-81.934674,40.81046,21,POINT (-81.934674 40.81046)
2612,206604,2959,1320,1639,111,40,71,285,102,183,105,38,67,2144,988,1156,196,104,92,Wright State University-Main Campus,Dayton,OH,-84.064881,39.780634,118,POINT (-84.064881 39.780634)
2613,206613,230,95,135,1,1,0,2,2,0,3,2,1,218,90,128,0,0,0,Wright State University-Lake Campus,Celina,OH,-84.509194,40.546074,6,POINT (-84.509194 40.546074)
2614,206622,1968,770,1198,73,28,45,164,60,104,90,37,53,1510,592,918,31,15,16,Xavier University,Cincinnati,OH,-84.47465,39.149547,100,POINT (-84.47465 39.149547)
2615,206695,2461,1084,1377,39,18,21,182,72,110,85,27,58,1837,791,1046,148,106,42,Youngstown State University,Youngstown,OH,-80.64659,41.104928,170,POINT (-80.64659 41.104928)
2616,206817,35,14,21,0,0,0,5,3,2,2,2,0,7,3,4,1,1,0,Bacone College,Muskogee,OK,-95.334046,35.777082,20,POINT (-95.334046 35.777082)
2617,206835,251,74,177,0,0,0,21,5,16,15,7,8,169,49,120,13,5,8,Oklahoma Wesleyan University,Bartlesville,OK,-95.95671,36.717453,33,POINT (-95.95671 36.717453)
2618,206862,661,313,348,6,0,6,84,35,49,77,35,42,419,209,210,12,8,4,Southern Nazarene University,Bethany,OK,-97.629504,35.513295,63,POINT (-97.629504 35.513295)
2619,206905,179,94,85,0,0,0,5,1,4,7,5,2,111,62,49,0,0,0,Pontotoc Technology Center,Ada,OK,-96.683815,34.7484,56,POINT (-96.683815 34.7484)
2620,206914,651,224,427,10,6,4,58,20,38,73,29,44,359,123,236,32,20,12,Cameron University,Lawton,OK,-98.434163,34.606487,119,POINT (-98.434163 34.606487)
2621,206923,356,102,254,0,0,0,11,3,8,33,15,18,191,49,142,4,2,2,Carl Albert State College,Poteau,OK,-94.633986,35.039173,117,POINT (-94.633986 35.039173)
2622,206932,286,17,269,2,0,2,83,9,74,17,2,15,144,4,140,0,0,0,Central Oklahoma College,Oklahoma City,OK,-97.560235,35.621488,40,POINT (-97.560235 35.621488)
2623,206941,2765,1030,1735,91,42,49,188,61,127,277,85,192,1582,591,991,205,97,108,University of Central Oklahoma,Edmond,OK,-97.471508,35.6552,422,POINT (-97.471508 35.6552)
2624,206996,403,107,296,1,0,1,15,3,12,19,7,12,198,55,143,4,2,2,Connors State College,Warner,OK,-95.319541,35.492873,166,POINT (-95.319541 35.492873)
2625,207041,754,274,480,4,2,2,22,15,7,9,4,5,424,132,292,108,65,43,East Central University,Ada,OK,-96.663849,34.771934,187,POINT (-96.663849 34.771934)
2626,207050,210,74,136,2,0,2,10,2,8,8,4,4,132,43,89,1,1,0,Eastern Oklahoma State College,Wilburton,OK,-95.328995,34.914079,57,POINT (-95.328995 34.914079)
2627,207069,249,86,163,2,0,2,20,9,11,17,5,12,171,56,115,2,0,2,Redlands Community College,El Reno,OK,-97.974592,35.518475,37,POINT (-97.974592 35.518475)
2628,207087,17,0,17,0,0,0,1,0,1,3,0,3,11,0,11,0,0,0,Enid Beauty College,Enid,OK,-97.927122,36.393267,2,POINT (-97.927122 36.393267)
2629,207102,57,6,51,1,0,1,7,3,4,6,1,5,31,1,30,0,0,0,Eves College of Hairstyling,Lawton,OK,-98.402794,34.604991,12,POINT (-98.402794 34.604991)
2630,207157,50,23,27,1,1,0,1,0,1,17,5,12,23,12,11,4,2,2,Randall University,Moore,OK,-97.491107,35.300757,4,POINT (-97.491107 35.300757)
2631,207209,320,80,240,6,1,5,227,65,162,3,1,2,27,5,22,2,1,1,Langston University,Langston,OK,-97.260317,35.943982,55,POINT (-97.260317 35.943982)
2632,207236,378,103,275,3,1,2,9,0,9,34,8,26,221,67,154,23,5,18,Murray State College,Tishomingo,OK,-96.677906,34.222949,88,POINT (-96.677906 34.222949)
2633,207254,356,323,33,5,4,1,24,22,2,70,62,8,137,131,6,31,30,1,Spartan College of Aeronautics and Technology,Tulsa,OK,-95.878902,36.176642,89,POINT (-95.878902 36.176642)
2634,207263,1902,624,1278,46,16,30,79,33,46,104,36,68,995,297,698,52,36,16,Northeastern State University,Tahlequah,OK,-94.967229,35.919939,626,POINT (-94.967229 35.919939)
2635,207281,565,203,362,6,1,5,18,8,10,66,31,35,362,125,237,3,1,2,Northern Oklahoma College,Tonkawa,OK,-97.295887,36.678649,110,POINT (-97.295887 36.678649)
2636,207290,403,151,252,3,1,2,20,17,3,23,8,15,217,66,151,17,12,5,Northeastern Oklahoma A&M College,Miami,OK,-94.867248,36.877255,123,POINT (-94.867248 36.877255)
2637,207306,372,132,240,1,0,1,27,17,10,27,6,21,237,85,152,7,3,4,Northwestern Oklahoma State University,Alva,OK,-98.667673,36.796658,73,POINT (-98.667673 36.796658)
2638,207315,393,181,212,23,8,15,15,5,10,34,17,17,258,122,136,7,5,2,Oklahoma State University Center for Health Sciences,Tulsa,OK,-96.005702,36.137977,56,POINT (-96.005702 36.137977)
2639,207324,502,263,239,38,22,16,72,34,38,37,20,17,313,170,143,0,0,0,Oklahoma Christian University,Edmond,OK,-97.469526,35.611412,42,POINT (-97.469526 35.611412)
2640,207342,1116,279,837,110,38,72,40,6,34,80,15,65,708,178,530,23,8,15,University of Oklahoma-Health Sciences Center,Oklahoma City,OK,-97.496289,35.47928,155,POINT (-97.496289 35.47928)
2641,207351,328,105,223,4,1,3,12,6,6,63,26,37,204,60,144,5,4,1,Oklahoma Panhandle State University,Goodwell,OK,-101.638488,36.594518,40,POINT (-101.638488 36.594518)
2642,207388,5894,2871,3023,132,71,61,225,95,130,385,180,205,3964,1929,2035,412,252,160,Oklahoma State University-Main Campus,Stillwater,OK,-97.069743,36.123085,776,POINT (-97.069743 36.123085)
2643,207397,892,315,577,20,6,14,88,24,64,113,33,80,529,202,327,2,0,2,Oklahoma State University-Oklahoma City,Oklahoma City,OK,-97.581959,35.474969,140,POINT (-97.581959 35.474969)
2644,207403,385,138,247,3,1,2,12,8,4,8,4,4,269,99,170,12,8,4,Oklahoma Baptist University,Shawnee,OK,-96.932459,35.360492,81,POINT (-96.932459 35.360492)
2645,207449,1927,668,1259,75,38,37,111,38,73,290,104,186,1064,342,722,163,62,101,Oklahoma City Community College,Oklahoma City,OK,-97.570109,35.387699,224,POINT (-97.570109 35.387699)
2646,207458,796,266,530,42,13,29,47,12,35,74,27,47,466,154,312,69,27,42,Oklahoma City University,Oklahoma City,OK,-97.541242,35.495271,98,POINT (-97.541242 35.495271)
2647,207500,6810,3226,3584,403,204,199,337,182,155,679,294,385,4011,1933,2078,383,210,173,University of Oklahoma-Norman Campus,Norman,OK,-97.444211,35.209407,997,POINT (-97.444211 35.209407)
2648,207564,648,448,200,3,2,1,22,12,10,52,39,13,321,232,89,10,8,2,Oklahoma State University Institute of Technology,Okmulgee,OK,-95.940373,35.626934,240,POINT (-95.940373 35.626934)
2649,207582,775,322,453,32,14,18,137,55,82,68,33,35,350,153,197,29,12,17,Oral Roberts University,Tulsa,OK,-95.952547,36.049129,159,POINT (-95.952547 36.049129)
2650,207661,606,214,392,14,4,10,25,12,13,36,15,21,342,125,217,10,6,4,Rogers State University,Claremore,OK,-95.635718,36.321437,179,POINT (-95.635718 36.321437)
2651,207670,813,284,529,22,10,12,104,37,67,72,22,50,460,156,304,0,0,0,Rose State College,Midwest City,OK,-97.414113,35.44372,155,POINT (-97.414113 35.44372)
2652,207704,120,2,118,7,0,7,30,1,29,11,0,11,62,1,61,0,0,0,Jenks Beauty College,Jenks,OK,-95.975154,36.023435,10,POINT (-95.975154 36.023435)
2653,207722,143,51,92,0,0,0,5,2,3,17,9,8,81,20,61,10,9,1,University of Science and Arts of Oklahoma,Chickasha,OK,-97.95641,35.031392,30,POINT (-97.95641 35.031392)
2654,207740,329,86,243,1,0,1,13,6,7,23,4,19,196,57,139,2,2,0,Seminole State College,Seminole,OK,-96.704908,35.249515,94,POINT (-96.704908 35.249515)
2655,207786,15,0,15,0,0,0,0,0,0,0,0,0,12,0,12,0,0,0,Southern School of Beauty Inc,Durant,OK,-96.377181,33.991184,3,POINT (-96.377181 33.991184)
2656,207847,1621,686,935,41,20,21,99,60,39,88,36,52,968,406,562,34,17,17,Southeastern Oklahoma State University,Durant,OK,-96.376864,34.006808,391,POINT (-96.376864 34.006808)
2657,207856,80,42,38,1,0,1,14,8,6,8,3,5,40,22,18,11,7,4,Southwestern Christian University,Bethany,OK,-97.63934,35.513314,6,POINT (-97.63934 35.513314)
2658,207865,1170,402,768,37,13,24,53,26,27,71,21,50,770,248,522,48,33,15,Southwestern Oklahoma State University,Weatherford,OK,-98.707768,35.535281,191,POINT (-98.707768 35.535281)
2659,207935,2569,760,1809,128,47,81,193,42,151,261,77,184,1384,410,974,80,28,52,Tulsa Community College,Tulsa,OK,-95.90825,36.106788,523,POINT (-95.90825 36.106788)
2660,207962,606,543,63,2,2,0,58,51,7,114,107,7,306,279,27,0,0,0,Tulsa Welding School-Tulsa,Tulsa,OK,-95.954378,36.148202,126,POINT (-95.954378 36.148202)
2661,207971,1067,575,492,56,28,28,53,33,20,62,32,30,588,301,287,141,102,39,University of Tulsa,Tulsa,OK,-95.945941,36.152324,167,POINT (-95.945941 36.152324)
2662,208035,255,64,191,2,0,2,18,5,13,50,12,38,146,34,112,0,0,0,Western Oklahoma State College,Altus,OK,-99.33699,34.669018,39,POINT (-99.33699 34.669018)
2663,208044,20,1,19,0,0,0,0,0,0,4,0,4,13,0,13,0,0,0,Formations Institute of Cosmetology & Barbering,Woodward,OK,-99.386309,36.43491,3,POINT (-99.386309 36.43491)
2664,208053,100,55,45,0,0,0,0,0,0,16,9,7,80,46,34,0,0,0,High Plains Technology Center,Woodward,OK,-99.427304,36.40621,4,POINT (-99.427304 36.40621)
2665,208275,271,92,179,3,3,0,2,0,2,80,18,62,169,63,106,0,0,0,Blue Mountain Community College,Pendleton,OR,-118.816944,45.677313,17,POINT (-118.816944 45.677313)
2666,208318,774,289,485,12,4,8,3,3,0,101,24,77,587,223,364,0,0,0,Central Oregon Community College,Bend,OR,-121.348585,44.071401,71,POINT (-121.348585 44.071401)
2667,208390,1549,537,1012,31,10,21,12,5,7,444,143,301,633,211,422,8,3,5,Chemeketa Community College,Salem,OR,-122.978076,44.978655,421,POINT (-122.978076 44.978655)
2668,208406,761,290,471,31,10,21,11,9,2,82,33,49,554,203,351,5,3,2,Clackamas Community College,Oregon City,OR,-122.574272,45.323185,78,POINT (-122.574272 45.323185)
2669,208415,100,39,61,0,0,0,0,0,0,21,6,15,73,33,40,0,0,0,Clatsop Community College,Astoria,OR,-123.823339,46.183107,6,POINT (-123.823339 46.183107)
2670,208433,36,0,36,0,0,0,0,0,0,10,0,10,24,0,24,0,0,0,College of Hair Design Careers,Salem,OR,-122.981554,44.949897,2,POINT (-122.981554 44.949897)
2671,208479,302,37,265,9,3,6,8,0,8,76,11,65,84,3,81,2,1,1,Concorde Career College-Portland,Portland,OR,-122.650703,45.528354,123,POINT (-122.650703 45.528354)
2672,208512,281,52,229,16,2,14,50,17,33,23,4,19,190,29,161,0,0,0,Sumner College,Portland,OR,-122.576024,45.574935,2,POINT (-122.576024 45.574935)
2673,208637,108,28,80,4,0,4,2,0,2,11,3,8,76,20,56,0,0,0,East West College of the Healing Arts,Portland,OR,-122.681029,45.513392,15,POINT (-122.681029 45.513392)
2674,208646,688,247,441,14,5,9,11,6,5,73,27,46,491,170,321,10,5,5,Eastern Oregon University,La Grande,OR,-118.092495,45.319795,89,POINT (-118.092495 45.319795)
2675,208725,8,2,6,0,0,0,0,0,0,0,0,0,3,0,3,0,0,0,New Hope Christian College-Eugene,Eugene,OR,-123.15355,44.032674,5,POINT (-123.15355 44.032674)
2676,208822,1108,411,697,46,22,24,26,11,15,106,46,60,812,290,522,14,7,7,George Fox University,Newberg,OR,-122.967494,45.303629,104,POINT (-122.967494 45.303629)
2677,208859,29,5,24,0,0,0,1,1,0,0,0,0,27,4,23,0,0,0,Phagans Grants Pass College of Beauty,Grants Pass,OR,-123.298826,42.435266,1,POINT (-123.298826 42.435266)
2678,209038,1266,497,769,22,7,15,6,2,4,166,66,100,867,343,524,67,21,46,Lane Community College,Eugene,OR,-123.032644,44.009325,138,POINT (-123.032644 44.009325)
2679,209056,825,284,541,30,6,24,20,5,15,81,20,61,571,202,369,28,11,17,Lewis & Clark College,Portland,OR,-122.669137,45.450882,95,POINT (-122.669137 45.450882)
2680,209065,251,100,151,12,3,9,4,4,0,47,14,33,144,57,87,8,7,1,Linfield University-McMinnville Campus,McMinnville,OR,-123.199642,45.201173,36,POINT (-123.199642 45.201173)
2681,209074,790,323,467,21,4,17,7,3,4,86,34,52,566,230,336,15,14,1,Linn-Benton Community College,Albany,OR,-123.11403,44.587663,95,POINT (-123.11403 44.587663)
2682,209083,44,8,36,5,2,3,0,0,0,13,3,10,16,1,15,0,0,0,Northwest College-Beaverton,Beaverton,OR,-122.805741,45.489301,10,POINT (-122.805741 45.489301)
2683,209153,27,5,22,0,0,0,0,0,0,3,1,2,21,2,19,0,0,0,Phagans Medford Beauty School,Medford,OR,-122.868181,42.351071,3,POINT (-122.868181 42.351071)
2684,209205,34,6,28,1,1,0,4,0,4,6,1,5,15,1,14,0,0,0,Northwest College-Clackamas,Happy Valley,OR,-122.576902,45.438533,8,POINT (-122.576902 45.438533)
2685,209241,28,26,2,5,5,0,0,0,0,9,9,0,11,9,2,2,2,0,Mount Angel Seminary,Saint Benedict,OR,-122.775405,45.057871,1,POINT (-122.775405 45.057871)
2686,209250,1125,418,707,104,46,58,34,10,24,148,47,101,691,254,437,14,8,6,Mt Hood Community College,Gresham,OR,-122.396972,45.514862,134,POINT (-122.396972 45.514862)
2687,209287,149,75,74,6,4,2,2,1,1,12,6,6,108,53,55,5,2,3,Multnomah University,Portland,OR,-122.575557,45.527139,16,POINT (-122.575557 45.527139)
2688,209296,149,18,131,9,3,6,1,0,1,11,1,10,99,11,88,1,0,1,National University of Natural Medicine,Portland,OR,-122.6766,45.501931,28,POINT (-122.6766 45.501931)
2689,209409,261,103,158,9,4,5,6,3,3,18,11,7,190,66,124,6,6,0,Bushnell University,Eugene,OR,-123.079754,44.047483,32,POINT (-123.079754 44.047483)
2690,209490,1080,310,770,120,38,82,21,9,12,96,16,80,729,209,520,19,10,9,Oregon Health & Science University,Portland,OR,-122.686096,45.498772,95,POINT (-122.686096 45.498772)
2691,209506,781,414,367,58,34,24,9,4,5,76,33,43,533,280,253,26,18,8,Oregon Institute of Technology,Klamath Falls,OR,-121.785177,42.257152,79,POINT (-121.785177 42.257152)
2692,209542,7732,3878,3854,562,309,253,97,57,40,688,312,376,4678,2205,2473,946,627,319,Oregon State University,Corvallis,OR,-123.274723,44.56395,761,POINT (-123.274723 44.56395)
2693,209551,5673,2512,3161,355,147,208,123,57,66,634,258,376,3523,1539,1984,501,278,223,University of Oregon,Eugene,OR,-123.075792,44.045146,537,POINT (-123.075792 44.045146)
2694,209603,124,36,88,3,0,3,1,0,1,6,3,3,78,23,55,5,2,3,Pacific Northwest College of Art,Portland,OR,-122.678182,45.526766,31,POINT (-122.678182 45.526766)
2695,209612,1236,351,885,136,41,95,15,5,10,126,25,101,572,175,397,45,16,29,Pacific University,Forest Grove,OR,-123.108777,45.521394,342,POINT (-123.108777 45.521394)
2696,209667,39,0,39,1,0,1,1,0,1,5,0,5,27,0,27,0,0,0,Phagans Beauty College,Corvallis,OR,-123.310594,44.549973,5,POINT (-123.310594 44.549973)
2697,209676,74,15,59,0,0,0,1,0,1,4,1,3,58,11,47,0,0,0,Phagans Central Oregon Beauty College,Bend,OR,-121.264194,44.063609,11,POINT (-121.264194 44.063609)
2698,209694,45,9,36,0,0,0,2,1,1,14,3,11,18,3,15,0,0,0,Phagans School of Beauty,Salem,OR,-122.981962,44.937695,11,POINT (-122.981962 44.937695)
2699,209700,85,19,66,4,0,4,8,4,4,19,7,12,54,8,46,0,0,0,Phagans School of Hair Design,Happy Valley,OR,-122.574975,45.435373,0,POINT (-122.574975 45.435373)
2700,209719,48,2,46,1,0,1,2,1,1,10,0,10,35,1,34,0,0,0,Summit Salon Academy-Portland,Tigard,OR,-122.766574,45.433994,0,POINT (-122.766574 45.433994)
2701,209746,3952,1644,2308,295,109,186,131,58,73,490,188,302,2304,992,1312,120,36,84,Portland Community College,Portland,OR,-122.730876,45.438154,612,POINT (-122.730876 45.438154)
2702,209807,6731,2844,3887,526,221,305,227,107,120,955,362,593,3801,1568,2233,503,287,216,Portland State University,Portland,OR,-122.686289,45.511601,719,POINT (-122.686289 45.511601)
2703,209825,941,400,541,118,49,69,13,8,5,99,38,61,508,225,283,47,16,31,University of Portland,Portland,OR,-122.726691,45.572724,156,POINT (-122.726691 45.572724)
2704,209922,329,165,164,17,10,7,5,4,1,30,11,19,197,99,98,49,29,20,Reed College,Portland,OR,-122.630348,45.480959,31,POINT (-122.630348 45.480959)
2705,209940,692,210,482,11,2,9,6,3,3,132,38,94,492,148,344,1,1,0,Rogue Community College,Grants Pass,OR,-123.39326,42.412159,50,POINT (-123.39326 42.412159)
2706,210146,1184,389,795,23,10,13,15,7,8,129,46,83,742,234,508,42,16,26,Southern Oregon University,Ashland,OR,-122.695081,42.185077,233,POINT (-122.695081 42.185077)
2707,210155,361,129,232,6,2,4,2,1,1,41,17,24,260,89,171,6,4,2,Southwestern Oregon Community College,Coos Bay,OR,-124.25224,43.395327,46,POINT (-124.25224 43.395327)
2708,210234,345,125,220,2,1,1,3,3,0,95,27,68,213,84,129,3,1,2,Treasure Valley Community College,Ontario,OR,-116.974487,44.020811,29,POINT (-116.974487 44.020811)
2709,210270,567,206,361,13,5,8,6,1,5,8,2,6,474,172,302,0,0,0,Umpqua Community College,Roseburg,OR,-123.332475,43.289317,66,POINT (-123.332475 43.289317)
2710,210304,146,57,89,4,0,4,16,9,7,38,18,20,66,20,46,1,1,0,Warner Pacific University,Portland,OR,-122.592498,45.506265,21,POINT (-122.592498 45.506265)
2711,210331,305,127,178,7,2,5,6,4,2,37,16,21,214,88,126,12,9,3,Corban University,Salem,OR,-122.961129,44.882399,29,POINT (-122.961129 44.882399)
2712,210340,37,3,34,0,0,0,0,0,0,7,0,7,21,2,19,0,0,0,College of Cosmetology,Klamath Falls,OR,-121.765377,42.224857,9,POINT (-121.765377 42.224857)
2713,210368,160,96,64,16,10,6,3,1,2,13,7,6,116,71,45,1,0,1,Western Seminary,Portland,OR,-122.606374,45.512091,11,POINT (-122.606374 45.512091)
2714,210401,535,238,297,39,19,20,9,4,5,67,30,37,324,146,178,10,5,5,Willamette University,Salem,OR,-123.030537,44.935457,86,POINT (-123.030537 44.935457)
2715,210429,1163,387,776,47,11,36,31,16,15,192,64,128,746,242,504,54,14,40,Western Oregon University,Monmouth,OR,-123.238309,44.852235,93,POINT (-123.238309 44.852235)
2716,210438,522,212,310,20,8,12,13,5,8,10,4,6,244,102,142,143,61,82,University of Western States,Portland,OR,-122.580586,45.536519,92,POINT (-122.580586 45.536519)
2717,210492,66,23,43,3,0,3,6,3,3,2,0,2,44,17,27,3,2,1,Bryn Athyn College of the New Church,Bryn Athyn,PA,-75.060808,40.134393,8,POINT (-75.060808 40.134393)
2718,210508,2,1,1,0,0,0,0,0,0,0,0,0,0,0,0,2,1,1,Academy of Vocal Arts,Philadelphia,PA,-75.173735,39.94796,0,POINT (-75.173735 39.94796)
2719,210571,413,153,260,8,3,5,79,28,51,55,17,38,243,96,147,2,1,1,Albright College,Reading,PA,-75.909742,40.361351,26,POINT (-75.909742 40.361351)
2720,210599,501,336,165,8,8,0,361,254,107,38,26,12,68,32,36,2,2,0,All-State Career School,Essington,PA,-75.303038,39.866057,24,POINT (-75.303038 39.866057)
2721,210605,2583,1222,1361,92,29,63,296,100,196,66,18,48,1688,769,919,1,0,1,Community College of Allegheny County,Pittsburgh,PA,-80.018453,40.450908,440,POINT (-80.018453 40.450908)
2722,210669,361,146,215,11,4,7,31,9,22,24,10,14,265,108,157,9,6,3,Allegheny College,Meadville,PA,-80.147168,41.64869,21,POINT (-80.147168 41.64869)
2723,210711,43,2,41,0,0,0,11,1,10,15,1,14,12,0,12,0,0,0,The  Beauty Institute,Whitehall,PA,-75.481024,40.631236,5,POINT (-75.481024 40.631236)
2724,210739,927,318,609,33,8,25,47,14,33,83,28,55,694,242,452,0,0,0,DeSales University,Center Valley,PA,-75.375608,40.539091,70,POINT (-75.375608 40.539091)
2725,210748,64,1,63,0,0,0,3,0,3,0,0,0,60,1,59,0,0,0,Altoona Beauty School Inc,Altoona,PA,-78.387852,40.501861,1,POINT (-78.387852 40.501861)
2726,210775,641,161,480,8,3,5,52,13,39,65,17,48,485,122,363,2,1,1,Alvernia University,Reading,PA,-75.936754,40.310028,29,POINT (-75.936754 40.310028)
2727,210784,148,1,147,2,0,2,43,0,43,23,0,23,71,1,70,0,0,0,The Beauty Institute-Ambler,Ambler,PA,-75.222204,40.154233,9,POINT (-75.222204 40.154233)
2728,210809,3450,2496,954,88,61,27,118,81,37,18,12,6,1948,1418,530,0,0,0,American College of Financial Services,King of Prussia,PA,-75.394652,40.101644,1278,POINT (-75.394652 40.101644)
2729,211006,137,132,5,1,1,0,10,10,0,44,42,2,77,75,2,0,0,0,Automotive Training Center-Exton,Exton,PA,-75.643079,40.058206,5,POINT (-75.643079 40.058206)
2730,211024,212,121,91,5,3,2,10,10,0,7,3,4,180,97,83,4,3,1,Clarks Summit University,Clarks Summit,PA,-75.685472,41.495062,6,POINT (-75.685472 41.495062)
2731,211079,289,86,203,1,0,1,18,6,12,3,2,1,242,72,170,0,0,0,Community College of Beaver County,Monaca,PA,-80.305876,40.655601,25,POINT (-80.305876 40.655601)
2732,211088,1048,285,763,73,18,55,74,22,52,54,18,36,548,140,408,79,38,41,Arcadia University,Glenside,PA,-75.163876,40.092606,220,POINT (-75.163876 40.092606)
2733,211130,48,24,24,6,5,1,7,3,4,0,0,0,23,6,17,10,10,0,Missio Theological Seminary,Philadelphia,PA,-75.150056,39.959026,2,POINT (-75.150056 39.959026)
2734,211158,2007,795,1212,25,10,15,120,51,69,138,54,84,1631,640,991,0,0,0,Bloomsburg University of Pennsylvania,Bloomsburg,PA,-76.447844,41.00782,93,POINT (-76.447844 41.00782)
2735,211273,414,30,384,37,3,34,23,2,21,38,3,35,199,18,181,74,1,73,Bryn Mawr College,Bryn Mawr,PA,-75.313223,40.02736,43,POINT (-75.313223 40.02736)
2736,211291,899,451,448,51,19,32,29,17,12,61,28,33,659,332,327,49,30,19,Bucknell University,Lewisburg,PA,-76.882616,40.954317,50,POINT (-76.882616 40.954317)
2737,211307,1006,417,589,61,37,24,42,16,26,67,28,39,737,303,434,6,0,6,Bucks County Community College,Newtown,PA,-74.965841,40.239102,93,POINT (-74.965841 40.239102)
2738,211316,57,0,57,1,0,1,5,0,5,5,0,5,46,0,46,0,0,0,Bucks County School of Beauty Culture Inc,Feasterville,PA,-75.007054,40.166449,0,POINT (-75.007054 40.166449)
2739,211334,27,1,26,0,0,0,0,0,0,1,0,1,26,1,25,0,0,0,Butler Beauty Academy,Butler,PA,-79.895107,40.859152,0,POINT (-79.895107 40.859152)
2740,211343,437,154,283,3,1,2,7,1,6,7,2,5,403,143,260,4,2,2,Butler County Community College,Butler,PA,-79.911433,40.829364,13,POINT (-79.911433 40.829364)
2741,211352,465,149,316,6,2,4,61,18,43,33,6,27,298,106,192,23,7,16,Cabrini University,Radnor,PA,-75.375263,40.056355,44,POINT (-75.375263 40.056355)
2742,211361,2179,802,1377,32,15,17,182,74,108,94,32,62,1728,625,1103,11,8,3,California University of Pennsylvania,California,PA,-79.88679,40.064964,132,POINT (-79.88679 40.064964)
2743,211431,586,84,502,9,3,6,72,6,66,9,1,8,427,65,362,1,0,1,Carlow University,Pittsburgh,PA,-79.963448,40.439293,68,POINT (-79.963448 40.439293)
2744,211440,4883,2820,2063,803,381,422,129,78,51,202,117,85,1065,652,413,2369,1411,958,Carnegie Mellon University,Pittsburgh,PA,-79.941993,40.44357,315,POINT (-79.941993 40.44357)
2745,211468,372,27,345,13,1,12,29,4,25,36,1,35,245,12,233,8,6,2,Cedar Crest College,Allentown,PA,-75.519221,40.586318,41,POINT (-75.519221 40.586318)
2746,211477,295,111,184,4,2,2,29,10,19,13,6,7,217,78,139,6,3,3,Central Penn College,Summerdale,PA,-76.934461,40.3049,26,POINT (-76.934461 40.3049)
2747,211556,754,162,592,29,11,18,63,8,55,33,7,26,540,113,427,18,11,7,Chatham University,Pittsburgh,PA,-79.926083,40.448432,71,POINT (-79.926083 40.448432)
2748,211583,404,113,291,13,4,9,117,27,90,39,6,33,179,58,121,13,6,7,Chestnut Hill College,Philadelphia,PA,-75.228742,40.08678,43,POINT (-75.228742 40.08678)
2749,211608,96,35,61,0,0,0,77,26,51,4,1,3,0,0,0,1,0,1,Cheyney University of Pennsylvania,Cheyney,PA,-75.529262,39.932274,14,POINT (-75.529262 39.932274)
2750,211635,58,4,54,2,0,2,2,0,2,1,0,1,53,4,49,0,0,0,Citizens School of Nursing,Tarentum,PA,-79.798934,40.573248,0,POINT (-79.798934 40.573248)
2751,211644,1373,334,1039,14,4,10,70,18,52,35,5,30,1149,278,871,2,1,1,Clarion University of Pennsylvania,Clarion,PA,-79.377501,41.207805,103,POINT (-79.377501 41.207805)
2752,211802,69,13,56,0,0,0,0,0,0,0,0,0,69,13,56,0,0,0,DLP Conemaugh Memorial Medical Center,Johnstown,PA,-78.918445,40.305445,0,POINT (-78.918445 40.305445)
2753,211893,19,8,11,1,0,1,0,0,0,0,0,0,8,4,4,10,4,6,Curtis Institute of Music,Philadelphia,PA,-75.170727,39.948857,0,POINT (-75.170727 39.948857)
2754,211927,1599,647,952,95,45,50,366,119,247,37,12,25,927,404,523,0,0,0,Delaware County Community College,Media,PA,-75.39308,39.966724,174,POINT (-75.39308 39.966724)
2755,211981,480,164,316,3,1,2,18,9,9,31,11,20,344,122,222,0,0,0,Delaware Valley University,Doylestown,PA,-75.158452,40.298659,84,POINT (-75.158452 40.298659)
2756,212009,486,183,303,21,7,14,26,11,15,51,20,31,292,109,183,72,30,42,Dickinson College,Carlisle,PA,-77.197854,40.202796,24,POINT (-77.197854 40.202796)
2757,212045,199,79,120,0,0,0,16,6,10,2,0,2,167,64,103,0,0,0,Douglas Education Center,Monessen,PA,-79.888461,40.161519,14,POINT (-79.888461 40.161519)
2758,212054,6217,2575,3642,890,389,501,524,147,377,367,152,215,3226,1255,1971,764,467,297,Drexel University,Philadelphia,PA,-75.190051,39.955217,446,POINT (-75.190051 39.955217)
2759,212106,2554,841,1713,78,25,53,107,46,61,96,42,54,2036,648,1388,138,48,90,Duquesne University,Pittsburgh,PA,-79.993123,40.43589,99,POINT (-79.993123 40.43589)
2760,212115,1286,508,778,25,14,11,168,63,105,138,63,75,848,324,524,19,10,9,East Stroudsburg University of Pennsylvania,East Stroudsburg,PA,-75.173905,40.99599,88,POINT (-75.173905 40.99599)
2761,212133,798,220,578,20,7,13,150,35,115,101,26,75,403,105,298,25,10,15,Eastern University,Saint Davids,PA,-75.370316,40.050448,99,POINT (-75.370316 40.050448)
2762,212160,1212,387,825,9,4,5,69,20,49,31,10,21,1037,326,711,13,8,5,Edinboro University of Pennsylvania,Edinboro,PA,-80.121318,41.870717,53,POINT (-80.121318 41.870717)
2763,212197,502,160,342,12,3,9,14,2,12,18,6,12,446,145,301,5,3,2,Elizabethtown College,Elizabethtown,PA,-76.593224,40.149236,7,POINT (-76.593224 40.149236)
2764,212230,22,1,21,1,0,1,3,0,3,5,1,4,13,0,13,0,0,0,Empire Beauty School-Lebanon,Lebanon,PA,-76.423302,40.311029,0,POINT (-76.423302 40.311029)
2765,212267,34,1,33,0,0,0,10,0,10,7,1,6,11,0,11,0,0,0,Empire Beauty School-York,York,PA,-76.674663,39.972543,6,POINT (-76.674663 39.972543)
2766,212276,24,2,22,2,0,2,4,0,4,3,1,2,12,1,11,0,0,0,Empire Beauty School-Lancaster,Lancaster,PA,-76.354033,40.038813,3,POINT (-76.354033 40.038813)
2767,212294,48,1,47,0,0,0,1,0,1,4,0,4,38,1,37,0,0,0,Empire Beauty School-Shamokin Dam,Shamokin Dam,PA,-76.815891,40.854559,5,POINT (-76.815891 40.854559)
2768,212300,23,2,21,0,0,0,2,0,2,3,2,1,17,0,17,0,0,0,Empire Beauty School-Pottsville,Pottsville,PA,-76.186417,40.706451,1,POINT (-76.186417 40.706451)
2769,212328,43,0,43,0,0,0,6,0,6,10,0,10,13,0,13,0,0,0,Empire Beauty  School-Lehigh Valley,Whitehall,PA,-75.485471,40.63006,14,POINT (-75.485471 40.63006)
2770,212337,28,2,26,0,0,0,22,2,20,3,0,3,0,0,0,0,0,0,Empire Beauty School-Gwinnett,Lawrenceville,GA,-84.121878,33.939252,3,POINT (-84.121878 33.939252)
2771,212355,92,3,89,0,0,0,7,1,6,6,0,6,75,2,73,0,0,0,Empire Beauty School-Wyoming Valley,Moosic,PA,-75.701735,41.375743,4,POINT (-75.701735 41.375743)
2772,212382,88,4,84,8,0,8,18,1,17,13,1,12,34,2,32,0,0,0,Empire Beauty School-Harrisburg,Harrisburg,PA,-76.828798,40.293647,15,POINT (-76.828798 40.293647)
2773,212391,56,1,55,1,0,1,6,1,5,27,0,27,16,0,16,0,0,0,Empire Beauty School-Reading,Reading,PA,-75.927465,40.370166,6,POINT (-75.927465 40.370166)
2774,212434,170,138,32,9,9,0,13,6,7,7,7,0,141,116,25,0,0,0,Erie Institute of Technology Inc,Erie,PA,-80.100853,42.071725,0,POINT (-80.100853 42.071725)
2775,212443,48,26,22,2,1,1,1,1,0,1,0,1,40,22,18,2,2,0,Evangelical Theological Seminary,Myerstown,PA,-76.306252,40.372981,2,POINT (-76.306252 40.372981)
2776,212577,592,245,347,25,2,23,44,13,31,71,34,37,346,152,194,76,34,42,Franklin and Marshall College,Lancaster,PA,-76.319037,40.048045,30,POINT (-76.319037 40.048045)
2777,212601,1075,393,682,20,5,15,42,16,26,31,10,21,800,254,546,114,81,33,Gannon University,Erie,PA,-80.087166,42.128403,68,POINT (-80.087166 42.128403)
2778,212656,298,135,163,5,1,4,22,5,17,4,1,3,241,118,123,5,0,5,Geneva College,Beaver Falls,PA,-80.321826,40.772518,21,POINT (-80.321826 40.772518)
2779,212674,583,266,317,8,3,5,20,7,13,53,24,29,449,209,240,28,12,16,Gettysburg College,Gettysburg,PA,-77.236792,39.836597,25,POINT (-77.236792 39.836597)
2780,212753,55,2,53,0,0,0,6,1,5,3,1,2,8,0,8,0,0,0,Empire Beauty School-NE Philadelphia,Philadelphia,PA,-74.971093,40.084983,38,POINT (-74.971093 40.084983)
2781,212771,125,9,116,2,0,2,3,0,3,2,2,0,110,5,105,0,0,0,Gratz College,Melrose Park,PA,-75.133915,40.067206,8,POINT (-75.133915 40.067206)
2782,212805,541,292,249,2,0,2,3,1,2,1,1,0,511,277,234,3,2,1,Grove City College,Grove City,PA,-80.081481,41.1558,21,POINT (-80.081481 41.1558)
2783,212832,766,173,593,26,6,20,116,24,92,32,2,30,426,112,314,0,0,0,Gwynedd Mercy University,Gwynedd Valley,PA,-75.236601,40.202804,166,POINT (-75.236601 40.202804)
2784,212869,339,45,294,12,1,11,132,19,113,42,5,37,129,17,112,3,1,2,Harcum College,Bryn Mawr,PA,-75.314801,40.022582,21,POINT (-75.314801 40.022582)
2785,212878,2117,762,1355,79,35,44,148,56,92,201,75,126,1532,532,1000,44,21,23,Harrisburg Area Community College,Harrisburg,PA,-76.886408,40.296777,113,POINT (-76.886408 40.296777)
2786,212911,326,159,167,43,21,22,18,9,9,32,13,19,166,89,77,40,18,22,Haverford College,Haverford,PA,-75.305207,40.007452,27,POINT (-75.305207 40.007452)
2787,212975,110,80,30,3,1,2,15,12,3,5,3,2,75,56,19,0,0,0,Commonwealth Technical Institute,Johnstown,PA,-78.947004,40.301691,12,POINT (-78.947004 40.301691)
2788,212984,887,161,726,44,4,40,94,18,76,22,3,19,610,117,493,0,0,0,Holy Family University,Philadelphia,PA,-74.986451,40.060581,117,POINT (-74.986451 40.060581)
2789,212993,29,16,13,2,1,1,16,9,7,5,3,2,4,3,1,0,0,0,Hussian College-Philadelphia,Philadelphia,PA,-75.164185,39.962505,2,POINT (-75.164185 39.962505)
2790,213011,551,120,431,14,4,10,72,14,58,36,8,28,397,87,310,8,2,6,Immaculata University,Immaculata,PA,-75.570711,40.027981,24,POINT (-75.570711 40.027981)
2791,213020,2527,996,1531,31,11,20,204,81,123,77,30,47,1940,727,1213,131,80,51,Indiana University of Pennsylvania-Main Campus,Indiana,PA,-79.159332,40.617531,144,POINT (-79.159332 40.617531)
2792,213163,37,4,33,0,0,0,2,0,2,0,0,0,32,4,28,0,0,0,UPMC Jameson School of Nursing,New Castle,PA,-80.353,41.026499,3,POINT (-80.353 41.026499)
2793,213181,206,11,195,14,1,13,19,2,17,21,1,20,147,7,140,0,0,0,Great Lakes Institute of Technology,Erie,PA,-80.091816,42.079508,5,POINT (-80.091816 42.079508)
2794,213233,165,120,45,2,2,0,6,5,1,7,4,3,145,104,41,0,0,0,Johnson College,Scranton,PA,-75.642476,41.450409,5,POINT (-75.642476 41.450409)
2795,213251,291,119,172,7,1,6,10,7,3,11,1,10,225,93,132,21,8,13,Juniata College,Huntingdon,PA,-78.017292,40.500523,17,POINT (-78.017292 40.500523)
2796,213303,241,86,155,3,0,3,15,9,6,18,8,10,180,62,118,0,0,0,Keystone College,La Plume,PA,-75.777456,41.558969,25,POINT (-75.777456 41.558969)
2797,213321,590,275,315,16,8,8,14,8,6,26,8,18,426,189,237,51,42,9,King's College,Wilkes-Barre,PA,-75.879822,41.250097,57,POINT (-75.879822 41.250097)
2798,213330,22,1,21,0,0,0,1,0,1,0,0,0,21,1,20,0,0,0,Butler Beauty Academy-Kittanning Beauty Academy,Kittanning,PA,-79.52003,40.813778,0,POINT (-79.52003 40.813778)
2799,213349,1847,750,1097,39,15,24,114,66,48,140,63,77,1415,556,859,15,8,7,Kutztown University of Pennsylvania,Kutztown,PA,-75.783933,40.513561,124,POINT (-75.783933 40.513561)
2800,213358,356,150,206,4,3,1,19,9,10,10,3,7,242,89,153,48,36,12,La Roche University,Pittsburgh,PA,-80.014851,40.568615,33,POINT (-80.014851 40.568615)
2801,213367,1371,462,909,71,18,53,173,50,123,172,45,127,843,310,533,31,18,13,La Salle University,Philadelphia,PA,-75.153061,40.037979,81,POINT (-75.153061 40.037979)
2802,213376,561,256,305,6,2,4,55,42,13,54,18,36,338,132,206,0,0,0,Lackawanna College,Scranton,PA,-75.658963,41.411556,108,POINT (-75.658963 41.411556)
2803,213385,573,257,316,23,10,13,23,9,14,38,14,24,374,167,207,56,31,25,Lafayette College,Easton,PA,-75.209786,40.69956,59,POINT (-75.209786 40.69956)
2804,213400,515,277,238,14,8,6,126,63,63,15,6,9,209,118,91,0,0,0,Lancaster Bible College,Lancaster,PA,-76.287761,40.075347,151,POINT (-76.287761 40.075347)
2805,213446,31,13,18,0,0,0,10,4,6,4,3,1,17,6,11,0,0,0,Lancaster Theological Seminary,Lancaster,PA,-76.317631,40.045235,0,POINT (-76.317631 40.045235)
2806,213455,150,6,144,4,0,4,18,2,16,19,1,18,80,3,77,0,0,0,Lancaster School of Cosmetology & Therapeutic Bodywork,Lancaster,PA,-76.283649,40.040746,29,POINT (-76.283649 40.040746)
2807,213473,47,8,39,4,0,4,12,3,9,3,0,3,28,5,23,0,0,0,Lansdale School of Business,North Wales,PA,-75.284662,40.22379,0,POINT (-75.284662 40.22379)
2808,213491,32,0,32,0,0,0,2,0,2,1,0,1,27,0,27,0,0,0,Lansdale School of Cosmetology Inc,Lansdale,PA,-75.286281,40.243302,2,POINT (-75.286281 40.243302)
2809,213507,566,223,343,11,2,9,10,7,3,25,13,12,499,192,307,8,4,4,Lebanon Valley College,Annville,PA,-76.514431,40.330604,13,POINT (-76.514431 40.330604)
2810,213525,926,287,639,23,11,12,53,16,37,196,56,140,585,178,407,2,0,2,Lehigh Carbon Community College,Schnecksville,PA,-75.610715,40.66474,67,POINT (-75.610715 40.66474)
2811,213534,225,83,142,4,2,2,14,4,10,114,41,73,72,28,44,0,0,0,Miller-Motte College-Berks Technical Institute,Wyomissing,PA,-75.978873,40.344627,21,POINT (-75.978873 40.344627)
2812,213543,1857,956,901,111,52,59,54,31,23,143,79,64,1120,551,569,310,186,124,Lehigh University,Bethlehem,PA,-75.380236,40.606822,119,POINT (-75.380236 40.606822)
2813,213570,314,48,266,4,2,2,54,7,47,114,11,103,101,22,79,0,0,0,Lincoln Technical Institute-Allentown,Allentown,PA,-75.568979,40.591908,41,POINT (-75.568979 40.591908)
2814,213589,141,127,14,5,5,0,57,50,7,31,28,3,24,22,2,0,0,0,Lincoln Technical Institute-Philadelphia,Philadelphia,PA,-74.999686,40.049548,24,POINT (-74.999686 40.049548)
2815,213598,505,135,370,0,0,0,420,104,316,24,9,15,2,1,1,27,12,15,Lincoln University,Lincoln University,PA,-75.926458,39.807723,32,POINT (-75.926458 39.807723)
2816,213613,703,251,452,12,3,9,38,23,15,23,7,16,597,210,387,5,1,4,Lock Haven University,Lock Haven,PA,-77.460108,41.141517,28,POINT (-77.460108 41.141517)
2817,213622,60,5,55,1,0,1,1,0,1,0,0,0,56,5,51,0,0,0,UPMC St. Margaret School of Nursing,Pittsburgh,PA,-79.863106,40.491687,2,POINT (-79.863106 40.491687)
2818,213631,54,29,25,0,0,0,8,5,3,1,1,0,45,23,22,0,0,0,United Lutheran Seminary,Gettysburg,PA,-77.244111,39.831701,0,POINT (-77.244111 39.831701)
2819,213659,623,238,385,12,6,6,17,7,10,77,20,57,451,182,269,0,0,0,Luzerne County Community College,Nanticoke,PA,-75.991095,41.194728,66,POINT (-75.991095 41.194728)
2820,213668,189,95,94,3,0,3,20,13,7,21,11,10,123,57,66,8,4,4,Lycoming College,Williamsport,PA,-77.0,41.24666,14,POINT (-77 41.24666)
2821,213774,132,18,114,4,1,3,32,10,22,23,0,23,65,4,61,0,0,0,Manor College,Jenkintown,PA,-75.104786,40.08714,8,POINT (-75.104786 40.08714)
2822,213783,347,138,209,2,1,1,34,16,18,0,0,0,283,108,175,3,2,1,Mansfield University of Pennsylvania,Mansfield,PA,-77.07423,41.806949,25,POINT (-77.07423 41.806949)
2823,213826,735,199,536,21,7,14,14,7,7,38,6,32,582,147,435,25,17,8,Marywood University,Scranton,PA,-75.634142,41.434587,55,POINT (-75.634142 41.434587)
2824,213914,163,15,148,1,0,1,4,0,4,4,0,4,147,15,132,0,0,0,Vet Tech Institute,Pittsburgh,PA,-80.000229,40.443884,7,POINT (-80.000229 40.443884)
2825,213932,75,11,64,5,1,4,19,0,19,4,2,2,42,6,36,0,0,0,Roxborough Memorial Hospital School of Nursing,Philadelphia,PA,-75.209985,40.028912,5,POINT (-75.209985 40.028912)
2826,213987,817,296,521,15,5,10,35,16,19,21,8,13,673,237,436,39,19,20,Mercyhurst University,Erie,PA,-80.053412,42.10578,34,POINT (-80.053412 42.10578)
2827,213996,886,305,581,29,7,22,29,17,12,49,20,29,725,237,488,28,14,14,Messiah University,Mechanicsburg,PA,-76.988269,40.156579,26,POINT (-76.988269 40.156579)
2828,214023,1,0,1,0,0,0,1,0,1,0,0,0,0,0,0,0,0,0,ASPIRA City College,Philadelphia,PA,-75.135042,40.017493,0,POINT (-75.135042 40.017493)
2829,214041,1632,563,1069,47,13,34,94,42,52,143,40,103,1285,444,841,22,8,14,Millersville University of Pennsylvania,Millersville,PA,-76.357381,40.000337,41,POINT (-76.357381 40.000337)
2830,214069,698,181,517,14,4,10,20,5,15,25,5,20,593,153,440,0,0,0,Misericordia University,Dallas,PA,-75.971541,41.345277,46,POINT (-75.971541 41.345277)
2831,214111,1394,556,838,106,53,53,147,41,106,92,30,62,904,372,532,28,11,17,Montgomery County Community College,Blue Bell,PA,-75.276093,40.175609,117,POINT (-75.276093 40.175609)
2832,214148,101,0,101,6,0,6,10,0,10,5,0,5,70,0,70,1,0,1,Moore College of Art and Design,Philadelphia,PA,-75.172105,39.957078,9,POINT (-75.172105 39.957078)
2833,214157,678,231,447,18,2,16,19,8,11,69,21,48,482,165,317,28,17,11,Moravian University,Bethlehem,PA,-75.383638,40.630947,62,POINT (-75.383638 40.630947)
2834,214166,362,104,258,7,6,1,10,7,3,4,1,3,298,76,222,10,7,3,Mount Aloysius College,Cresson,PA,-78.600898,40.459679,33,POINT (-78.600898 40.459679)
2835,214175,521,208,313,17,4,13,22,11,11,50,22,28,373,150,223,15,5,10,Muhlenberg College,Allentown,PA,-75.508502,40.596416,44,POINT (-75.508502 40.596416)
2836,214272,479,156,323,7,5,2,87,14,73,25,11,14,296,105,191,4,0,4,Neumann University,Aston,PA,-75.440022,39.874876,60,POINT (-75.440022 39.874876)
2837,214290,376,354,22,1,1,0,31,28,3,5,5,0,337,318,19,0,0,0,New Castle School of Trades,New Castle,PA,-80.401417,41.035228,2,POINT (-80.401417 41.035228)
2838,214379,1431,486,945,26,8,18,137,48,89,279,86,193,907,308,599,32,17,15,Northampton County Area Community College,Bethlehem,PA,-75.32351,40.67253,50,POINT (-75.32351 40.67253)
2839,214476,24,3,21,0,0,0,1,0,1,0,0,0,23,3,20,0,0,0,Heritage Valley Kennedy School of Nursing,McKees Rocks,PA,-80.091066,40.472356,0,POINT (-80.091066 40.472356)
2840,214528,229,215,14,9,8,1,84,75,9,28,27,1,53,52,1,0,0,0,Orleans Technical College,Philadelphia,PA,-75.011324,40.090338,55,POINT (-75.011324 40.090338)
2841,214564,431,73,358,69,14,55,18,2,16,17,2,15,285,44,241,30,10,20,Salus University,Elkins Park,PA,-75.129511,40.085774,12,POINT (-75.129511 40.085774)
2842,214582,102,20,82,3,1,2,55,7,48,1,0,1,27,8,19,0,0,0,Pennsylvania Institute of Technology,Media,PA,-75.38893,39.908335,16,POINT (-75.38893 39.908335)
2843,214883,309,84,225,8,6,2,164,38,126,33,10,23,71,23,48,1,0,1,Peirce College,Philadelphia,PA,-75.166332,39.945483,32,POINT (-75.166332 39.945483)
2844,214892,232,98,134,4,0,4,25,9,16,2,0,2,195,88,107,0,0,0,Penn Commercial Business/Technical School,Washington,PA,-80.238844,40.182387,6,POINT (-80.238844 40.182387)
2845,214944,362,281,81,10,10,0,82,64,18,57,39,18,195,155,40,0,0,0,Pennco Tech-Bristol,Bristol,PA,-74.870959,40.097992,18,POINT (-74.870959 40.097992)
2846,214971,72,18,54,4,0,4,3,1,2,6,2,4,46,14,32,6,0,6,Pennsylvania Academy of the Fine Arts,Philadelphia,PA,-75.163456,39.955692,7,POINT (-75.163456 39.955692)
2847,215008,38,38,0,1,1,0,2,2,0,0,0,0,35,35,0,0,0,0,Pennsylvania Gunsmith School,Pittsburgh,PA,-80.068863,40.496672,0,POINT (-80.068863 40.496672)
2848,215044,90,19,71,2,0,2,21,4,17,7,3,4,29,5,24,0,0,0,Cortiva Institute,King of Prussia,PA,-75.378356,40.08063,31,POINT (-75.378356 40.08063)
2849,215053,58,23,35,2,2,0,6,4,2,2,2,0,42,11,31,0,0,0,Pennsylvania College of Art and Design,Lancaster,PA,-76.308769,40.041152,6,POINT (-76.308769 40.041152)
2850,215062,7981,3430,4551,1183,510,673,503,192,311,593,267,326,3387,1399,1988,1849,866,983,University of Pennsylvania,Philadelphia,PA,-75.19391,39.950929,466,POINT (-75.19391 39.950929)
2851,215105,439,155,284,15,4,11,79,31,48,46,14,32,233,83,150,15,5,10,The University of the Arts,Philadelphia,PA,-75.165888,39.946017,51,POINT (-75.165888 39.946017)
2852,215114,253,96,157,15,3,12,25,9,16,4,2,2,184,72,112,9,3,6,Cairn University-Langhorne,Langhorne,PA,-74.909509,40.165809,16,POINT (-74.909509 40.165809)
2853,215123,855,304,551,92,40,52,106,25,81,19,8,11,465,176,289,0,0,0,Philadelphia College of Osteopathic Medicine,Philadelphia,PA,-75.216092,40.004885,173,POINT (-75.216092 40.004885)
2854,215132,586,205,381,174,67,107,33,9,24,25,9,16,293,101,192,8,3,5,University of the Sciences,Philadelphia,PA,-75.207001,39.946412,53,POINT (-75.207001 39.946412)
2855,215239,1756,603,1153,171,80,91,643,180,463,239,70,169,509,195,314,56,25,31,Community College of Philadelphia,Philadelphia,PA,-75.165604,39.962458,138,POINT (-75.165604 39.962458)
2856,215266,250,94,156,6,2,4,25,11,14,15,5,10,186,67,119,2,1,1,University of Pittsburgh-Bradford,Bradford,PA,-78.673701,41.943415,16,POINT (-78.673701 41.943415)
2857,215275,249,106,143,9,6,3,11,2,9,15,6,9,202,86,116,0,0,0,University of Pittsburgh-Greensburg,Greensburg,PA,-79.532676,40.276447,12,POINT (-79.532676 40.276447)
2858,215284,465,251,214,11,6,5,16,4,12,16,7,9,384,211,173,7,7,0,University of Pittsburgh-Johnstown,Johnstown,PA,-78.834163,40.265957,31,POINT (-78.834163 40.265957)
2859,215293,7712,3449,4263,637,272,365,364,139,225,293,110,183,5034,2262,2772,882,478,404,University of Pittsburgh-Pittsburgh Campus,Pittsburgh,PA,-79.953254,40.444388,502,POINT (-79.953254 40.444388)
2860,215309,12,1,11,0,0,0,2,0,2,1,0,1,9,1,8,0,0,0,University of Pittsburgh-Titusville,Titusville,PA,-79.664156,41.628697,0,POINT (-79.664156 41.628697)
2861,215336,11,0,11,0,0,0,4,0,4,0,0,0,7,0,7,0,0,0,Beaver Falls Beauty Academy,Beaver Falls,PA,-80.320347,40.754161,0,POINT (-80.320347 40.754161)
2862,215381,661,604,57,2,2,0,42,35,7,9,7,2,434,396,38,14,14,0,Pittsburgh Institute of Aeronautics,West Mifflin,PA,-79.926575,40.350804,160,POINT (-79.926575 40.350804)
2863,215390,157,55,102,1,0,1,5,4,1,5,1,4,143,50,93,0,0,0,Pittsburgh Institute of Mortuary Science Inc,Pittsburgh,PA,-79.930487,40.459175,3,POINT (-79.930487 40.459175)
2864,215415,593,321,272,4,4,0,38,11,27,5,2,3,322,181,141,1,0,1,Pittsburgh Technical College,Oakdale,PA,-80.189404,40.424679,223,POINT (-80.189404 40.424679)
2865,215424,62,25,37,0,0,0,19,11,8,0,0,0,37,12,25,4,2,2,Pittsburgh Theological Seminary,Pittsburgh,PA,-79.921397,40.467347,2,POINT (-79.921397 40.467347)
2866,215442,980,371,609,12,6,6,120,48,72,53,20,33,725,263,462,38,26,12,Point Park University,Pittsburgh,PA,-80.002061,40.438768,32,POINT (-80.002061 40.438768)
2867,215479,27,4,23,0,0,0,0,0,0,1,1,0,26,3,23,0,0,0,Joseph F McCloskey School of Nursing,Pottsville,PA,-76.189164,40.683923,0,POINT (-76.189164 40.683923)
2868,215530,56,3,53,0,0,0,1,0,1,0,0,0,52,2,50,0,0,0,The Salon Professional Academy-Altoona,Altoona,PA,-78.404069,40.467868,3,POINT (-78.404069 40.467868)
2869,215585,458,174,284,9,5,4,43,21,22,156,47,109,227,91,136,1,1,0,Reading Area Community College,Reading,PA,-75.935086,40.334861,22,POINT (-75.935086 40.334861)
2870,215594,158,48,110,1,0,1,20,10,10,20,4,16,105,29,76,0,0,0,Reading Hospital School of Health Sciences,Reading,PA,-75.950474,40.32606,12,POINT (-75.950474 40.32606)
2871,215619,6,1,5,0,0,0,0,0,0,0,0,0,6,1,5,0,0,0,Reconstructionist Rabbinical College,Wyncote,PA,-75.149506,40.087689,0,POINT (-75.149506 40.087689)
2872,215637,66,15,51,5,2,3,16,5,11,5,2,3,32,5,27,0,0,0,Walnut Hill College,Philadelphia,PA,-75.20749,39.955098,8,POINT (-75.20749 39.955098)
2873,215655,1420,735,685,26,13,13,73,50,23,35,12,23,1071,514,557,131,105,26,Robert Morris University,Moon Township,PA,-80.210468,40.520415,84,POINT (-80.210468 40.520415)
2874,215682,267,257,10,1,1,0,33,33,0,12,12,0,217,207,10,0,0,0,Rosedale Technical College,Pittsburgh,PA,-80.103926,40.45205,4,POINT (-80.103926 40.45205)
2875,215691,207,60,147,5,1,4,72,14,58,14,6,8,84,24,60,5,4,1,Rosemont College,Rosemont,PA,-75.32925,40.033417,27,POINT (-75.32925 40.033417)
2876,215743,669,217,452,14,2,12,32,19,13,32,14,18,529,162,367,3,3,0,Saint Francis University,Loretto,PA,-78.63904,40.506734,59,POINT (-78.63904 40.506734)
2877,215770,2175,888,1287,67,21,46,190,59,131,126,53,73,1489,656,833,109,40,69,Saint Joseph's University,Philadelphia,PA,-75.238343,39.994442,194,POINT (-75.238343 39.994442)
2878,215798,452,225,227,8,6,2,26,16,10,15,6,9,374,182,192,5,3,2,Saint Vincent College,Latrobe,PA,-79.403762,40.29265,24,POINT (-79.403762 40.29265)
2879,215813,9,9,0,0,0,0,0,0,0,0,0,0,8,8,0,1,1,0,Saint Vincent Seminary,Latrobe,PA,-79.403762,40.29265,0,POINT (-79.403762 40.29265)
2880,215886,54,21,33,0,0,0,0,0,0,3,3,0,51,18,33,0,0,0,Schuylkill Technology Center,Frackville,PA,-76.22938,40.775735,0,POINT (-76.22938 40.775735)
2881,215929,1380,524,856,46,16,30,47,22,25,116,44,72,1048,385,663,26,14,12,University of Scranton,Scranton,PA,-75.656915,41.406556,97,POINT (-75.656915 41.406556)
2882,215947,565,169,396,13,1,12,34,16,18,27,7,20,457,133,324,0,0,0,Seton Hill University,Greensburg,PA,-79.557433,40.309407,34,POINT (-79.557433 40.309407)
2883,215974,144,22,122,4,1,3,14,0,14,3,0,3,116,19,97,0,0,0,UPMC Shadyside School of Nursing,Pittsburgh,PA,-79.939494,40.454751,7,POINT (-79.939494 40.454751)
2884,215983,20,1,19,0,0,0,1,0,1,0,0,0,19,1,18,0,0,0,Sharon Regional School of Nursing,Sharon,PA,-80.497236,41.232638,0,POINT (-80.497236 41.232638)
2885,215992,94,25,69,0,0,0,9,4,5,0,0,0,82,21,61,0,0,0,Laurel Technical Institute,Hermitage,PA,-80.463868,41.189936,3,POINT (-80.463868 41.189936)
2886,216010,1177,480,697,21,9,12,72,34,38,69,31,38,929,369,560,31,17,14,Shippensburg University of Pennsylvania,Shippensburg,PA,-77.522335,40.057933,55,POINT (-77.522335 40.057933)
2887,216038,2148,784,1364,24,6,18,75,32,43,59,22,37,1858,664,1194,21,11,10,Slippery Rock University of Pennsylvania,Slippery Rock,PA,-80.045965,41.062719,111,POINT (-80.045965 41.062719)
2888,216047,60,57,3,2,2,0,0,0,0,3,3,0,46,43,3,8,8,0,Saint Charles Borromeo Seminary-Overbrook,Wynnewood,PA,-75.255675,39.99133,1,POINT (-75.255675 39.99133)
2889,216074,322,5,317,5,0,5,110,2,108,4,0,4,184,3,181,0,0,0,South Hills Beauty Academy,Pittsburgh,PA,-80.041544,40.38933,19,POINT (-80.041544 40.38933)
2890,216083,234,70,164,4,1,3,4,2,2,6,1,5,214,65,149,0,0,0,South Hills School of Business & Technology,State College,PA,-77.855466,40.775033,6,POINT (-77.855466 40.775033)
2891,216162,123,14,109,1,1,0,7,1,6,18,3,15,97,9,88,0,0,0,St Lukes Hospital School of Nursing,Bethlehem,PA,-75.394494,40.607054,0,POINT (-75.394494 40.607054)
2892,216223,45,2,43,0,0,0,12,0,12,11,1,10,16,1,15,0,0,0,The Beauty Institute,Stroudsburg,PA,-75.223872,40.989612,6,POINT (-75.223872 40.989612)
2893,216278,530,224,306,13,4,9,17,12,5,40,20,20,428,180,248,3,2,1,Susquehanna University,Selinsgrove,PA,-76.875329,40.797502,29,POINT (-76.875329 40.797502)
2894,216287,342,163,179,50,21,29,29,7,22,34,19,15,131,64,67,49,28,21,Swarthmore College,Swarthmore,PA,-75.354278,39.905159,49,POINT (-75.354278 39.905159)
2895,216296,449,401,48,8,7,1,37,31,6,47,41,6,343,310,33,0,0,0,Thaddeus Stevens College of Technology,Lancaster,PA,-76.288718,40.037951,14,POINT (-76.288718 40.037951)
2896,216311,25,25,0,0,0,0,0,0,0,0,0,0,23,23,0,2,2,0,Talmudical Yeshiva of Philadelphia,Philadelphia,PA,-75.247964,39.989249,0,POINT (-75.247964 39.989249)
2897,216339,9749,4329,5420,1140,525,615,1061,339,722,657,270,387,5455,2534,2921,751,380,371,Temple University,Philadelphia,PA,-75.156859,39.980546,685,POINT (-75.156859 39.980546)
2898,216348,5,3,2,0,0,0,3,1,2,0,0,0,2,2,0,0,0,0,Theological Seminary of the Reformed Episcopal Church,Blue Bell,PA,-75.290124,40.168935,0,POINT (-75.290124 40.168935)
2899,216357,114,57,57,2,2,0,12,9,3,3,1,2,90,43,47,0,0,0,Thiel College,Greenville,PA,-80.384383,41.41354,7,POINT (-80.384383 41.41354)
2900,216366,2764,724,2040,292,87,205,231,43,188,207,60,147,1643,402,1241,193,84,109,Thomas Jefferson University,Philadelphia,PA,-75.158266,39.948274,198,POINT (-75.158266 39.948274)
2901,216436,71,66,5,1,1,0,22,20,2,3,3,0,45,42,3,0,0,0,Triangle Tech Inc-Pittsburgh,Pittsburgh,PA,-80.012781,40.462003,0,POINT (-80.012781 40.462003)
2902,216445,108,105,3,1,1,0,1,1,0,3,3,0,103,100,3,0,0,0,Triangle Tech Inc-Greensburg,Greensburg,PA,-79.539468,40.303168,0,POINT (-79.539468 40.303168)
2903,216454,83,75,8,0,0,0,0,0,0,0,0,0,81,73,8,0,0,0,Triangle Tech Inc-Dubois,Falls Creek,PA,-78.795923,41.147974,2,POINT (-78.795923 41.147974)
2904,216463,33,21,12,1,0,1,1,0,1,2,1,1,25,16,9,4,4,0,Trinity Episcopal School for Ministry,Ambridge,PA,-80.230178,40.593403,0,POINT (-80.230178 40.593403)
2905,216524,321,149,172,12,6,6,19,11,8,20,10,10,253,113,140,3,1,2,Ursinus College,Collegeville,PA,-75.456505,40.193023,14,POINT (-75.456505 40.193023)
2906,216542,123,62,61,3,1,2,18,11,7,16,9,7,73,36,37,5,3,2,University of Valley Forge,Phoenixville,PA,-75.5469,40.117835,8,POINT (-75.5469 40.117835)
2907,216551,42,37,5,3,3,0,3,3,0,5,3,2,26,24,2,1,1,0,Valley Forge Military College,Wayne,PA,-75.382097,40.053697,4,POINT (-75.382097 40.053697)
2908,216579,48,2,46,0,0,0,12,0,12,2,0,2,33,2,31,0,0,0,Venus Beauty Academy,Sharon Hill,PA,-75.273105,39.908715,1,POINT (-75.273105 39.908715)
2909,216597,3408,1572,1836,174,86,88,164,74,90,232,104,128,2481,1136,1345,158,75,83,Villanova University,Villanova,PA,-75.340502,40.036463,199,POINT (-75.340502 40.036463)
2910,216630,44,7,37,0,0,0,1,1,0,0,0,0,43,6,37,0,0,0,Washington Health System School of Nursing,Washington,PA,-80.245709,40.183984,0,POINT (-80.245709 40.183984)
2911,216667,246,112,134,4,1,3,10,4,6,16,8,8,187,80,107,7,6,1,Washington & Jefferson College,Washington,PA,-80.24049,40.170622,22,POINT (-80.24049 40.170622)
2912,216694,423,168,255,6,4,2,14,7,7,7,2,5,369,148,221,0,0,0,Waynesburg University,Waynesburg,PA,-80.186205,39.899871,27,POINT (-80.186205 39.899871)
2913,216746,62,57,5,1,1,0,5,5,0,3,2,1,52,48,4,0,0,0,Welder Training and Testing Institute,Allentown,PA,-75.447263,40.626469,1,POINT (-75.447263 40.626469)
2914,216764,4437,1566,2871,115,37,78,481,136,345,215,81,134,3370,1216,2154,38,13,25,West Chester University of Pennsylvania,West Chester,PA,-75.59812,39.953398,218,POINT (-75.59812 39.953398)
2915,216773,50,13,37,0,0,0,2,1,1,0,0,0,42,12,30,0,0,0,Western Pennsylvania Hospital School of Nursing,Pittsburgh,PA,-79.945111,40.462132,6,POINT (-79.945111 40.462132)
2916,216782,99,13,86,3,0,3,31,5,26,5,2,3,55,5,50,0,0,0,Pittsburgh Career Institute,Pittsburgh,PA,-79.99591,40.442726,5,POINT (-79.99591 40.442726)
2917,216807,263,106,157,0,0,0,5,3,2,2,2,0,182,68,114,0,0,0,Westminster College,New Wilmington,PA,-80.331017,41.119272,74,POINT (-80.331017 41.119272)
2918,216816,163,114,49,22,17,5,3,3,0,3,3,0,81,49,32,38,32,6,Westminster Theological Seminary,Glenside,PA,-75.176327,40.09815,16,POINT (-75.176327 40.09815)
2919,216825,606,204,402,2,1,1,19,4,15,13,6,7,544,184,360,6,2,4,Westmoreland County Community College,Youngwood,PA,-79.564897,40.234321,22,POINT (-79.564897 40.234321)
2920,216852,1713,554,1159,58,22,36,248,55,193,92,29,63,1111,375,736,59,31,28,Widener University,Chester,PA,-75.355363,39.861689,145,POINT (-75.355363 39.861689)
2921,216931,1281,453,828,46,12,34,52,17,35,54,21,33,1022,352,670,35,29,6,Wilkes University,Wilkes-Barre,PA,-75.890262,41.244199,72,POINT (-75.890262 41.244199)
2922,216940,62,62,0,1,1,0,4,4,0,1,1,0,54,54,0,0,0,0,Williamson College of the Trades,Media,PA,-75.422024,39.90807,2,POINT (-75.422024 39.90807)
2923,217013,354,49,305,4,0,4,17,3,14,14,0,14,283,37,246,6,3,3,Wilson College,Chambersburg,PA,-77.650712,39.949659,30,POINT (-77.650712 39.949659)
2924,217040,3,3,0,0,0,0,0,0,0,0,0,0,3,3,0,0,0,0,Yeshivath Beth Moshe,Scranton,PA,-75.656191,41.394852,0,POINT (-75.656191 41.394852)
2925,217059,886,400,486,17,7,10,42,17,25,52,27,25,719,322,397,7,5,2,York College of Pennsylvania,York,PA,-76.727984,39.94614,49,POINT (-76.727984 39.94614)
2926,217077,367,127,240,10,4,6,15,2,13,58,16,42,259,97,162,0,0,0,YTI Career Institute-York,York,PA,-76.660321,39.992432,25,POINT (-76.660321 39.992432)
2927,217156,2576,1223,1353,379,168,211,165,69,96,251,99,152,1034,525,509,507,271,236,Brown University,Providence,RI,-71.40385,41.82617,240,POINT (-71.40385 41.82617)
2928,217165,1044,581,463,35,13,22,35,22,13,63,24,39,796,462,334,92,44,48,Bryant University,Smithfield,RI,-71.539547,41.920092,23,POINT (-71.539547 41.920092)
2929,217235,1602,575,1027,45,13,32,174,59,115,188,57,131,913,318,595,142,70,72,Johnson & Wales University-Providence,Providence,RI,-71.41277,41.819956,140,POINT (-71.41277 41.819956)
2930,217305,1086,650,436,16,9,7,44,26,18,91,52,39,672,380,292,15,11,4,New England Institute of Technology,East Greenwich,RI,-71.502892,41.661783,248,POINT (-71.502892 41.661783)
2931,217323,444,439,5,2,2,0,112,112,0,148,146,2,149,146,3,0,0,0,New England Tractor Trailer Training School of Rhode Island,Pawtucket,RI,-71.405906,41.880296,33,POINT (-71.405906 41.880296)
2932,217402,1237,572,665,19,6,13,37,16,21,101,43,58,992,471,521,21,6,15,Providence College,Providence,RI,-71.437446,41.842742,67,POINT (-71.437446 41.842742)
2933,217420,1705,481,1224,50,15,35,145,35,110,320,80,240,1017,302,715,2,0,2,Rhode Island College,Providence,RI,-71.46556,41.842415,171,POINT (-71.46556 41.842415)
2934,217475,2286,872,1414,76,33,43,146,61,85,391,140,251,1427,543,884,4,1,3,Community College of Rhode Island,Warwick,RI,-71.481509,41.712817,242,POINT (-71.481509 41.712817)
2935,217484,4168,1684,2484,145,58,87,188,80,108,330,122,208,2984,1206,1778,131,68,63,University of Rhode Island,Kingston,RI,-71.527356,41.484691,390,POINT (-71.527356 41.484691)
2936,217493,613,190,423,74,21,53,14,4,10,43,10,33,182,74,108,250,65,185,Rhode Island School of Design,Providence,RI,-71.407692,41.825935,50,POINT (-71.407692 41.825935)
2937,217518,1153,532,621,12,4,8,30,12,18,63,25,38,865,416,449,22,10,12,Roger Williams University,Bristol,RI,-71.260374,41.650214,161,POINT (-71.260374 41.650214)
2938,217536,765,276,489,13,5,8,13,3,10,67,20,47,578,215,363,14,7,7,Salve Regina University,Newport,RI,-71.30124,41.471545,80,POINT (-71.30124 41.471545)
2939,217581,63,0,63,3,0,3,9,0,9,19,0,19,23,0,23,0,0,0,Empire Beauty School-Warwick,Providence,RI,-71.422425,41.821724,9,POINT (-71.422425 41.821724)
2940,217606,54,30,24,0,0,0,0,0,0,6,2,4,43,24,19,2,2,0,Northpoint Bible College,Haverhill,MA,-71.079335,42.765357,3,POINT (-71.079335 42.765357)
2941,217615,329,124,205,4,2,2,86,27,59,24,3,21,207,89,118,0,0,0,Aiken Technical College,Graniteville,SC,-81.841666,33.533833,8,POINT (-81.841666 33.533833)
2942,217624,64,30,34,0,0,0,63,30,33,1,0,1,0,0,0,0,0,0,Allen University,Columbia,SC,-81.020045,34.010348,0,POINT (-81.020045 34.010348)
2943,217633,921,284,637,8,0,8,86,31,55,34,10,24,755,228,527,11,9,2,Anderson University,Anderson,SC,-82.640358,34.5152,27,POINT (-82.640358 34.5152)
2944,217688,708,247,461,16,6,10,112,43,69,31,11,20,444,149,295,13,6,7,Charleston Southern University,Charleston,SC,-80.072587,32.983047,92,POINT (-80.072587 32.983047)
2945,217712,247,71,176,1,0,1,68,15,53,34,11,23,129,38,91,0,0,0,Technical College of the Lowcountry,Beaufort,SC,-80.689468,32.420197,15,POINT (-80.689468 32.420197)
2946,217721,154,57,97,3,0,3,139,51,88,3,2,1,2,1,1,1,0,1,Benedict College,Columbia,SC,-81.020403,34.012941,6,POINT (-81.020403 34.012941)
2947,217749,619,265,354,16,7,9,17,4,13,35,11,24,466,199,267,42,24,18,Bob Jones University,Greenville,SC,-82.365838,34.874016,43,POINT (-82.365838 34.874016)
2948,217776,382,121,261,2,1,1,79,25,54,14,5,9,269,85,184,4,2,2,Southern Wesleyan University,Central,SC,-82.761586,34.728068,14,POINT (-82.761586 34.728068)
2949,217794,53,4,49,3,1,2,31,0,31,4,1,3,11,0,11,0,0,0,Charleston Cosmetology Institute,Charleston,SC,-80.111988,32.91777,4,POINT (-80.111988 32.91777)
2950,217819,2193,726,1467,39,17,22,161,45,116,150,49,101,1686,555,1131,24,10,14,College of Charleston,Charleston,SC,-79.939794,32.784225,133,POINT (-79.939794 32.784225)
2951,217828,13,1,12,0,0,0,6,1,5,0,0,0,7,0,7,0,0,0,Charzanne Beauty College,Greenwood,SC,-82.138883,34.212583,0,POINT (-82.138883 34.212583)
2952,217837,303,71,232,2,0,2,115,16,99,6,1,5,160,49,111,0,0,0,Northeastern Technical College,Cheraw,SC,-79.939245,34.698248,20,POINT (-79.939245 34.698248)
2953,217864,1020,760,260,23,16,7,89,60,29,65,41,24,775,583,192,7,6,1,Citadel Military College of South Carolina,Charleston,SC,-79.958775,32.797183,61,POINT (-79.958775 32.797183)
2954,217873,446,123,323,10,5,5,402,110,292,5,2,3,21,4,17,2,0,2,Claflin University,Orangeburg,SC,-80.854319,33.498444,6,POINT (-80.854319 33.498444)
2955,217882,7156,3425,3731,176,95,81,438,200,238,267,126,141,5504,2493,3011,509,370,139,Clemson University,Clemson,SC,-82.835114,34.679381,262,POINT (-82.835114 34.679381)
2956,217891,26,13,13,0,0,0,26,13,13,0,0,0,0,0,0,0,0,0,Clinton College,Rock Hill,SC,-81.043469,34.913721,0,POINT (-81.043469 34.913721)
2957,217907,242,96,146,2,1,1,74,22,52,4,3,1,144,64,80,3,1,2,Coker University,Hartsville,SC,-80.070416,34.37696,15,POINT (-80.070416 34.37696)
2958,217925,410,190,220,9,7,2,52,29,23,15,3,12,197,103,94,93,32,61,Columbia International University,Columbia,SC,-81.07443,34.07551,44,POINT (-81.07443 34.07551)
2959,217934,451,79,372,2,0,2,137,7,130,22,5,17,208,44,164,2,0,2,Columbia College,Columbia,SC,-81.029967,34.045581,80,POINT (-81.029967 34.045581)
2960,217961,340,35,305,6,0,6,36,3,33,14,2,12,223,17,206,30,10,20,Converse University,Spartanburg,SC,-81.917881,34.955534,31,POINT (-81.917881 34.955534)
2961,217989,96,20,76,1,0,1,81,17,64,2,0,2,11,2,9,0,0,0,Denmark Technical College,Denmark,SC,-81.123629,33.313355,1,POINT (-81.123629 33.313355)
2962,217998,98,40,58,1,1,0,7,4,3,4,2,2,71,28,43,0,0,0,Erskine College,Due West,SC,-82.39095,34.332087,15,POINT (-82.39095 34.332087)
2963,218025,545,248,297,8,4,4,169,51,118,19,13,6,268,138,130,0,0,0,Florence-Darlington Technical College,Florence,SC,-79.81469,34.243882,81,POINT (-79.81469 34.243882)
2964,218061,757,191,566,12,5,7,258,42,216,18,4,14,431,123,308,9,8,1,Francis Marion University,Florence,SC,-79.652854,34.189777,29,POINT (-79.652854 34.189777)
2965,218070,723,272,451,15,6,9,52,22,30,45,18,27,559,204,355,17,6,11,Furman University,Greenville,SC,-82.440458,34.924676,35,POINT (-82.440458 34.924676)
2966,218113,1783,792,991,45,18,27,242,81,161,182,92,90,1210,561,649,0,0,0,Greenville Technical College,Greenville,SC,-82.371178,34.826212,104,POINT (-82.371178 34.826212)
2967,218140,1432,533,899,16,10,6,212,65,147,81,29,52,1044,398,646,5,1,4,Horry-Georgetown Technical College,Conway,SC,-79.003611,33.79614,74,POINT (-79.003611 33.79614)
2968,218159,59,5,54,0,0,0,21,3,18,2,0,2,36,2,34,0,0,0,Kenneth Shuler School of Cosmetology-North Augusta,North Augusta,SC,-81.957885,33.497587,0,POINT (-81.957885 33.497587)
2969,218195,43,2,41,0,0,0,25,0,25,0,0,0,17,1,16,0,0,0,Kenneth Shuler School of Cosmetology and Nails-Columbia,Columbia,SC,-81.132969,34.045282,1,POINT (-81.132969 34.045282)
2970,218229,576,171,405,1,0,1,124,24,100,8,3,5,399,122,277,14,12,2,Lander University,Greenwood,SC,-82.164736,34.199892,30,POINT (-82.164736 34.199892)
2971,218238,441,192,249,2,1,1,177,69,108,13,5,8,216,98,118,23,15,8,Limestone University,Gaffney,SC,-81.649161,35.057076,10,POINT (-81.649161 35.057076)
2972,218335,1011,318,693,55,17,38,83,18,65,53,14,39,727,235,492,19,9,10,Medical University of South Carolina,Charleston,SC,-79.947158,32.784363,74,POINT (-79.947158 32.784363)
2973,218353,1617,522,1095,40,15,25,484,109,375,106,35,71,852,315,537,0,0,0,Midlands Technical College,West Columbia,SC,-81.115761,33.949325,135,POINT (-81.115761 33.949325)
2974,218399,90,26,64,0,0,0,85,26,59,0,0,0,0,0,0,0,0,0,Morris College,Sumter,SC,-80.346155,33.938574,5,POINT (-80.346155 33.938574)
2975,218414,265,128,137,0,0,0,62,34,28,4,1,3,153,70,83,18,9,9,Newberry College,Newberry,SC,-81.619777,34.285868,28,POINT (-81.619777 34.285868)
2976,218441,508,238,270,4,1,3,34,19,15,20,9,11,340,161,179,4,4,0,North Greenville University,Tigerville,SC,-82.37026,35.069758,106,POINT (-82.37026 35.069758)
2977,218487,651,216,435,5,2,3,294,73,221,9,3,6,328,132,196,0,0,0,Orangeburg Calhoun Technical College,Orangeburg,SC,-80.82927,33.54485,15,POINT (-80.82927 33.54485)
2978,218520,1267,494,773,12,4,8,337,83,254,3,2,1,868,385,483,0,0,0,Piedmont Technical College,Greenwood,SC,-82.120635,34.207415,47,POINT (-82.120635 34.207415)
2979,218539,202,72,130,4,2,2,23,10,13,5,3,2,156,52,104,5,2,3,Presbyterian College,Clinton,SC,-81.87448,34.465834,9,POINT (-81.87448 34.465834)
2980,218645,714,222,492,6,3,3,165,33,132,27,9,18,448,151,297,18,11,7,University of South Carolina Aiken,Aiken,SC,-81.767612,33.572704,50,POINT (-81.767612 33.572704)
2981,218654,402,121,281,7,2,5,89,20,69,37,13,24,243,83,160,2,0,2,University of South Carolina Beaufort,Bluffton,SC,-80.973595,32.303308,24,POINT (-80.973595 32.303308)
2982,218663,9355,3974,5381,302,145,157,907,309,598,401,169,232,6858,2890,3968,449,274,175,University of South Carolina-Columbia,Columbia,SC,-81.026935,33.996788,438,POINT (-81.026935 33.996788)
2983,218672,126,46,80,2,0,2,19,3,16,4,2,2,95,38,57,1,1,0,University of South Carolina-Lancaster,Lancaster,SC,-80.787069,34.736282,5,POINT (-80.787069 34.736282)
2984,218681,80,25,55,0,0,0,32,8,24,4,3,1,39,10,29,4,4,0,University of South Carolina-Salkehatchie,Allendale,SC,-81.301838,33.014312,1,POINT (-81.301838 33.014312)
2985,218690,154,63,91,3,0,3,39,14,25,5,3,2,93,38,55,4,3,1,University of South Carolina-Sumter,Sumter,SC,-80.373459,33.934698,10,POINT (-80.373459 33.934698)
2986,218706,93,45,48,0,0,0,15,5,10,2,1,1,68,34,34,0,0,0,University of South Carolina-Union,Union,SC,-81.621042,34.717771,8,POINT (-81.621042 34.717771)
2987,218724,2155,889,1266,15,5,10,314,144,170,95,38,57,1533,608,925,51,28,23,Coastal Carolina University,Conway,SC,-79.011767,33.794995,147,POINT (-79.011767 33.794995)
2988,218733,439,144,295,1,0,1,410,137,273,0,0,0,24,7,17,0,0,0,South Carolina State University,Orangeburg,SC,-80.848722,33.497968,4,POINT (-80.848722 33.497968)
2989,218742,1244,387,857,55,17,38,295,65,230,69,25,44,719,235,484,33,15,18,University of South Carolina-Upstate,Spartanburg,SC,-81.970583,34.996403,73,POINT (-81.970583 34.996403)
2990,218751,105,56,49,4,1,3,7,3,4,28,13,15,59,34,25,1,0,1,Sherman College of Chiropractic,Spartanburg,SC,-81.985878,35.014602,6,POINT (-81.985878 35.014602)
2991,218821,263,136,127,2,0,2,87,42,45,20,11,9,144,77,67,2,2,0,Spartanburg Methodist College,Spartanburg,SC,-81.970863,34.955117,8,POINT (-81.970863 34.955117)
2992,218830,729,320,409,29,10,19,121,38,83,68,31,37,470,220,250,0,0,0,Spartanburg Community College,Spartanburg,SC,-81.989811,34.974587,41,POINT (-81.989811 34.974587)
2993,218858,518,213,305,2,1,1,186,58,128,9,3,6,300,140,160,0,0,0,Central Carolina Technical College,Sumter,SC,-80.37101,33.933342,21,POINT (-80.37101 33.933342)
2994,218885,1968,774,1194,25,11,14,165,33,132,118,50,68,1558,636,922,0,0,0,Tri-County Technical College,Pendleton,SC,-82.792015,34.641914,102,POINT (-82.792015 34.641914)
2995,218894,1896,683,1213,35,10,25,431,122,309,48,21,27,1187,454,733,0,0,0,Trident Technical College,Charleston,SC,-80.031276,32.928767,195,POINT (-80.031276 32.928767)
2996,218919,75,30,45,0,0,0,71,29,42,0,0,0,2,1,1,2,0,2,Voorhees College,Denmark,SC,-81.127863,33.307199,0,POINT (-81.127863 33.307199)
2997,218955,86,18,68,1,0,1,59,13,46,0,0,0,26,5,21,0,0,0,Williamsburg Technical College,Kingstree,SC,-79.817984,33.657085,0,POINT (-79.817984 33.657085)
2998,218964,1343,366,977,17,9,8,344,94,250,58,20,38,823,202,621,47,24,23,Winthrop University,Rock Hill,SC,-81.031404,34.941515,54,POINT (-81.031404 34.941515)
2999,218973,387,180,207,3,0,3,27,16,11,14,5,9,320,146,174,7,5,2,Wofford College,Spartanburg,SC,-81.933568,34.959411,16,POINT (-81.933568 34.959411)
3000,218991,1054,397,657,17,5,12,231,55,176,82,28,54,641,286,355,0,0,0,York Technical College,Rock Hill,SC,-80.995273,34.934416,83,POINT (-80.995273 34.934416)
3001,219000,520,161,359,9,3,6,10,4,6,17,4,13,448,136,312,24,12,12,Augustana University,Sioux Falls,SD,-96.736975,43.525148,12,POINT (-96.736975 43.525148)
3002,219037,49,1,48,0,0,0,1,0,1,1,0,1,41,1,40,0,0,0,The Salon Professional Academy,Rapid City,SD,-103.194526,44.086343,6,POINT (-103.194526 44.086343)
3003,219046,546,189,357,7,0,7,6,4,2,29,12,17,452,156,296,6,4,2,Black Hills State University,Spearfish,SD,-103.870966,44.494889,46,POINT (-103.870966 44.494889)
3004,219082,521,360,161,18,15,3,18,17,1,22,16,6,415,280,135,29,20,9,Dakota State University,Madison,SD,-97.113358,44.013014,19,POINT (-97.113358 44.013014)
3005,219091,214,95,119,1,0,1,7,5,2,12,5,7,183,77,106,2,2,0,Dakota Wesleyan University,Mitchell,SD,-98.031188,43.697432,9,POINT (-98.031188 43.697432)
3006,219125,47,3,44,3,0,3,1,0,1,2,0,2,34,3,31,0,0,0,Paul Mitchell the School-Rapid City,Rapid City,SD,-103.222781,44.08202,7,POINT (-103.222781 44.08202)
3007,219143,845,441,404,5,3,2,5,2,3,12,4,8,769,401,368,2,1,1,Lake Area Technical College,Watertown,SD,-97.095229,44.901714,52,POINT (-97.095229 44.901714)
3008,219170,12,2,10,1,0,1,0,0,0,0,0,0,11,2,9,0,0,0,Avera McKennan Hospital School of Radiologic Technology,Sioux Falls,SD,-96.715584,43.533972,0,POINT (-96.715584 43.533972)
3009,219189,469,338,131,11,9,2,2,1,1,12,9,3,419,301,118,0,0,0,Mitchell Technical College,Mitchell,SD,-98.002505,43.688663,25,POINT (-98.002505 43.688663)
3010,219198,206,97,109,1,1,0,6,5,1,16,8,8,167,73,94,4,3,1,Mount Marty University,Yankton,SD,-97.409904,42.874475,12,POINT (-97.409904 42.874475)
3011,219204,538,222,316,14,7,7,123,46,77,73,26,47,268,114,154,0,0,0,National American University-Rapid City,Rapid City,SD,-103.250223,44.03152,60,POINT (-103.250223 44.03152)
3012,219240,54,35,19,1,1,0,1,1,0,0,0,0,49,30,19,1,1,0,Sioux Falls Seminary,Sioux Falls,SD,-96.735896,43.525446,2,POINT (-96.735896 43.525446)
3013,219259,336,127,209,7,3,4,6,3,3,10,3,7,288,110,178,12,4,8,Northern State University,Aberdeen,SD,-98.484728,45.450829,13,POINT (-98.484728 45.450829)
3014,219277,154,32,122,0,0,0,0,0,0,1,1,0,5,1,4,0,0,0,Oglala Lakota College,Kyle,SD,-102.240331,43.366813,148,POINT (-102.240331 43.366813)
3015,219295,173,50,123,4,0,4,15,9,6,8,1,7,134,35,99,0,0,0,Presentation College,Aberdeen,SD,-98.49129,45.483339,12,POINT (-98.49129 45.483339)
3016,219338,5,0,5,0,0,0,0,0,0,0,0,0,4,0,4,0,0,0,Avera Sacred Heart Hospital,Yankton,SD,-97.407865,42.872359,1,POINT (-97.407865 42.872359)
3017,219347,480,368,112,10,7,3,7,7,0,17,11,6,369,284,85,50,39,11,South Dakota School of Mines and Technology,Rapid City,SD,-103.205753,44.075439,27,POINT (-103.205753 44.075439)
3018,219356,2404,1029,1375,38,21,17,34,22,12,50,17,33,2034,834,1200,192,117,75,South Dakota State University,Brookings,SD,-96.782139,44.317485,56,POINT (-96.782139 44.317485)
3019,219374,6,2,4,0,0,0,0,0,0,0,0,0,1,0,1,0,0,0,Sinte Gleska University,Mission,SD,-100.622549,43.298878,5,POINT (-100.622549 43.298878)
3020,219383,463,168,295,6,2,4,10,9,1,21,6,15,405,141,264,3,0,3,University of Sioux Falls,Sioux Falls,SD,-96.738229,43.531574,18,POINT (-96.738229 43.531574)
3021,219392,13,3,10,2,2,0,0,0,0,1,0,1,9,1,8,0,0,0,Sanford Medical Center,Sioux Falls,SD,-96.74341,43.535591,1,POINT (-96.74341 43.535591)
3022,219408,22,11,11,0,0,0,2,2,0,0,0,0,0,0,0,0,0,0,Sisseton Wahpeton College,Sisseton,SD,-97.060835,45.562731,20,POINT (-97.060835 45.562731)
3023,219426,788,339,449,22,7,15,27,9,18,24,9,15,674,291,383,1,0,1,Southeast Technical College,Sioux Falls,SD,-96.780241,43.570446,40,POINT (-96.780241 43.570446)
3024,219453,100,1,99,8,1,7,4,0,4,12,0,12,71,0,71,0,0,0,Stewart School,Sioux Falls,SD,-96.746329,43.554991,5,POINT (-96.746329 43.554991)
3025,219471,2045,725,1320,29,14,15,48,28,20,57,13,44,1749,610,1139,63,32,31,University of South Dakota,Vermillion,SD,-96.925283,42.786019,99,POINT (-96.925283 42.786019)
3026,219480,377,159,218,3,2,1,4,1,3,19,9,10,298,127,171,0,0,0,Western Dakota Technical College,Rapid City,SD,-103.179501,44.076648,53,POINT (-103.179501 44.076648)
3027,219505,2,1,1,0,0,0,2,1,1,0,0,0,0,0,0,0,0,0,American Baptist College,Nashville,TN,-86.789912,36.202623,0,POINT (-86.789912 36.202623)
3028,219587,37,0,37,0,0,0,0,0,0,2,0,2,34,0,34,0,0,0,Arnolds Beauty School,Milan,TN,-88.760125,35.919195,1,POINT (-88.760125 35.919195)
3029,219596,108,67,41,1,1,0,5,2,3,3,3,0,96,60,36,0,0,0,Tennessee College of Applied Technology-Athens,Athens,TN,-84.630484,35.442944,3,POINT (-84.630484 35.442944)
3030,219602,3074,1131,1943,63,23,40,595,219,376,215,90,125,1909,686,1223,48,30,18,Austin Peay State University,Clarksville,TN,-87.354081,36.533319,244,POINT (-87.354081 36.533319)
3031,219639,156,16,140,4,1,3,46,5,41,9,0,9,97,10,87,0,0,0,Baptist Health Sciences University,Memphis,TN,-90.027501,35.138415,0,POINT (-90.027501 35.138415)
3032,219709,2084,661,1423,48,14,34,107,32,75,138,40,98,1661,525,1136,19,10,9,Belmont University,Nashville,TN,-86.794807,36.135589,111,POINT (-86.794807 36.135589)
3033,219718,792,346,446,5,1,4,253,89,164,18,9,9,475,227,248,11,6,5,Bethel University,McKenzie,TN,-88.516762,36.137848,30,POINT (-88.516762 36.137848)
3034,219790,275,117,158,3,1,2,20,10,10,7,4,3,223,89,134,8,7,1,Bryan College-Dayton,Dayton,TN,-84.999552,35.497209,14,POINT (-84.999552 35.497209)
3035,219806,733,246,487,3,2,1,62,26,36,24,6,18,597,185,412,34,22,12,Carson-Newman University,Jefferson City,TN,-83.491709,36.122934,13,POINT (-83.491709 36.122934)
3036,219824,1325,465,860,30,9,21,113,41,72,73,28,45,1041,368,673,4,2,2,Chattanooga State Community College,Chattanooga,TN,-85.237389,35.100202,64,POINT (-85.237389 35.100202)
3037,219833,442,196,246,18,6,12,87,23,64,29,11,18,173,86,87,52,37,15,Christian Brothers University,Memphis,TN,-89.983241,35.127437,83,POINT (-89.983241 35.127437)
3038,219842,83,49,34,2,1,1,16,8,8,21,8,13,23,15,8,2,1,1,Pentecostal Theological Seminary,Cleveland,TN,-84.868326,35.162528,19,POINT (-84.868326 35.162528)
3039,219851,82,0,82,0,0,0,54,0,54,4,0,4,21,0,21,0,0,0,Austin's Beauty College Inc,Clarksville,TN,-87.362846,36.521386,3,POINT (-87.362846 36.521386)
3040,219879,668,307,361,7,2,5,33,11,22,38,20,18,585,271,314,0,0,0,Cleveland State Community College,Cleveland,TN,-84.879284,35.200103,5,POINT (-84.879284 35.200103)
3041,219888,1025,422,603,16,6,10,48,16,32,68,29,39,856,358,498,3,0,3,Columbia State Community College,Columbia,TN,-87.101917,35.616757,34,POINT (-87.101917 35.616757)
3042,219903,758,61,697,5,1,4,343,19,324,28,6,22,65,9,56,1,0,1,Concorde Career College-Memphis,Memphis,TN,-89.891723,35.112892,316,POINT (-89.891723 35.112892)
3043,219921,177,88,89,0,0,0,36,9,27,1,0,1,134,75,59,0,0,0,Tennessee College of Applied Technology-Covington,Covington,TN,-89.659976,35.545225,6,POINT (-89.659976 35.545225)
3044,219949,670,276,394,10,3,7,59,33,26,32,13,19,428,169,259,26,11,15,Cumberland University,Lebanon,TN,-86.298782,36.204514,115,POINT (-86.298782 36.204514)
3045,219976,1437,488,949,49,7,42,149,41,108,60,23,37,1077,382,695,32,15,17,Lipscomb University,Nashville,TN,-86.799791,36.106253,70,POINT (-86.799791 36.106253)
3046,219994,454,226,228,5,4,1,57,19,38,35,21,14,328,168,160,0,0,0,Tennessee College of Applied Technology-Dickson,Dickson,TN,-87.366455,36.050549,29,POINT (-87.366455 36.050549)
3047,220002,23,4,19,0,0,0,11,2,9,0,0,0,8,1,7,0,0,0,Hussian College-Daymar College Nashville,Nashville,TN,-86.671921,36.14608,4,POINT (-86.671921 36.14608)
3048,220057,476,170,306,3,1,2,64,20,44,20,10,10,375,137,238,1,0,1,Dyersburg State Community College,Dyersburg,TN,-89.390791,36.047565,13,POINT (-89.390791 36.047565)
3049,220075,3630,1254,2376,66,33,33,230,85,145,78,35,43,2969,982,1987,112,48,64,East Tennessee State University,Johnson City,TN,-82.366954,36.301643,175,POINT (-82.366954 36.301643)
3050,220118,117,2,115,1,0,1,37,0,37,7,0,7,72,2,70,0,0,0,Chattanooga College Medical Dental and Technical Careers,Chattanooga,TN,-85.238131,35.13314,0,POINT (-85.238131 35.13314)
3051,220127,377,185,192,1,0,1,28,13,15,18,8,10,314,156,158,6,2,4,Tennessee College of Applied Technology-Elizabethton,Elizabethton,TN,-82.178198,36.366033,10,POINT (-82.178198 36.366033)
3052,220163,25,0,25,0,0,0,3,0,3,3,0,3,19,0,19,0,0,0,The Hair Academy LLC,Fayetteville,TN,-86.577055,35.153554,0,POINT (-86.577055 35.153554)
3053,220181,105,36,69,0,0,0,89,28,61,2,0,2,1,1,0,9,7,2,Fisk University,Nashville,TN,-86.804805,36.167087,4,POINT (-86.804805 36.167087)
3054,220206,82,23,59,1,0,1,3,0,3,4,1,3,70,22,48,2,0,2,Welch College,Gallatin,TN,-86.549153,36.36719,2,POINT (-86.549153 36.36719)
3055,220215,444,199,245,0,0,0,39,8,31,3,1,2,336,157,179,12,12,0,Freed-Hardeman University,Henderson,TN,-88.637964,35.440611,54,POINT (-88.637964 35.440611)
3056,220251,163,95,68,0,0,0,5,4,1,9,5,4,138,80,58,1,0,1,Tennessee College of Applied Technology-Harriman,Harriman,TN,-84.517871,35.966107,10,POINT (-84.517871 35.966107)
3057,220279,219,119,100,2,1,1,16,4,12,7,7,0,182,102,80,0,0,0,Tennessee College of Applied Technology-Hartsville,Hartsville,TN,-86.14366,36.387191,12,POINT (-86.14366 36.387191)
3058,220321,199,93,106,0,0,0,9,4,5,9,2,7,170,80,90,0,0,0,Tennessee College of Applied Technology-Hohenwald,Hohenwald,TN,-87.573757,35.551687,11,POINT (-87.573757 35.551687)
3059,220394,175,95,80,0,0,0,3,2,1,1,0,1,163,88,75,1,0,1,Tennessee College of Applied Technology-Jacksboro,Jacksboro,TN,-84.208918,36.3175,7,POINT (-84.208918 36.3175)
3060,220400,640,201,439,3,2,1,112,24,88,20,3,17,483,167,316,0,0,0,Jackson State Community College,Jackson,TN,-88.780005,35.645571,22,POINT (-88.780005 35.645571)
3061,220464,52,30,22,0,0,0,5,4,1,1,0,1,46,26,20,0,0,0,John A Gupton College,Nashville,TN,-86.7948,36.156633,0,POINT (-86.7948 36.156633)
3062,220473,260,147,113,1,1,0,15,10,5,7,2,5,215,121,94,3,2,1,Johnson University,Knoxville,TN,-83.750273,35.937193,19,POINT (-83.750273 35.937193)
3063,220491,149,4,145,2,0,2,45,0,45,12,1,11,81,2,79,1,0,1,Paul Mitchell the School-Murfreesboro,Murfreesboro,TN,-86.42068,35.849141,8,POINT (-86.42068 35.849141)
3064,220516,738,228,510,6,3,3,37,16,21,3,2,1,648,186,462,16,11,5,King University,Bristol,TN,-82.159421,36.585309,28,POINT (-82.159421 36.585309)
3065,220552,1845,317,1528,52,17,35,414,40,374,83,14,69,1158,227,931,74,11,63,South College,Knoxville,TN,-83.97362,35.958283,64,POINT (-83.97362 35.958283)
3066,220598,128,53,75,1,1,0,113,45,68,1,1,0,2,0,2,0,0,0,Lane College,Jackson,TN,-88.806535,35.627378,11,POINT (-88.806535 35.627378)
3067,220604,114,28,86,0,0,0,110,26,84,0,0,0,0,0,0,4,2,2,Le Moyne-Owen College,Memphis,TN,-90.034101,35.118641,0,POINT (-90.034101 35.118641)
3068,220613,1009,368,641,6,2,4,45,19,26,21,9,12,826,288,538,37,18,19,Lee University,Cleveland,TN,-84.871399,35.166019,74,POINT (-84.871399 35.166019)
3069,220631,1685,516,1169,109,43,66,103,29,74,26,7,19,1311,370,941,19,13,6,Lincoln Memorial University,Harrogate,TN,-83.660198,36.578508,117,POINT (-83.660198 36.578508)
3070,220640,202,119,83,0,0,0,0,0,0,8,5,3,186,111,75,0,0,0,Tennessee College of Applied Technology-Livingston,Livingston,TN,-85.317248,36.39594,8,POINT (-85.317248 36.39594)
3071,220701,157,63,94,1,1,0,14,4,10,3,0,3,114,49,65,9,7,2,The University of Tennessee Southern,Pulaski,TN,-87.035661,35.201019,16,POINT (-87.035661 35.201019)
3072,220710,210,83,127,1,1,0,12,10,2,5,3,2,180,64,116,1,0,1,Maryville College,Maryville,TN,-83.964223,35.751505,11,POINT (-83.964223 35.751505)
3073,220756,102,82,20,0,0,0,3,2,1,3,2,1,92,74,18,0,0,0,Tennessee College of Applied Technology-McKenzie,McKenzie,TN,-88.492615,36.137048,4,POINT (-88.492615 36.137048)
3074,220765,178,21,157,2,0,2,75,12,63,12,2,10,87,7,80,0,0,0,Genesis Career College-Cookeville,Cookeville,TN,-85.485574,36.176484,2,POINT (-85.485574 36.176484)
3075,220792,315,120,195,13,5,8,271,101,170,4,0,4,26,13,13,0,0,0,Meharry Medical College,Nashville,TN,-86.807371,36.165458,1,POINT (-86.807371 36.165458)
3076,220853,343,210,133,1,1,0,249,149,100,19,11,8,48,35,13,3,1,2,Tennessee College of Applied Technology-Memphis,Memphis,TN,-90.039188,35.150262,23,POINT (-90.039188 35.150262)
3077,220862,4538,1663,2875,215,92,123,1335,358,977,232,83,149,2391,969,1422,161,94,67,University of Memphis,Memphis,TN,-89.938068,35.118878,204,POINT (-89.938068 35.118878)
3078,220871,44,28,16,2,2,0,26,13,13,1,1,0,15,12,3,0,0,0,Memphis Theological Seminary,Memphis,TN,-89.982653,35.13311,0,POINT (-89.982653 35.13311)
3079,220978,4667,1973,2694,253,109,144,763,272,491,272,107,165,3144,1375,1769,48,30,18,Middle Tennessee State University,Murfreesboro,TN,-86.360618,35.848005,187,POINT (-86.360618 35.848005)
3080,220996,94,39,55,4,2,2,6,2,4,0,0,0,76,32,44,0,0,0,Middle Tennessee School of Anesthesia Inc,Madison,TN,-86.683859,36.253425,8,POINT (-86.683859 36.253425)
3081,221050,377,271,106,0,0,0,6,4,2,23,20,3,328,230,98,7,6,1,Tennessee College of Applied Technology-Morristown,Morristown,TN,-83.299503,36.204643,13,POINT (-83.299503 36.204643)
3082,221096,1242,436,806,29,6,23,111,34,77,101,43,58,954,331,623,0,0,0,Motlow State Community College,Tullahoma,TN,-86.299184,35.365903,47,POINT (-86.299184 35.365903)
3083,221102,372,227,145,11,8,3,66,36,30,34,19,15,236,148,88,0,0,0,Tennessee College of Applied Technology-Murfreesboro,Murfreesboro,TN,-86.41026,35.845661,25,POINT (-86.41026 35.845661)
3084,221148,650,607,43,9,8,1,183,178,5,73,68,5,370,342,28,0,0,0,Lincoln College of Technology-Nashville,Nashville,TN,-86.744005,36.194393,15,POINT (-86.744005 36.194393)
3085,221184,1148,422,726,46,19,27,246,87,159,112,41,71,675,248,427,8,4,4,Nashville State Community College,Nashville,TN,-86.857342,36.134857,61,POINT (-86.857342 36.134857)
3086,221236,274,187,87,0,0,0,36,19,17,16,9,7,200,141,59,1,1,0,Tennessee College of Applied Technology-Newbern,Newbern,TN,-89.257582,36.120067,21,POINT (-89.257582 36.120067)
3087,221281,160,76,84,1,1,0,14,4,10,6,2,4,133,65,68,0,0,0,Tennessee College of Applied Technology-Paris,Paris,TN,-88.296432,36.296408,6,POINT (-88.296432 36.296408)
3088,221333,192,113,79,1,1,0,22,6,16,6,5,1,151,91,60,0,0,0,Tennessee College of Applied Technology-Pulaski,Pulaski,TN,-87.007818,35.191308,12,POINT (-87.007818 35.191308)
3089,221351,452,180,272,34,14,20,42,16,26,25,11,14,308,127,181,18,9,9,Rhodes College,Memphis,TN,-89.990803,35.154405,25,POINT (-89.990803 35.154405)
3090,221388,125,36,89,0,0,0,57,16,41,2,0,2,53,17,36,1,0,1,Tennessee College of Applied Technology-Ripley,Ripley,TN,-89.519264,35.779827,12,POINT (-89.519264 35.779827)
3091,221397,1081,370,711,12,4,8,25,11,14,45,19,26,961,318,643,1,0,1,Roane State Community College,Harriman,TN,-84.620051,35.880911,37,POINT (-84.620051 35.880911)
3092,221430,103,63,40,0,0,0,4,3,1,3,3,0,94,56,38,1,1,0,Tennessee College of Applied Technology-Crump,Crump,TN,-88.319153,35.221452,1,POINT (-88.319153 35.221452)
3093,221485,1139,359,780,29,8,21,620,160,460,82,21,61,372,154,218,6,2,4,Southwest Tennessee Community College,Memphis,TN,-90.036723,35.138532,30,POINT (-90.036723 35.138532)
3094,221494,263,194,69,0,0,0,23,17,6,19,13,6,206,150,56,2,2,0,Tennessee College of Applied Technology-Shelbyville,Shelbyville,TN,-86.421097,35.485655,13,POINT (-86.421097 35.485655)
3095,221519,424,199,225,5,1,4,24,14,10,22,10,12,348,162,186,16,9,7,The University of the South,Sewanee,TN,-85.920179,35.204719,9,POINT (-85.920179 35.204719)
3096,221582,121,69,52,0,0,0,0,0,0,3,2,1,115,64,51,0,0,0,Tennessee College of Applied Technology-Oneida-Huntsville,Huntsville,TN,-84.528273,36.408177,3,POINT (-84.528273 36.408177)
3097,221591,279,182,97,1,0,1,4,1,3,6,3,3,255,169,86,2,0,2,Tennessee College of Applied Technology-Crossville,Crossville,TN,-85.039137,35.946609,11,POINT (-85.039137 35.946609)
3098,221607,134,95,39,1,1,0,4,2,2,6,4,2,120,85,35,0,0,0,Tennessee College of Applied Technology-McMinnville,McMinnville,TN,-85.74531,35.70137,3,POINT (-85.74531 35.70137)
3099,221616,481,277,204,3,2,1,156,68,88,21,16,5,277,172,105,3,3,0,Tennessee College of Applied Technology-Jackson,Jackson,TN,-88.919805,35.606795,21,POINT (-88.919805 35.606795)
3100,221625,452,220,232,3,1,2,37,2,35,6,0,6,390,213,177,4,1,3,Tennessee College of Applied Technology-Knoxville,Knoxville,TN,-83.964151,35.957,12,POINT (-83.964151 35.957)
3101,221643,2027,950,1077,38,14,24,106,45,61,109,49,60,1669,795,874,14,6,8,Pellissippi State Community College,Knoxville,TN,-84.166504,35.948303,91,POINT (-84.166504 35.948303)
3102,221661,701,235,466,67,31,36,75,23,52,145,45,100,335,111,224,40,11,29,Southern Adventist University,Collegedale,TN,-85.052088,35.048254,39,POINT (-85.052088 35.048254)
3103,221670,134,45,89,18,6,12,4,0,4,1,1,0,102,34,68,1,1,0,Southern College of Optometry,Memphis,TN,-90.019856,35.138252,8,POINT (-90.019856 35.138252)
3104,221731,282,88,194,4,1,3,24,12,12,12,5,7,216,61,155,9,6,3,Tennessee Wesleyan University,Athens,TN,-84.592728,35.446331,17,POINT (-84.592728 35.446331)
3105,221740,2571,1071,1500,63,25,38,234,75,159,120,46,74,1946,802,1144,74,58,16,The University of Tennessee-Chattanooga,Chattanooga,TN,-85.300247,35.047519,134,POINT (-85.300247 35.047519)
3106,221759,7344,3343,4001,287,159,128,431,175,256,297,116,181,5740,2596,3144,238,151,87,The University of Tennessee-Knoxville,Knoxville,TN,-83.925852,35.952082,351,POINT (-83.925852 35.952082)
3107,221768,1269,476,793,7,2,5,149,53,96,37,18,19,1033,385,648,13,5,8,The University of Tennessee-Martin,Martin,TN,-88.864211,36.340338,30,POINT (-88.864211 36.340338)
3108,221829,204,5,199,4,2,2,7,0,7,6,0,6,186,3,183,0,0,0,Tennessee School of Beauty of Knoxville Inc,Knoxville,TN,-83.995119,35.974432,1,POINT (-83.995119 35.974432)
3109,221838,1451,501,950,34,12,22,910,285,625,25,6,19,381,134,247,74,54,20,Tennessee State University,Nashville,TN,-86.828275,36.166321,27,POINT (-86.828275 36.166321)
3110,221847,2321,1139,1182,36,18,18,64,31,33,59,37,22,2028,970,1058,55,44,11,Tennessee Technological University,Cookeville,TN,-85.504039,36.174754,79,POINT (-85.504039 36.174754)
3111,221892,1260,399,861,23,4,19,317,77,240,38,14,24,761,262,499,61,26,35,Trevecca Nazarene University,Nashville,TN,-86.754238,36.141324,60,POINT (-86.754238 36.141324)
3112,221908,1045,466,579,6,2,4,16,6,10,35,18,17,955,422,533,0,0,0,Northeast State Community College,Blountville,TN,-82.408885,36.484961,33,POINT (-82.408885 36.484961)
3113,221953,497,190,307,0,0,0,39,22,17,13,8,5,396,135,261,16,9,7,Tusculum University,Greeneville,TN,-82.760818,36.172435,33,POINT (-82.760818 36.172435)
3114,221971,970,284,686,20,7,13,222,35,187,15,3,12,668,221,447,11,7,4,Union University,Jackson,TN,-88.858524,35.676896,34,POINT (-88.858524 35.676896)
3115,221999,3923,1678,2245,359,181,178,369,135,234,293,118,175,2176,880,1296,391,211,180,Vanderbilt University,Nashville,TN,-86.803369,36.14659,335,POINT (-86.803369 36.14659)
3116,222053,1481,581,900,21,10,11,88,27,61,85,29,56,1201,485,716,1,0,1,Volunteer State Community College,Gallatin,TN,-86.497127,36.362518,85,POINT (-86.497127 36.362518)
3117,222062,1241,554,687,8,6,2,31,15,16,62,25,37,1107,493,614,3,3,0,Walters State Community College,Morristown,TN,-83.262503,36.213179,30,POINT (-83.262503 36.213179)
3118,222105,132,123,9,0,0,0,44,41,3,11,10,1,69,64,5,0,0,0,William R Moore College of Technology,Memphis,TN,-90.020138,35.144855,8,POINT (-90.020138 35.144855)
3119,222178,1262,434,828,21,6,15,158,58,100,220,59,161,759,267,492,40,24,16,Abilene Christian University,Abilene,TX,-99.709797,32.468943,64,POINT (-99.709797 32.468943)
3120,222567,1022,433,589,70,29,41,112,54,58,365,147,218,409,174,235,29,9,20,Alvin Community College,Alvin,TX,-95.240671,29.396244,37,POINT (-95.240671 29.396244)
3121,222576,1674,598,1076,45,18,27,92,31,61,719,241,478,749,276,473,0,0,0,Amarillo College,Amarillo,TX,-101.846988,35.187839,69,POINT (-101.846988 35.187839)
3122,222628,315,115,200,25,14,11,57,13,44,32,12,20,147,45,102,49,29,20,Amberton University,Garland,TX,-96.65302,32.859931,5,POINT (-96.65302 32.859931)
3123,222822,656,220,436,8,2,6,68,13,55,211,76,135,342,118,224,5,4,1,Angelina College,Lufkin,TX,-94.731625,31.287444,22,POINT (-94.731625 31.287444)
3124,222831,1757,668,1089,26,11,15,153,61,92,523,195,328,934,347,587,51,24,27,Angelo State University,San Angelo,TX,-100.465051,31.440914,70,POINT (-100.465051 31.440914)
3125,222877,23,12,11,0,0,0,12,6,6,0,0,0,11,6,5,0,0,0,Arlington Baptist University,Arlington,TX,-97.156024,32.739489,0,POINT (-97.156024 32.739489)
3126,222886,252,23,229,8,3,5,90,6,84,88,7,81,64,7,57,1,0,1,Arlington Career Institute,Grand Prairie,TX,-97.052772,32.77244,1,POINT (-97.052772 32.77244)
3127,222938,91,36,55,7,3,4,28,12,16,28,9,19,19,8,11,6,1,5,The Art Institute of Houston,Houston,TX,-95.445766,29.73025,3,POINT (-95.445766 29.73025)
3128,222983,261,120,141,34,18,16,23,11,12,57,22,35,132,61,71,6,3,3,Austin College,Sherman,TX,-96.596331,33.646345,9,POINT (-96.596331 33.646345)
3129,222992,5524,2274,3250,372,152,220,373,121,252,2050,843,1207,2378,1033,1345,81,23,58,Austin Community College District,Austin,TX,-97.712505,30.322744,270,POINT (-97.712505 30.322744)
3130,223001,29,14,15,0,0,0,2,0,2,0,0,0,27,14,13,0,0,0,Austin Presbyterian Theological Seminary,Austin,TX,-97.736958,30.29201,0,POINT (-97.736958 30.29201)
3131,223056,31,3,28,1,0,1,1,0,1,12,1,11,14,0,14,0,0,0,Baldwin Beauty School-South Austin,Austin,TX,-97.783062,30.241662,3,POINT (-97.783062 30.241662)
3132,223083,370,55,315,6,1,5,21,2,19,131,23,108,103,15,88,0,0,0,Baptist Health System School of Health Professions,San Antonio,TX,-98.567486,29.517063,109,POINT (-98.567486 29.517063)
3133,223117,24,18,6,0,0,0,4,1,3,2,2,0,14,12,2,4,3,1,Baptist Missionary Association Theological Seminary,Jacksonville,TX,-95.255524,31.978961,0,POINT (-95.255524 31.978961)
3134,223223,369,157,212,101,48,53,13,5,8,45,19,26,175,65,110,29,17,12,Baylor College of Medicine,Houston,TX,-95.395743,29.7106,6,POINT (-95.395743 29.7106)
3135,223232,4738,1869,2869,298,105,193,299,103,196,697,260,437,2952,1175,1777,210,106,104,Baylor University,Waco,TX,-97.121041,31.546872,282,POINT (-97.121041 31.546872)
3136,223320,546,167,379,6,2,4,10,4,6,415,129,286,100,22,78,0,0,0,Coastal Bend College,Beeville,TX,-97.755896,28.435194,15,POINT (-97.755896 28.435194)
3137,223427,2971,1260,1711,71,38,33,191,71,120,660,255,405,1929,844,1085,0,0,0,Blinn College,Brenham,TX,-96.40852,30.160457,120,POINT (-96.40852 30.160457)
3138,223463,309,47,262,8,4,4,108,16,92,131,20,111,47,5,42,0,0,0,Remington College-Dallas Campus,Garland,TX,-96.654105,32.860595,15,POINT (-96.654105 32.860595)
3139,223472,129,9,120,1,1,0,11,1,10,63,6,57,44,1,43,0,0,0,Vet Tech Institute of Houston,Houston,TX,-95.455533,29.728907,10,POINT (-95.455533 29.728907)
3140,223506,691,358,333,8,4,4,38,26,12,277,140,137,338,175,163,0,0,0,Brazosport College,Lake Jackson,TX,-95.40934,29.048604,30,POINT (-95.40934 29.048604)
3141,223816,2097,924,1173,69,30,39,543,235,308,566,243,323,677,316,361,11,4,7,Central Texas College,Killeen,TX,-97.810827,31.120516,231,POINT (-97.810827 31.120516)
3142,223852,21,1,20,1,0,1,4,0,4,5,1,4,11,0,11,0,0,0,Charles and Sues School of Hair Design,Bryan,TX,-96.340102,30.6528,0,POINT (-96.340102 30.6528)
3143,223898,503,170,333,4,2,2,51,31,20,142,32,110,286,95,191,2,2,0,Cisco College,Cisco,TX,-98.985206,32.401132,18,POINT (-98.985206 32.401132)
3144,223922,335,147,188,2,0,2,34,18,16,85,29,56,181,84,97,6,4,2,Clarendon College,Clarendon,TX,-100.902421,34.944558,27,POINT (-100.902421 34.944558)
3145,224004,735,218,517,36,6,30,125,40,85,233,69,164,297,86,211,0,0,0,Concordia University Texas,Austin,TX,-97.835703,30.420232,44,POINT (-97.835703 30.420232)
3146,224013,13,1,12,0,0,0,0,0,0,5,0,5,8,1,7,0,0,0,BK Cosmo College of Cosmetology,Kerrville,TX,-99.15037,30.055075,0,POINT (-99.15037 30.055075)
3147,224110,1436,611,825,43,20,23,107,28,79,307,121,186,882,393,489,38,25,13,North Central Texas College,Gainesville,TX,-97.1658,33.6188,59,POINT (-97.1658 33.6188)
3148,224147,2718,1041,1677,112,46,66,159,59,100,1258,442,816,1014,406,608,105,63,42,Texas A & M University-Corpus Christi,Corpus Christi,TX,-97.32395,27.713723,70,POINT (-97.32395 27.713723)
3149,224156,155,6,149,2,0,2,39,0,39,42,3,39,60,3,57,0,0,0,Paul Mitchell the School-Dallas,Carrollton,TX,-96.843526,32.973328,12,POINT (-96.843526 32.973328)
3150,224226,1096,403,693,26,13,13,135,44,91,155,52,103,584,217,367,176,70,106,Dallas Baptist University,Dallas,TX,-96.947006,32.710017,20,POINT (-96.947006 32.710017)
3151,224244,38,16,22,0,0,0,9,3,6,4,2,2,21,9,12,0,0,0,Dallas Christian College,Dallas,TX,-96.887117,32.913692,4,POINT (-96.887117 32.913692)
3152,224271,100,27,73,0,0,0,12,2,10,8,2,6,69,22,47,0,0,0,Dallas Institute of Funeral Service,Dallas,TX,-96.683404,32.771368,11,POINT (-96.683404 32.771368)
3153,224305,433,265,168,35,22,13,42,24,18,36,27,9,249,143,106,38,27,11,Dallas Theological Seminary,Dallas,TX,-96.780497,32.795361,33,POINT (-96.780497 32.795361)
3154,224323,643,344,299,53,29,24,67,31,36,115,56,59,309,173,136,68,37,31,University of Dallas,Irving,TX,-96.919512,32.846221,31,POINT (-96.919512 32.846221)
3155,224350,1552,638,914,38,11,27,30,11,19,1101,436,665,352,165,187,7,7,0,Del Mar College,Corpus Christi,TX,-97.40762,27.763619,24,POINT (-97.40762 27.763619)
3156,224527,384,149,235,2,1,1,45,23,22,55,20,35,264,95,169,2,2,0,East Texas Baptist University,Marshall,TX,-94.374488,32.557847,16,POINT (-94.374488 32.557847)
3157,224545,479,167,312,7,4,3,61,19,42,60,21,39,299,94,205,15,12,3,Texas A&M University-Texarkana,Texarkana,TX,-94.103617,33.490482,37,POINT (-94.103617 33.490482)
3158,224554,3453,1260,2193,162,84,78,552,218,334,692,219,473,1588,521,1067,224,122,102,Texas A & M University-Commerce,Commerce,TX,-95.904579,33.242112,235,POINT (-95.904579 33.242112)
3159,224615,11412,4292,7120,1085,502,583,2272,711,1561,5211,1840,3371,2100,932,1168,54,29,25,Dallas College,Dallas,TX,-96.794036,32.766319,690,POINT (-96.794036 32.766319)
3160,224642,3863,1446,2417,28,12,16,74,36,38,3299,1198,2101,282,128,154,54,19,35,El Paso Community College,El Paso,TX,-106.373616,31.773359,126,POINT (-106.373616 31.773359)
3161,224660,220,116,104,2,0,2,20,13,7,143,71,72,34,18,16,0,0,0,Western Technical College,El Paso,TX,-106.425881,31.877794,21,POINT (-106.425881 31.877794)
3162,224679,986,850,136,1,1,0,30,28,2,770,660,110,118,106,12,0,0,0,Western Technical College,El Paso,TX,-106.319269,31.675953,67,POINT (-106.319269 31.675953)
3163,224712,38,11,27,0,0,0,3,0,3,2,1,1,29,9,20,1,1,0,Episcopal Theological Seminary of the Southwest,Austin,TX,-97.732652,30.293092,3,POINT (-97.732652 30.293092)
3164,224758,12,0,12,0,0,0,1,0,1,4,0,4,7,0,7,0,0,0,Exposito School of Hair Design,Amarillo,TX,-101.881271,35.183578,0,POINT (-101.881271 35.183578)
3165,224776,76,35,41,2,0,2,17,8,9,19,10,9,30,14,16,0,0,0,Miami International University of Art & Design-Art Institute Dallas,Dallas,TX,-96.767823,32.871008,8,POINT (-96.767823 32.871008)
3166,224828,69,2,67,4,0,4,3,0,3,15,0,15,45,2,43,0,0,0,Fort Worth Beauty School,Benbrook,TX,-97.420695,32.82338,2,POINT (-97.420695 32.82338)
3167,224891,242,95,147,2,2,0,6,3,3,95,31,64,117,51,66,13,4,9,Frank Phillips College,Borger,TX,-101.406005,35.657778,9,POINT (-101.406005 35.657778)
3168,224961,554,239,315,17,7,10,83,34,49,199,77,122,223,109,114,2,1,1,Galveston College,Galveston,TX,-94.807686,29.284735,30,POINT (-94.807686 29.284735)
3169,225070,1034,349,685,19,4,15,100,29,71,142,46,96,708,246,462,10,2,8,Grayson College,Denison,TX,-96.633891,33.70574,55,POINT (-96.633891 33.70574)
3170,225201,344,236,108,10,7,3,36,24,12,151,99,52,120,91,29,0,0,0,Hallmark University,San Antonio,TX,-98.568618,29.538442,27,POINT (-98.568618 29.538442)
3171,225247,532,223,309,8,4,4,47,26,21,102,34,68,336,138,198,9,6,3,Hardin-Simmons University,Abilene,TX,-99.73564,32.476434,30,POINT (-99.73564 32.476434)
3172,225308,1450,550,900,7,4,3,197,100,97,360,135,225,740,232,508,9,4,5,Trinity Valley Community College,Athens,TX,-95.858513,32.196596,137,POINT (-95.858513 32.196596)
3173,225371,815,407,408,2,2,0,26,7,19,247,120,127,501,258,243,4,2,2,Hill College,Hillsboro,TX,-97.088332,32.010928,35,POINT (-97.088332 32.010928)
3174,225399,962,267,695,67,21,46,233,49,184,264,70,194,272,91,181,48,16,32,Houston Baptist University,Houston,TX,-95.515954,29.693819,78,POINT (-95.515954 29.693819)
3175,225414,2467,874,1593,221,92,129,228,61,167,817,249,568,901,332,569,184,87,97,University of Houston-Clear Lake,Houston,TX,-95.098129,29.582523,116,POINT (-95.098129 29.582523)
3176,225423,6420,2266,4154,592,260,332,1637,477,1160,2265,791,1474,731,303,428,954,347,607,Houston Community College,Houston,TX,-95.377319,29.742114,241,POINT (-95.377319 29.742114)
3177,225432,3657,1266,2391,385,187,198,805,241,564,1513,480,1033,625,241,384,196,76,120,University of Houston-Downtown,Houston,TX,-95.359338,29.7661,133,POINT (-95.359338 29.7661)
3178,225502,1349,399,950,135,43,92,236,72,164,466,133,333,418,109,309,60,33,27,University of Houston-Victoria,Victoria,TX,-96.976334,28.816248,34,POINT (-96.976334 28.816248)
3179,225511,11467,5204,6263,2312,1079,1233,1039,375,664,3598,1540,2058,2909,1369,1540,1002,570,432,University of Houston,Houston,TX,-95.343537,29.720393,607,POINT (-95.343537 29.720393)
3180,225520,705,229,476,9,5,4,20,7,13,341,97,244,302,110,192,10,3,7,Howard College,Big Spring,TX,-101.450104,32.252292,23,POINT (-101.450104 32.252292)
3181,225548,215,111,104,1,0,1,20,13,7,52,21,31,121,65,56,0,0,0,Howard Payne University,Brownwood,TX,-98.985204,31.716467,21,POINT (-98.985204 31.716467)
3182,225575,223,72,151,2,1,1,138,44,94,67,21,46,9,6,3,5,0,5,Huston-Tillotson University,Austin,TX,-97.721691,30.264667,2,POINT (-97.721691 30.264667)
3183,225627,2164,922,1242,145,52,93,224,112,112,1017,373,644,521,251,270,65,40,25,University of the Incarnate Word,San Antonio,TX,-98.46583,29.46708,192,POINT (-98.46583 29.46708)
3184,225876,75,30,45,1,0,1,4,2,2,32,11,21,24,11,13,6,2,4,Jacksonville College-Main Campus,Jacksonville,TX,-95.281311,31.965846,8,POINT (-95.281311 31.965846)
3185,225885,90,21,69,0,0,0,73,17,56,12,4,8,2,0,2,1,0,1,Jarvis Christian University,Hawkins,TX,-95.181513,32.587942,2,POINT (-95.181513 32.587942)
3186,225991,47,28,19,1,1,0,11,8,3,11,7,4,22,11,11,0,0,0,KD Conservatory College of Film and Dramatic Arts,Dallas,TX,-96.841975,32.808265,2,POINT (-96.841975 32.808265)
3187,226019,920,324,596,5,1,4,174,45,129,214,87,127,464,166,298,30,16,14,Kilgore College,Kilgore,TX,-94.871468,32.377821,33,POINT (-94.871468 32.377821)
3188,226091,5380,1563,3817,174,65,109,1166,283,883,1123,321,802,2667,761,1906,145,92,53,Lamar University,Beaumont,TX,-94.072244,30.042738,105,POINT (-94.072244 30.042738)
3189,226107,432,133,299,5,3,2,81,17,64,28,10,18,314,101,213,0,0,0,Lamar State College-Orange,Orange,TX,-93.732235,30.0922,4,POINT (-93.732235 30.0922)
3190,226116,474,134,340,30,11,19,127,32,95,153,43,110,150,41,109,0,0,0,Lamar State College-Port Arthur,Port Arthur,TX,-93.925886,29.880385,14,POINT (-93.925886 29.880385)
3191,226125,66,4,62,0,0,0,0,0,0,66,4,62,0,0,0,0,0,0,Laredo Beauty College Inc,Laredo,TX,-99.480788,27.523791,0,POINT (-99.480788 27.523791)
3192,226134,1604,660,944,5,2,3,0,0,0,1575,647,928,17,8,9,0,0,0,Laredo College,Laredo,TX,-99.520772,27.506477,7,POINT (-99.520772 27.506477)
3193,226152,1807,615,1192,15,6,9,19,5,14,1563,516,1047,99,39,60,93,43,50,Texas A & M International University,Laredo,TX,-99.436043,27.571172,18,POINT (-99.436043 27.571172)
3194,226204,3683,2612,1071,36,20,16,744,608,136,1367,852,515,1411,1059,352,2,2,0,Lee College,Baytown,TX,-94.978184,29.732505,123,POINT (-94.978184 29.732505)
3195,226231,458,225,233,6,4,2,62,14,48,27,12,15,279,143,136,9,6,3,LeTourneau University,Longview,TX,-94.726394,32.46632,75,POINT (-94.726394 32.46632)
3196,226277,686,654,32,5,5,0,119,114,5,291,278,13,219,206,13,0,0,0,Lincoln College of Technology-Grand Prairie,Grand Prairie,TX,-97.056391,32.701684,52,POINT (-97.056391 32.701684)
3197,226383,359,101,258,3,0,3,20,6,14,77,15,62,238,73,165,10,7,3,Lubbock Christian University,Lubbock,TX,-101.934426,33.575973,11,POINT (-101.934426 33.575973)
3198,226408,1194,480,714,26,9,17,209,66,143,404,147,257,506,238,268,8,6,2,College of the Mainland,Texas City,TX,-94.999602,29.39581,41,POINT (-94.999602 29.39581)
3199,226471,853,257,596,19,9,10,88,23,65,166,50,116,504,141,363,27,14,13,University of Mary Hardin-Baylor,Belton,TX,-97.463471,31.066793,49,POINT (-97.463471 31.066793)
3200,226578,1654,467,1187,27,15,12,186,44,142,569,142,427,813,242,571,0,0,0,McLennan Community College,Waco,TX,-97.171228,31.58947,59,POINT (-97.171228 31.58947)
3201,226587,232,102,130,5,1,4,24,10,14,53,24,29,122,51,71,13,11,2,McMurry University,Abilene,TX,-99.748682,32.429776,15,POINT (-99.748682 32.429776)
3202,226675,190,24,166,6,2,4,17,0,17,70,6,64,77,13,64,0,0,0,Covenant School of Nursing and Allied Health,Lubbock,TX,-101.937872,33.5757,20,POINT (-101.937872 33.5757)
3203,226806,720,290,430,14,6,8,56,23,33,407,151,256,202,96,106,21,10,11,Midland College,Midland,TX,-102.106153,32.029646,20,POINT (-102.106153 32.029646)
3204,226833,1345,452,893,35,15,20,162,51,111,224,82,142,709,228,481,142,55,87,Midwestern State University,Wichita Falls,TX,-98.519386,33.874809,73,POINT (-98.519386 33.874809)
3205,226860,40,2,38,0,0,0,1,0,1,18,1,17,21,1,20,0,0,0,William Edge Institute,New Braunfels,TX,-98.100952,29.698282,0,POINT (-98.100952 29.698282)
3206,226879,54,7,47,3,0,3,13,1,12,14,3,11,23,3,20,0,0,0,Wade College,Dallas,TX,-96.819516,32.800854,1,POINT (-96.819516 32.800854)
3207,226903,653,299,354,15,8,7,106,57,49,283,99,184,212,121,91,0,0,0,Southern Careers Institute-Austin,Austin,TX,-97.784318,30.226743,37,POINT (-97.784318 30.226743)
3208,227058,58,1,57,0,0,0,25,0,25,20,1,19,8,0,8,4,0,4,Tint School of Makeup & Cosmetology,Irving,TX,-96.983082,32.829511,1,POINT (-96.983082 32.829511)
3209,227146,1288,491,797,16,7,9,178,63,115,238,77,161,778,312,466,22,11,11,Navarro College,Corsicana,TX,-96.498731,32.076061,56,POINT (-96.498731 32.076061)
3210,227182,10085,3773,6312,774,322,452,1233,390,843,4014,1488,2526,3062,1209,1853,480,181,299,Lone Star College System,The Woodlands,TX,-95.488103,30.18737,522,POINT (-95.488103 30.18737)
3211,227216,10600,4479,6121,644,291,353,1246,447,799,2485,963,1522,4751,2071,2680,915,470,445,University of North Texas,Denton,TX,-97.148422,33.211178,559,POINT (-97.148422 33.211178)
3212,227225,562,179,383,5,3,2,43,11,32,205,67,138,283,85,198,14,7,7,Northeast Texas Community College,Mount Pleasant,TX,-94.881855,33.104931,12,POINT (-94.881855 33.104931)
3213,227289,30,28,2,2,2,0,1,1,0,11,11,0,5,5,0,10,8,2,Oblate School of Theology,San Antonio,TX,-98.503113,29.505434,1,POINT (-98.503113 29.505434)
3214,227298,169,161,8,1,1,0,23,19,4,54,54,0,81,78,3,0,0,0,Ocean Corporation,Houston,TX,-95.57034,29.665467,10,POINT (-95.57034 29.665467)
3215,227304,1291,415,876,13,4,9,69,22,47,850,272,578,305,96,209,19,9,10,Odessa College,Odessa,TX,-102.383477,31.866812,35,POINT (-102.383477 31.866812)
3216,227313,256,2,254,6,1,5,124,1,123,64,0,64,39,0,39,0,0,0,Ogle School Hair Skin Nails-Arlington,Arlington,TX,-97.140906,32.720698,23,POINT (-97.140906 32.720698)
3217,227322,306,7,299,4,0,4,55,2,53,100,3,97,132,2,130,0,0,0,Ogle School Hair Skin Nails-Ft Worth,Fort Worth,TX,-97.417657,32.681742,15,POINT (-97.417657 32.681742)
3218,227331,820,165,655,7,4,3,127,16,111,482,103,379,116,30,86,7,5,2,Our Lady of the Lake University,San Antonio,TX,-98.54365,29.426194,81,POINT (-98.54365 29.426194)
3219,227368,6957,2494,4463,165,84,81,121,42,79,6155,2161,3994,330,124,206,62,34,28,The University of Texas Rio Grande Valley,Edinburg,TX,-98.173567,26.306759,124,POINT (-98.173567 26.306759)
3220,227377,978,369,609,1,0,1,2,1,1,927,345,582,22,8,14,6,3,3,Texas Southmost College,Brownsville,TX,-97.492241,25.899628,20,POINT (-97.492241 25.899628)
3221,227386,618,241,377,5,3,2,82,21,61,92,37,55,410,166,244,11,5,6,Panola College,Carthage,TX,-94.356355,32.156214,18,POINT (-94.356355 32.156214)
3222,227401,1542,620,922,22,7,15,104,37,67,309,133,176,1033,416,617,10,3,7,Paris Junior College,Paris,TX,-95.529177,33.650929,64,POINT (-95.529177 33.650929)
3223,227429,91,39,52,0,0,0,71,32,39,14,4,10,3,1,2,2,2,0,Paul Quinn College,Dallas,TX,-96.755778,32.678837,1,POINT (-96.755778 32.678837)
3224,227526,1756,619,1137,57,33,24,1400,458,942,149,57,92,39,13,26,68,42,26,Prairie View A & M University,Prairie View,TX,-95.989475,30.092425,43,POINT (-95.989475 30.092425)
3225,227687,454,171,283,1,0,1,15,7,8,128,49,79,268,93,175,21,12,9,Ranger College,Ranger,TX,-98.685215,32.456773,21,POINT (-98.685215 32.456773)
3226,227748,103,99,4,9,9,0,18,16,2,41,40,1,30,29,1,0,0,0,Aviation Institute of Maintenance-Houston,Houston,TX,-95.28262,29.65852,5,POINT (-95.28262 29.65852)
3227,227757,2193,1250,943,438,202,236,106,50,56,251,139,112,751,467,284,519,315,204,Rice University,Houston,TX,-95.402035,29.717897,128,POINT (-95.402035 29.717897)
3228,227845,1023,368,655,25,9,16,59,20,39,443,143,300,383,140,243,50,28,22,Saint Edward's University,Austin,TX,-97.754998,30.229618,63,POINT (-97.754998 30.229618)
3229,227854,1582,696,886,35,10,25,214,78,136,983,434,549,318,155,163,0,0,0,St Philip's College,San Antonio,TX,-98.453285,29.41508,32,POINT (-98.453285 29.41508)
3230,227863,972,294,678,74,30,44,128,28,100,404,102,302,221,78,143,105,43,62,University of St Thomas,Houston,TX,-95.393102,29.736438,40,POINT (-95.393102 29.736438)
3231,227881,5288,1786,3502,123,43,80,750,227,523,1317,376,941,2731,1012,1719,98,53,45,Sam Houston State University,Huntsville,TX,-95.546205,30.714738,269,POINT (-95.546205 30.714738)
3232,227924,3519,1285,2234,124,43,81,295,118,177,2154,753,1401,864,337,527,5,2,3,San Antonio College,San Antonio,TX,-98.497647,29.44634,77,POINT (-98.497647 29.44634)
3233,227979,5906,2075,3831,370,156,214,474,136,338,3418,1139,2279,1368,531,837,76,36,40,San Jacinto Community College,Pasadena,TX,-95.114677,29.660032,200,POINT (-95.114677 29.660032)
3234,228042,345,128,217,5,2,3,10,2,8,127,49,78,192,68,124,2,2,0,Schreiner University,Kerrville,TX,-99.130586,30.031458,9,POINT (-99.130586 30.031458)
3235,228088,23,2,21,0,0,0,1,0,1,14,2,12,8,0,8,0,0,0,Seguin Beauty School-Seguin,Seguin,TX,-97.96436,29.569142,0,POINT (-97.96436 29.569142)
3236,228149,927,414,513,26,11,15,41,21,20,532,219,313,209,104,105,61,34,27,St. Mary's University,San Antonio,TX,-98.562778,29.453244,58,POINT (-98.562778 29.453244)
3237,228158,1396,573,823,17,7,10,67,25,42,716,255,461,558,270,288,20,10,10,South Plains College,Levelland,TX,-102.365075,33.575904,18,POINT (-102.365075 33.575904)
3238,228185,8,7,1,0,0,0,0,0,0,8,7,1,0,0,0,0,0,0,South Texas Barber College Inc,Corpus Christi,TX,-97.417156,27.754868,0,POINT (-97.417156 27.754868)
3239,228194,277,125,152,15,4,11,25,5,20,75,32,43,141,70,71,0,0,0,South Texas College of Law Houston,Houston,TX,-95.36455,29.753171,21,POINT (-95.36455 29.753171)
3240,228200,245,127,118,0,0,0,1,1,0,232,119,113,8,4,4,0,0,0,South Texas Vocational Technical Institute-Weslaco,Weslaco,TX,-98.006077,26.176606,4,POINT (-98.006077 26.176606)
3241,228219,347,142,205,0,0,0,3,2,1,266,121,145,77,19,58,0,0,0,Miller-Motte College-STVT-McAllen,McAllen,TX,-98.238293,26.188539,1,POINT (-98.238293 26.188539)
3242,228246,3689,1913,1776,263,130,133,231,102,129,444,196,248,2107,1125,982,483,290,193,Southern Methodist University,Dallas,TX,-96.783365,32.843612,161,POINT (-96.783365 32.843612)
3243,228282,39,7,32,1,0,1,1,0,1,34,6,28,3,1,2,0,0,0,Southwest School of Business and Technical Careers-San Antonio,San Antonio,TX,-98.49583,29.357965,0,POINT (-98.49583 29.357965)
3244,228316,1315,575,740,4,2,2,10,7,3,1180,504,676,102,57,45,0,0,0,Southwest Texas Junior College,Uvalde,TX,-99.741237,29.219671,19,POINT (-99.741237 29.219671)
3245,228325,413,192,221,8,3,5,49,27,22,64,26,38,250,119,131,4,2,2,Southwestern Assemblies of God University,Waxahachie,TX,-96.853492,32.40443,38,POINT (-96.853492 32.40443)
3246,228343,308,122,186,10,4,6,14,7,7,73,37,36,196,71,125,4,1,3,Southwestern University,Georgetown,TX,-97.665738,30.634341,11,POINT (-97.665738 30.634341)
3247,228431,2880,940,1940,32,8,24,400,112,288,489,139,350,1791,618,1173,34,17,17,Stephen F Austin State University,Nacogdoches,TX,-94.64908,31.621056,134,POINT (-94.64908 31.621056)
3248,228459,9071,3577,5494,275,104,171,723,280,443,3291,1210,2081,4210,1761,2449,180,71,109,Texas State University,San Marcos,TX,-97.943029,29.888885,392,POINT (-97.943029 29.888885)
3249,228468,137,44,93,3,0,3,15,6,9,60,18,42,38,9,29,2,2,0,Southwestern Adventist University,Keene,TX,-97.32702,32.397617,19,POINT (-97.32702 32.397617)
3250,228486,18,6,12,0,0,0,18,6,12,0,0,0,0,0,0,0,0,0,Southwestern Christian College,Terrell,TX,-96.285649,32.735508,0,POINT (-96.285649 32.735508)
3251,228501,564,185,379,3,2,1,18,10,8,373,103,270,143,57,86,7,4,3,Sul Ross State University,Alpine,TX,-103.651469,30.363139,20,POINT (-103.651469 30.363139)
3252,228529,3512,1266,2246,55,24,31,279,115,164,692,207,485,2322,852,1470,29,14,15,Tarleton State University,Stephenville,TX,-98.214866,32.214988,135,POINT (-98.214866 32.214988)
3253,228547,7050,2614,4436,468,197,271,1185,377,808,2408,801,1607,2495,1041,1454,123,49,74,Tarrant County College District,Fort Worth,TX,-97.337149,32.757362,371,POINT (-97.337149 32.757362)
3254,228608,735,210,525,25,10,15,102,24,78,186,53,133,380,112,268,1,0,1,Temple College,Temple,TX,-97.350471,31.070715,41,POINT (-97.350471 31.070715)
3255,228635,628,313,315,99,45,54,28,9,19,55,27,28,191,92,99,175,103,72,University of Texas Southwestern Medical Center,Dallas,TX,-96.841156,32.812307,80,POINT (-96.841156 32.812307)
3256,228644,1330,504,826,131,53,78,64,20,44,542,199,343,500,195,305,34,14,20,The University of Texas Health Science Center at San Antonio,San Antonio,TX,-98.575655,29.508107,59,POINT (-98.575655 29.508107)
3257,228653,1235,279,956,260,77,183,87,15,72,239,54,185,573,117,456,13,4,9,The University of Texas Medical Branch at Galveston,Galveston,TX,-94.775956,29.310758,63,POINT (-94.775956 29.310758)
3258,228699,682,258,424,3,0,3,199,61,138,63,26,37,387,155,232,6,2,4,Texarkana College,Texarkana,TX,-94.078,33.441868,24,POINT (-94.078 33.441868)
3259,228705,1753,835,918,30,13,17,62,40,22,1067,407,660,259,133,126,315,233,82,Texas A & M University-Kingsville,Kingsville,TX,-97.882387,27.525168,20,POINT (-97.882387 27.525168)
3260,228723,17990,9003,8987,1258,676,582,515,221,294,3729,1714,2015,10149,5011,5138,1602,1029,573,Texas A & M University-College Station,College Station,TX,-96.336475,30.618726,737,POINT (-96.336475 30.618726)
3261,228769,13690,4652,9038,1317,544,773,1748,370,1378,3261,971,2290,4833,1339,3494,1976,1267,709,The University of Texas at Arlington,Arlington,TX,-97.11296,32.729718,555,POINT (-97.11296 32.729718)
3262,228778,14268,6624,7644,2693,1321,1372,563,202,361,3024,1224,1800,5991,2823,3168,1290,720,570,The University of Texas at Austin,Austin,TX,-97.738273,30.282825,707,POINT (-97.738273 30.282825)
3263,228787,8192,4359,3833,2064,1000,1064,361,167,194,1026,505,521,2262,1214,1048,1962,1211,751,The University of Texas at Dallas,Richardson,TX,-96.749702,32.984673,517,POINT (-96.749702 32.984673)
3264,228796,5236,2245,2991,71,33,38,158,88,70,4094,1653,2441,440,201,239,398,241,157,The University of Texas at El Paso,El Paso,TX,-106.504098,31.77015,75,POINT (-106.504098 31.77015)
3265,228802,3003,1089,1914,148,62,86,324,111,213,579,210,369,1747,605,1142,76,49,27,The University of Texas at Tyler,Tyler,TX,-95.254337,32.315772,129,POINT (-95.254337 32.315772)
3266,228866,85,41,44,13,7,6,4,3,1,18,9,9,41,18,23,0,0,0,Texas Chiropractic College Foundation Inc,Pasadena,TX,-95.150135,29.663702,9,POINT (-95.150135 29.663702)
3267,228875,2821,1156,1665,104,38,66,146,65,81,429,170,259,1908,767,1141,117,64,53,Texas Christian University,Fort Worth,TX,-97.364758,32.70961,117,POINT (-97.364758 32.70961)
3268,228884,94,46,48,0,0,0,87,41,46,6,4,2,1,1,0,0,0,0,Texas College,Tyler,TX,-95.312454,32.37456,0,POINT (-95.312454 32.37456)
3269,228909,808,299,509,237,87,150,62,22,40,121,57,64,330,117,213,13,3,10,University of North Texas Health Science Center,Fort Worth,TX,-97.369138,32.749907,45,POINT (-97.369138 32.749907)
3270,228981,303,118,185,3,1,2,20,14,6,121,37,84,144,63,81,2,1,1,Texas Lutheran University,Seguin,TX,-97.982669,29.573261,13,POINT (-97.982669 29.573261)
3271,229018,1359,534,825,37,14,23,89,37,52,326,121,205,778,308,470,35,18,17,The University of Texas Permian Basin,Odessa,TX,-102.329634,31.889509,94,POINT (-102.329634 31.889509)
3272,229027,7720,3550,4170,432,207,225,566,213,353,4336,1910,2426,1789,899,890,247,149,98,The University of Texas at San Antonio,San Antonio,TX,-98.620657,29.583709,350,POINT (-98.620657 29.583709)
3273,229063,1417,541,876,87,46,41,1025,340,685,123,46,77,61,33,28,103,71,32,Texas Southern University,Houston,TX,-95.361113,29.721046,18,POINT (-95.361113 29.721046)
3274,229115,8861,4244,4617,320,166,154,522,267,255,2221,957,1264,4836,2307,2529,590,367,223,Texas Tech University,Lubbock,TX,-101.874783,33.583448,372,POINT (-101.874783 33.583448)
3275,229160,621,238,383,24,9,15,94,40,54,161,52,109,244,90,154,45,27,18,Texas Wesleyan University,Fort Worth,TX,-97.279613,32.732962,53,POINT (-97.279613 32.732962)
3276,229179,4139,422,3717,398,70,328,708,45,663,1088,110,978,1656,155,1501,116,27,89,Texas Woman's University,Denton,TX,-97.127842,33.226211,173,POINT (-97.127842 33.226211)
3277,229267,663,295,368,48,22,26,31,17,14,149,52,97,374,174,200,24,11,13,Trinity University,San Antonio,TX,-98.48186,29.462682,37,POINT (-98.48186 29.462682)
3278,229300,1742,465,1277,365,98,267,198,27,171,322,77,245,635,195,440,108,37,71,The University of Texas Health Science Center at Houston,Houston,TX,-95.403183,29.702873,114,POINT (-95.403183 29.702873)
3279,229337,2368,524,1844,214,68,146,212,46,166,536,125,411,1289,253,1036,28,10,18,Texas Tech University Health Sciences Center,Lubbock,TX,-101.891915,33.589284,89,POINT (-101.891915 33.589284)
3280,229355,2273,738,1535,35,13,22,332,94,238,620,187,433,1137,387,750,30,17,13,Tyler Junior College,Tyler,TX,-95.284122,32.33601,119,POINT (-95.284122 32.33601)
3281,229416,634,603,31,12,10,2,64,60,4,291,281,10,158,148,10,0,0,0,Universal Technical Institute of Texas Inc.,Houston,TX,-95.412113,29.990487,109,POINT (-95.412113 29.990487)
3282,229425,58,0,58,0,0,0,0,0,0,58,0,58,0,0,0,0,0,0,UCAS University of Cosmetology Arts & Sciences-McAllen,McAllen,TX,-98.21787,26.279439,0,POINT (-98.21787 26.279439)
3283,229504,523,165,358,13,5,8,36,10,26,137,44,93,316,103,213,2,0,2,Vernon College,Vernon,TX,-99.319094,34.159298,19,POINT (-99.319094 34.159298)
3284,229522,38,5,33,0,0,0,5,1,4,27,4,23,4,0,4,0,0,0,Victoria Beauty College Inc,Victoria,TX,-96.990854,28.807928,2,POINT (-96.990854 28.807928)
3285,229540,491,179,312,11,6,5,26,7,19,222,72,150,220,88,132,1,0,1,Victoria College,Victoria,TX,-96.979226,28.816446,11,POINT (-96.979226 28.816446)
3286,229656,148,6,142,0,0,0,3,0,3,135,6,129,3,0,3,0,0,0,Vogue College of Cosmetology-McAllen,McAllen,TX,-98.223022,26.232656,7,POINT (-98.223022 26.232656)
3287,229780,1316,653,663,41,20,21,290,151,139,352,153,199,481,249,232,17,10,7,Wayland Baptist University,Plainview,TX,-101.730042,34.187677,135,POINT (-101.730042 34.187677)
3288,229799,907,278,629,8,1,7,30,6,24,170,51,119,656,200,456,0,0,0,Weatherford College,Weatherford,TX,-97.792629,32.74133,43,POINT (-97.792629 32.74133)
3289,229814,2514,991,1523,76,35,41,125,60,65,609,201,408,1485,592,893,105,58,47,West Texas A & M University,Canyon,TX,-101.914736,34.982789,114,POINT (-101.914736 34.982789)
3290,229832,284,182,102,0,0,0,25,19,6,117,71,46,119,75,44,16,11,5,Western Texas College,Snyder,TX,-100.914945,32.678458,7,POINT (-100.914945 32.678458)
3291,229841,731,322,409,53,22,31,90,40,50,325,129,196,259,130,129,0,0,0,Wharton County Junior College,Wharton,TX,-96.085815,29.3238,4,POINT (-96.085815 29.3238)
3292,229887,131,53,78,0,0,0,110,40,70,1,1,0,6,5,1,12,6,6,Wiley College,Marshall,TX,-94.376814,32.537641,2,POINT (-94.376814 32.537641)
3293,230010,836,413,423,5,3,2,5,3,2,86,37,49,681,332,349,0,0,0,Bridgerland Technical College,Logan,UT,-111.850619,41.756188,59,POINT (-111.850619 41.756188)
3294,230038,7594,3758,3836,181,94,87,27,12,15,495,236,259,6202,3076,3126,287,147,140,Brigham Young University,Provo,UT,-111.649281,40.250851,402,POINT (-111.649281 40.250851)
3295,230047,643,253,390,20,12,8,1,0,1,28,10,18,174,60,114,305,129,176,Brigham Young University-Hawaii,Laie,HI,-157.926586,21.642074,115,POINT (-157.926586 21.642074)
3296,230056,78,18,60,2,1,1,2,1,1,15,2,13,57,12,45,0,0,0,Broadview College,West Jordan,UT,-111.942296,40.609883,2,POINT (-111.942296 40.609883)
3297,230065,209,2,207,8,1,7,4,0,4,74,0,74,112,1,111,2,0,2,Cameo College of Essential Beauty,Murray,UT,-111.887832,40.645694,9,POINT (-111.887832 40.645694)
3298,230144,48,3,45,0,0,0,1,0,1,6,1,5,27,1,26,0,0,0,Collectiv Academy,Sandy,UT,-111.851661,40.56441,14,POINT (-111.851661 40.56441)
3299,230162,1418,505,913,25,9,16,18,7,11,166,50,116,1105,399,706,0,0,0,Davis Technical College,Kaysville,UT,-111.925227,41.028956,104,POINT (-111.925227 41.028956)
3300,230171,2500,939,1561,27,6,21,36,16,20,281,96,185,1974,748,1226,38,20,18,Dixie State University,Saint George,UT,-113.565903,37.102769,144,POINT (-113.565903 37.102769)
3301,230199,25,1,24,0,0,0,0,0,0,1,0,1,24,1,23,0,0,0,Evans Hairstyling College-Cedar City,Cedar City,UT,-113.064394,37.679851,0,POINT (-113.064394 37.679851)
3302,230205,37,7,30,0,0,0,0,0,0,4,1,3,33,6,27,0,0,0,Evans Hairstyling College-St George,Saint George,UT,-113.56287,37.108487,0,POINT (-113.56287 37.108487)
3303,230214,105,13,92,1,0,1,1,1,0,24,3,21,60,8,52,2,0,2,Paul Mitchell the School-Salt Lake City,Holladay,UT,-111.835077,40.666643,17,POINT (-111.835077 40.666643)
3304,230366,75,10,65,3,0,3,4,1,3,16,1,15,46,8,38,0,0,0,Eagle Gate College-Murray,Murray,UT,-111.903609,40.649984,6,POINT (-111.903609 40.649984)
3305,230418,455,228,227,9,4,5,3,3,0,74,44,30,177,79,98,175,94,81,Ensign College,Salt Lake City,UT,-111.9002,40.77113,17,POINT (-111.9002 40.77113)
3306,230490,937,404,533,16,5,11,20,11,9,247,94,153,632,284,348,0,0,0,Ogden-Weber Technical College,Ogden,UT,-111.964808,41.264286,22,POINT (-111.964808 41.264286)
3307,230597,1389,514,875,8,3,5,9,5,4,74,28,46,1221,439,782,34,25,9,Snow College,Ephraim,UT,-111.58296,39.360177,43,POINT (-111.58296 39.360177)
3308,230603,2619,1094,1525,43,19,24,57,33,24,166,67,99,2025,802,1223,156,95,61,Southern Utah University,Cedar City,UT,-113.070146,37.674617,172,POINT (-113.070146 37.674617)
3309,230676,689,422,267,5,0,5,3,2,1,50,24,26,603,382,221,0,0,0,Uintah Basin Technical College,Roosevelt,UT,-109.97534,40.299059,28,POINT (-109.97534 40.299059)
3310,230728,6527,2807,3720,93,36,57,52,28,24,365,139,226,5333,2296,3037,73,52,21,Utah State University,Logan,UT,-111.81391,41.740748,611,POINT (-111.81391 41.740748)
3311,230737,10311,5346,4965,185,92,93,77,45,32,1043,485,558,8377,4385,3992,102,60,42,Utah Valley University,Orem,UT,-111.716456,40.281078,527,POINT (-111.716456 40.281078)
3312,230746,4658,2036,2622,207,84,123,96,50,46,882,369,513,3097,1373,1724,76,34,42,Salt Lake Community College,Salt Lake City,UT,-111.942809,40.671575,300,POINT (-111.942809 40.671575)
3313,230764,8070,4046,4024,425,204,221,101,41,60,889,363,526,5469,2806,2663,580,323,257,University of Utah,Salt Lake City,UT,-111.846044,40.762484,606,POINT (-111.846044 40.762484)
3314,230782,5788,2385,3403,112,44,68,62,31,31,535,197,338,4479,1864,2615,83,44,39,Weber State University,Ogden,UT,-111.944845,41.192591,517,POINT (-111.944845 41.192591)
3315,230807,655,237,418,18,8,10,18,8,10,73,21,52,459,166,293,21,13,8,Westminster College,Salt Lake City,UT,-111.855757,40.730779,66,POINT (-111.855757 40.730779)
3316,230816,179,46,133,3,0,3,3,1,2,18,4,14,115,32,83,31,9,22,Bennington College,Bennington,VT,-73.237799,42.919547,9,POINT (-73.237799 42.919547)
3317,230834,415,168,247,4,2,2,15,11,4,7,2,5,359,141,218,9,5,4,Castleton University,Castleton,VT,-73.180842,43.608397,21,POINT (-73.180842 43.608397)
3318,230852,1382,698,684,54,30,24,121,49,72,111,53,58,940,492,448,2,0,2,Champlain College,Burlington,VT,-73.202746,44.473287,154,POINT (-73.202746 44.473287)
3319,230861,486,124,362,4,2,2,11,2,9,12,4,8,421,101,320,8,4,4,Community College of Vermont,Montpelier,VT,-72.573774,44.280811,30,POINT (-72.573774 44.280811)
3320,230889,142,39,103,1,1,0,9,2,7,1,0,1,68,18,50,1,0,1,Goddard College,Plainfield,VT,-72.438388,44.279087,62,POINT (-72.438388 44.279087)
3321,230913,509,179,330,2,0,2,14,9,5,18,10,8,418,142,276,3,0,3,Northern Vermont University,Johnson,VT,-72.671154,44.641736,54,POINT (-72.671154 44.641736)
3322,230959,711,332,379,51,16,35,24,9,15,69,32,37,440,207,233,73,40,33,Middlebury College,Middlebury,VT,-73.176068,44.009117,54,POINT (-73.176068 44.009117)
3323,230995,1192,867,325,36,27,9,77,55,22,83,58,25,857,623,234,0,0,0,Norwich University,Northfield,VT,-72.659783,44.140237,139,POINT (-72.659783 44.140237)
3324,231004,52,4,48,0,0,0,1,0,1,1,0,1,45,3,42,0,0,0,O'Briens Aveda Institute,Williston,VT,-73.102721,44.447199,5,POINT (-73.102721 44.447199)
3325,231059,405,166,239,9,4,5,5,3,2,23,14,9,326,127,199,18,12,6,Saint Michael's College,Colchester,VT,-73.167069,44.494558,24,POINT (-73.167069 44.494558)
3326,231068,50,18,32,1,0,1,2,2,0,5,1,4,29,7,22,5,3,2,SIT Graduate Institute,Brattleboro,VT,-72.56738,42.891035,8,POINT (-72.56738 42.891035)
3327,231095,32,11,21,0,0,0,1,1,0,0,0,0,21,7,14,4,0,4,Sterling College,Craftsbury Common,VT,-72.382372,44.65225,6,POINT (-72.382372 44.65225)
3328,231147,317,141,176,15,10,5,23,10,13,20,8,12,214,97,117,12,0,12,Vermont Law School,South Royalton,VT,-72.520919,43.821406,33,POINT (-72.520919 43.821406)
3329,231165,573,211,362,8,3,5,11,4,7,9,2,7,509,190,319,12,6,6,Vermont Technical College,Randolph,VT,-72.604498,43.939623,24,POINT (-72.604498 43.939623)
3330,231174,3344,1284,2060,107,38,69,53,21,32,149,57,92,2661,1003,1658,164,95,69,University of Vermont,Burlington,VT,-73.196646,44.477325,210,POINT (-73.196646 44.477325)
3331,231280,49,1,48,0,0,0,6,0,6,2,0,2,38,1,37,0,0,0,Paul Mitchell the School-Roanoke,Roanoke,VA,-79.95759,37.255284,3,POINT (-79.95759 37.255284)
3332,231411,297,272,25,9,8,1,121,110,11,25,23,2,132,122,10,0,0,0,Advanced Technology Institute,Virginia Beach,VA,-76.182268,36.841381,10,POINT (-76.182268 36.841381)
3333,231420,353,133,220,3,2,1,81,34,47,8,1,7,221,78,143,13,9,4,Averett University,Danville,VA,-79.413203,36.577287,27,POINT (-79.413203 36.577287)
3334,231536,732,248,484,18,8,10,26,8,18,95,32,63,558,188,370,4,2,2,Blue Ridge Community College,Weyers Cave,VA,-78.937471,38.279075,31,POINT (-78.937471 38.279075)
3335,231554,374,120,254,5,1,4,45,18,27,11,6,5,159,46,113,6,6,0,Bluefield University,Bluefield,VA,-81.246233,37.244557,148,POINT (-81.246233 37.244557)
3336,231581,347,127,220,4,1,3,45,16,29,28,14,14,241,82,159,7,5,2,Bridgewater College,Bridgewater,VA,-78.969007,38.378484,22,POINT (-78.969007 38.378484)
3337,231624,2558,1174,1384,146,77,69,179,68,111,194,74,120,1599,741,858,208,108,100,William & Mary,Williamsburg,VA,-76.708214,37.269489,232,POINT (-76.708214 37.269489)
3338,231651,2282,821,1461,94,40,54,682,208,474,155,61,94,1179,458,721,14,5,9,Regent University,Virginia Beach,VA,-76.194627,36.801173,158,POINT (-76.194627 36.801173)
3339,231688,11,1,10,0,0,0,6,1,5,0,0,0,5,0,5,0,0,0,Central School of Practical Nursing,Norfolk,VA,-76.210274,36.869309,0,POINT (-76.210274 36.869309)
3340,231697,698,310,388,19,9,10,99,30,69,27,11,16,498,235,263,4,3,1,Central Virginia Community College,Lynchburg,VA,-79.184238,37.358809,51,POINT (-79.184238 37.358809)
3341,231712,1185,496,689,42,14,28,63,20,43,88,40,48,905,380,525,3,2,1,Christopher Newport University,Newport News,VA,-76.494364,37.062495,84,POINT (-76.494364 37.062495)
3342,231721,1,1,0,0,0,0,1,1,0,0,0,0,0,0,0,0,0,0,Allegiance Beauty School,Norfolk,VA,-76.256366,36.913171,0,POINT (-76.256366 36.913171)
3343,231785,434,52,382,18,1,17,243,27,216,24,1,23,125,21,104,0,0,0,Bryant & Stratton College-Virginia Beach,Virginia Beach,VA,-76.13819,36.827826,24,POINT (-76.13819 36.827826)
3344,231873,185,56,129,2,1,1,6,2,4,4,3,1,165,48,117,0,0,0,Dabney S Lancaster Community College,Clifton Forge,VA,-79.852536,37.812275,8,POINT (-79.852536 37.812275)
3345,231882,602,289,313,13,4,9,138,32,106,30,11,19,393,226,167,2,0,2,Danville Community College,Danville,VA,-79.408803,36.565286,26,POINT (-79.408803 36.565286)
3346,231970,488,184,304,91,49,42,82,21,61,4,3,1,264,96,168,0,0,0,Eastern Virginia Medical School,Norfolk,VA,-76.300694,36.861232,47,POINT (-76.300694 36.861232)
3347,232016,71,13,58,2,1,1,39,7,32,5,2,3,12,1,11,0,0,0,Centura College-Virginia Beach,Virginia Beach,VA,-76.064499,36.837648,13,POINT (-76.064499 36.837648)
3348,232025,305,112,193,4,2,2,11,6,5,10,8,2,205,72,133,1,1,0,Emory & Henry College,Emory,VA,-81.829142,36.772857,74,POINT (-81.829142 36.772857)
3349,232043,341,94,247,5,3,2,23,12,11,17,6,11,264,63,201,9,4,5,Eastern Mennonite University,Harrisonburg,VA,-78.880326,38.471134,23,POINT (-78.880326 38.471134)
3350,232052,69,21,48,1,0,1,23,4,19,11,5,6,31,10,21,1,1,0,Eastern Shore Community College,Melfa,VA,-75.751129,37.639652,2,POINT (-75.751129 37.639652)
3351,232089,163,80,83,1,0,1,41,25,16,10,4,6,95,43,52,1,1,0,Ferrum College,Ferrum,VA,-80.021639,36.926912,15,POINT (-80.021639 36.926912)
3352,232186,10615,4477,6138,1774,772,1002,1075,370,705,1308,506,802,4680,2042,2638,980,465,515,George Mason University,Fairfax,VA,-77.307428,38.829976,798,POINT (-77.307428 38.829976)
3353,232195,1193,396,797,56,22,34,153,42,111,160,49,111,723,254,469,4,0,4,Germanna Community College,Locust Grove,VA,-77.78012,38.375532,97,POINT (-77.78012 38.375532)
3354,232256,212,210,2,0,0,0,13,13,0,10,10,0,179,178,1,0,0,0,Hampden-Sydney College,Hampden-Sydney,VA,-78.464216,37.240615,10,POINT (-78.464216 37.240615)
3355,232265,866,276,590,7,1,6,813,255,558,9,3,6,22,9,13,13,8,5,Hampton University,Hampton,VA,-76.339161,37.019944,2,POINT (-76.339161 37.019944)
3356,232308,200,15,185,4,0,4,19,3,16,18,3,15,124,6,118,14,1,13,Hollins University,Roanoke,VA,-79.943277,37.354201,21,POINT (-79.943277 37.354201)
3357,232414,1305,442,863,86,39,47,397,96,301,99,24,75,617,249,368,20,5,15,J Sargeant Reynolds Community College,Richmond,VA,-77.473918,37.636837,86,POINT (-77.473918 37.636837)
3358,232423,5574,2113,3461,235,92,143,280,117,163,368,141,227,4202,1556,2646,89,46,43,James Madison University,Harrisonburg,VA,-78.870484,38.436311,400,POINT (-78.870484 38.436311)
3359,232450,1173,477,696,55,22,33,220,69,151,139,53,86,669,304,365,8,0,8,Brightpoint Community College,Chester,VA,-77.407919,37.346254,82,POINT (-77.407919 37.346254)
3360,232557,23987,9746,14241,365,161,204,3387,1203,2184,1314,541,773,12618,5256,7362,321,146,175,Liberty University,Lynchburg,VA,-79.18222,37.350232,5982,POINT (-79.18222 37.350232)
3361,232566,960,251,709,5,1,4,92,28,64,44,11,33,751,195,556,8,4,4,Longwood University,Farmville,VA,-78.39575,37.301137,60,POINT (-78.39575 37.301137)
3362,232575,1277,420,857,25,9,16,41,13,28,133,47,86,991,328,663,5,1,4,Laurel Ridge Community College,Middletown,VA,-78.267336,39.036001,82,POINT (-78.267336 39.036001)
3363,232609,932,342,590,27,10,17,101,37,64,50,17,33,655,244,411,12,5,7,University of Lynchburg,Lynchburg,VA,-79.181653,37.399774,87,POINT (-79.181653 37.399774)
3364,232618,158,13,145,1,0,1,5,0,5,0,0,0,90,6,84,0,0,0,Centra College,Lynchburg,VA,-79.174101,37.4051,62,POINT (-79.174101 37.4051)
3365,232672,421,56,365,7,2,5,47,5,42,13,0,13,228,23,205,0,0,0,Mary Baldwin University,Staunton,VA,-79.069273,38.153884,126,POINT (-79.069273 38.153884)
3366,232681,1180,355,825,36,9,27,79,19,60,106,35,71,830,250,580,13,6,7,University of Mary Washington,Fredericksburg,VA,-77.476055,38.302492,116,POINT (-77.476055 38.302492)
3367,232706,1027,308,719,82,25,57,142,43,99,179,41,138,396,111,285,168,73,95,Marymount University,Arlington,VA,-77.128785,38.905562,60,POINT (-77.128785 38.905562)
3368,232724,10,0,10,0,0,0,2,0,2,1,0,1,7,0,7,0,0,0,Sovah School of Health Professions,Danville,VA,-79.405312,36.577965,0,POINT (-79.405312 36.577965)
3369,232788,635,202,433,3,0,3,7,6,1,3,0,3,610,194,416,0,0,0,Mountain Empire Community College,Big Stone Gap,VA,-82.758277,36.854421,12,POINT (-82.758277 36.854421)
3370,232797,248,30,218,11,9,2,67,4,63,9,0,9,67,6,61,4,2,2,American National University,Salem,VA,-80.023602,37.299743,90,POINT (-80.023602 37.299743)
3371,232867,609,278,331,6,3,3,20,11,9,17,8,9,528,239,289,12,5,7,New River Community College,Dublin,VA,-80.69605,37.105239,26,POINT (-80.69605 37.105239)
3372,232885,141,10,131,11,1,10,8,2,6,6,0,6,98,7,91,0,0,0,Sentara College of Health Sciences,Chesapeake,VA,-76.243308,36.777043,18,POINT (-76.243308 36.777043)
3373,232919,438,384,54,6,6,0,219,193,26,34,28,6,142,125,17,0,0,0,Tidewater Tech-Trades,Norfolk,VA,-76.234223,36.866307,37,POINT (-76.234223 36.866307)
3374,232937,835,280,555,7,3,4,657,205,452,32,13,19,42,17,25,10,7,3,Norfolk State University,Norfolk,VA,-76.261375,36.848429,87,POINT (-76.261375 36.848429)
3375,232946,7799,3514,4285,1435,675,760,1154,480,674,1864,749,1115,2553,1258,1295,241,95,146,Northern Virginia Community College,Annandale,VA,-77.236718,38.833361,552,POINT (-77.236718 38.833361)
3376,232982,5211,2091,3120,259,120,139,1213,404,809,401,154,247,2724,1128,1596,170,112,58,Old Dominion University,Norfolk,VA,-76.30666,36.886418,444,POINT (-76.30666 36.886418)
3377,233019,526,204,322,6,3,3,90,23,67,50,25,25,362,146,216,2,2,0,Patrick Henry Community College,Martinsville,VA,-79.871133,36.737893,16,POINT (-79.871133 36.737893)
3378,233037,157,33,124,2,1,1,69,5,64,4,2,2,74,21,53,0,0,0,Paul D Camp Community College,Franklin,VA,-76.93757,36.674527,8,POINT (-76.93757 36.674527)
3379,233082,65,3,62,1,0,1,12,0,12,2,0,2,46,3,43,0,0,0,Southside College of Health Sciences,Colonial Heights,VA,-77.400278,37.267704,4,POINT (-77.400278 37.267704)
3380,233116,846,287,559,37,16,21,67,20,47,70,17,53,596,206,390,11,4,7,Piedmont Virginia Community College,Charlottesville,VA,-78.483707,38.006895,65,POINT (-78.483707 38.006895)
3381,233277,2263,761,1502,48,17,31,291,88,203,135,47,88,1587,532,1055,13,9,4,Radford University,Radford,VA,-80.549728,37.136907,189,POINT (-80.549728 37.136907)
3382,233286,102,7,95,1,0,1,34,4,30,6,1,5,60,2,58,0,0,0,Sylvain Melloul International Hair Academy,Lynchburg,VA,-79.179789,37.364298,1,POINT (-79.179789 37.364298)
3383,233295,341,152,189,5,2,3,28,13,15,17,8,9,270,119,151,4,1,3,Randolph-Macon College,Ashland,VA,-77.478416,37.76043,17,POINT (-77.478416 37.76043)
3384,233301,127,53,74,5,3,2,19,8,11,11,8,3,82,28,54,1,1,0,Randolph College,Lynchburg,VA,-79.171887,37.437315,9,POINT (-79.171887 37.437315)
3385,233310,508,136,372,9,4,5,92,17,75,24,7,17,328,90,238,0,0,0,Rappahannock Community College,Glenns,VA,-76.623913,37.564425,55,POINT (-76.623913 37.564425)
3386,233329,163,16,147,1,0,1,112,9,103,7,0,7,29,4,25,0,0,0,Fortis College-Norfolk,Norfolk,VA,-76.190241,36.846983,14,POINT (-76.190241 36.846983)
3387,233338,191,75,116,1,1,0,65,19,46,13,7,6,85,32,53,16,10,6,Richard Bland College,South Prince George,VA,-77.399932,37.156972,11,POINT (-77.399932 37.156972)
3388,233356,184,11,173,12,0,12,15,0,15,2,0,2,147,10,137,0,0,0,Bon Secours Memorial College of Nursing,Richmond,VA,-77.433569,37.646698,8,POINT (-77.433569 37.646698)
3389,233374,1084,494,590,80,37,43,86,31,55,82,27,55,671,326,345,73,31,42,University of Richmond,University of Richmond,VA,-77.538806,37.577393,92,POINT (-77.538806 37.577393)
3390,233408,169,11,158,5,1,4,24,1,23,13,0,13,111,6,105,0,0,0,Riverside College of Health Careers,Newport News,VA,-76.456164,37.034972,16,POINT (-76.456164 37.034972)
3391,233426,413,161,252,2,1,1,18,8,10,18,9,9,344,130,214,11,7,4,Roanoke College,Salem,VA,-80.055467,37.294861,20,POINT (-80.055467 37.294861)
3392,233480,15,2,13,1,0,1,1,0,1,0,0,0,12,2,10,0,0,0,Bon Secours St Mary's Hospital School of Medical Imaging,Richmond,VA,-77.433569,37.646698,1,POINT (-77.433569 37.646698)
3393,233541,1227,350,877,68,19,49,107,32,75,59,19,40,642,203,439,4,1,3,Shenandoah University,Winchester,VA,-78.157433,39.167355,347,POINT (-78.157433 39.167355)
3394,233602,13,6,7,0,0,0,0,0,0,1,0,1,12,6,6,0,0,0,Southeastern Free Will Baptist Bible College,Wendell,NC,-78.4164,35.80023,0,POINT (-78.4164 35.80023)
3395,233611,198,82,116,0,0,0,6,4,2,11,6,5,160,65,95,6,3,3,Southern Virginia University,Buena Vista,VA,-79.35037,37.740368,15,POINT (-79.35037 37.740368)
3396,233639,780,259,521,9,3,6,233,51,182,37,13,24,455,177,278,3,0,3,Southside Virginia Community College,Alberta,VA,-77.917962,36.839066,43,POINT (-77.917962 36.839066)
3397,233648,524,152,372,2,2,0,5,1,4,3,2,1,503,143,360,0,0,0,Southwest Virginia Community College,Cedar Bluff,VA,-81.796682,37.006196,11,POINT (-81.796682 37.006196)
3398,233666,12,0,12,0,0,0,0,0,0,0,0,0,11,0,11,0,0,0,Staunton School of Cosmetology,Staunton,VA,-79.070811,38.149508,1,POINT (-79.070811 38.149508)
3399,233684,1276,493,783,64,36,28,619,187,432,110,50,60,358,169,189,43,18,25,Strayer University-Virginia,Arlington,VA,-77.085294,38.890995,82,POINT (-77.085294 38.890995)
3400,233718,62,0,62,0,0,0,8,0,8,7,0,7,43,0,43,0,0,0,Sweet Briar College,Sweet Briar,VA,-79.081014,37.556725,4,POINT (-79.081014 37.556725)
3401,233754,948,345,603,36,16,20,238,70,168,96,30,66,492,192,300,0,0,0,Virginia Peninsula Community College,Hampton,VA,-76.420046,37.063821,86,POINT (-76.420046 37.063821)
3402,233772,2963,1138,1825,160,66,94,759,253,506,244,77,167,1561,651,910,14,7,7,Tidewater Community College,Norfolk,VA,-76.289904,36.8501,225,POINT (-76.289904 36.8501)
3403,233842,36,13,23,1,1,0,6,2,4,1,0,1,27,9,18,0,0,0,Union Presbyterian Seminary,Richmond,VA,-77.449314,37.578928,1,POINT (-77.449314 37.578928)
3404,233897,226,104,122,0,0,0,16,11,5,0,0,0,182,80,102,0,0,0,University of Virginia's College at Wise,Wise,VA,-82.559656,36.970602,28,POINT (-82.559656 36.970602)
3405,233903,428,161,267,5,3,2,3,2,1,9,5,4,401,148,253,0,0,0,Virginia Highlands Community College,Abingdon,VA,-82.001118,36.698866,10,POINT (-82.001118 36.698866)
3406,233921,9402,5168,4234,834,434,400,398,193,205,594,312,282,5953,3182,2771,983,695,288,Virginia Polytechnic Institute and State University,Blacksburg,VA,-80.423675,37.229012,640,POINT (-80.423675 37.229012)
3407,233949,984,420,564,31,16,15,84,25,59,45,18,27,783,344,439,4,1,3,Virginia Western Community College,Roanoke,VA,-79.973011,37.245029,37,POINT (-79.973011 37.245029)
3408,234030,7376,2760,4616,973,371,602,1203,392,811,637,220,417,3617,1406,2211,229,119,110,Virginia Commonwealth University,Richmond,VA,-77.452697,37.54962,717,POINT (-77.452697 37.54962)
3409,234076,7534,3528,4006,968,443,525,452,185,267,460,208,252,4352,2023,2329,717,375,342,University of Virginia-Main Campus,Charlottesville,VA,-78.503428,38.035665,585,POINT (-78.503428 38.035665)
3410,234085,402,360,42,15,13,2,20,17,3,36,30,6,315,286,29,7,6,1,Virginia Military Institute,Lexington,VA,-79.437067,37.7896,9,POINT (-79.437067 37.7896)
3411,234119,41,9,32,0,0,0,37,8,29,3,1,2,1,0,1,0,0,0,Asher Institute of Hampton,Hampton,VA,-76.425917,37.026859,0,POINT (-76.425917 37.026859)
3412,234155,724,281,443,5,2,3,648,236,412,1,0,1,33,20,13,26,18,8,Virginia State University,Petersburg,VA,-77.419026,37.234692,11,POINT (-77.419026 37.234692)
3413,234164,278,121,157,0,0,0,255,110,145,5,2,3,4,3,1,7,4,3,Virginia Union University,Richmond,VA,-77.450903,37.562405,7,POINT (-77.450903 37.562405)
3414,234173,334,138,196,10,3,7,65,27,38,35,9,26,192,88,104,3,1,2,Virginia Wesleyan University,Virginia Beach,VA,-76.18606,36.868417,29,POINT (-76.18606 36.868417)
3415,234207,562,292,270,29,12,17,13,4,9,33,14,19,440,241,199,20,7,13,Washington and Lee University,Lexington,VA,-79.443018,37.788939,27,POINT (-79.443018 37.788939)
3416,234377,531,131,400,3,2,1,29,6,23,16,3,13,475,118,357,0,0,0,Wytheville Community College,Wytheville,VA,-81.071181,36.95731,8,POINT (-81.071181 36.95731)
3417,234669,2608,1093,1515,463,194,269,89,41,48,250,95,155,991,397,594,275,112,163,Bellevue College,Bellevue,WA,-122.150118,47.584014,540,POINT (-122.150118 47.584014)
3418,234696,869,456,413,27,13,14,8,4,4,85,41,44,581,302,279,0,0,0,Bellingham Technical College,Bellingham,WA,-122.51216,48.766189,168,POINT (-122.51216 48.766189)
3419,234711,597,238,359,13,5,8,2,1,1,244,78,166,284,124,160,0,0,0,Big Bend Community College,Moses Lake,WA,-119.325678,47.183651,54,POINT (-119.325678 47.183651)
3420,234827,3093,1297,1796,195,98,97,98,51,47,491,165,326,1554,675,879,88,28,60,Central Washington University,Ellensburg,WA,-120.538368,47.002687,667,POINT (-120.538368 47.002687)
3421,234845,614,245,369,15,5,10,15,11,4,74,24,50,434,166,268,4,4,0,Centralia College,Centralia,WA,-122.960591,46.715017,72,POINT (-122.960591 46.715017)
3422,234915,644,245,399,46,14,32,39,18,21,39,13,26,279,103,176,122,62,60,City University of Seattle,Seattle,WA,-122.344594,47.617381,119,POINT (-122.344594 47.617381)
3423,234924,147,17,130,0,0,0,4,1,3,55,3,52,41,1,40,0,0,0,Paul Mitchell the School-Richland,Richland,WA,-119.246059,46.22626,47,POINT (-119.246059 46.22626)
3424,234933,1720,610,1110,105,52,53,15,6,9,194,65,129,1177,402,775,13,7,6,Clark College,Vancouver,WA,-122.651257,45.636133,216,POINT (-122.651257 45.636133)
3425,234951,1149,577,572,92,49,43,121,51,70,115,55,60,582,314,268,8,4,4,Clover Park Technical College,Lakewood,WA,-122.497873,47.176084,231,POINT (-122.497873 47.176084)
3426,234979,1671,555,1116,42,10,32,11,4,7,702,211,491,759,282,477,0,0,0,Columbia Basin College,Pasco,WA,-119.12103,46.25216,157,POINT (-119.12103 46.25216)
3427,235024,128,42,86,9,3,6,5,2,3,23,9,14,61,23,38,4,1,3,Cornish College of the Arts,Seattle,WA,-122.336238,47.618174,26,POINT (-122.336238 47.618174)
3428,235088,240,229,11,2,2,0,7,6,1,15,14,1,153,147,6,0,0,0,Divers Institute of Technology,Seattle,WA,-122.340894,47.647402,63,POINT (-122.340894 47.647402)
3429,235097,3170,1252,1918,94,37,57,91,48,43,432,141,291,2061,792,1269,113,94,19,Eastern Washington University,Cheney,WA,-117.583808,47.490667,379,POINT (-117.583808 47.490667)
3430,235103,1380,599,781,178,73,105,104,43,61,134,50,84,544,235,309,220,105,115,Edmonds College,Lynnwood,WA,-122.327598,47.816376,200,POINT (-122.327598 47.816376)
3431,235149,1587,576,1011,127,54,73,39,16,23,155,44,111,945,342,603,71,39,32,Everett Community College,Everett,WA,-122.204736,48.006626,250,POINT (-122.204736 48.006626)
3432,235158,90,17,73,7,0,7,3,2,1,17,3,14,47,9,38,0,0,0,Paroba College of Cosmetology,Everett,WA,-122.243673,47.907818,16,POINT (-122.243673 47.907818)
3433,235167,758,303,455,16,9,7,46,22,24,101,35,66,479,188,291,3,2,1,The Evergreen State College,Olympia,WA,-122.977492,47.07382,113,POINT (-122.977492 47.07382)
3434,235237,1750,589,1161,143,55,88,104,40,64,266,85,181,892,294,598,51,20,31,Pierce College District,Lakewood,WA,-122.570935,47.172082,294,POINT (-122.570935 47.172082)
3435,235307,76,5,71,4,0,4,0,0,0,2,0,2,55,4,51,0,0,0,Glen Dow Academy of Hair Design,Spokane,WA,-117.416526,47.657719,15,POINT (-117.416526 47.657719)
3436,235316,2091,925,1166,84,37,47,47,18,29,187,79,108,1497,668,829,50,17,33,Gonzaga University,Spokane,WA,-117.400625,47.666531,226,POINT (-117.400625 47.666531)
3437,235334,392,171,221,6,4,2,15,12,3,52,22,30,258,102,156,0,0,0,Grays Harbor College,Aberdeen,WA,-123.803068,46.953881,61,POINT (-123.803068 46.953881)
3438,235343,2201,1038,1163,278,141,137,104,39,65,223,102,121,951,444,507,255,152,103,Green River College,Auburn,WA,-122.175819,47.313648,390,POINT (-122.175819 47.313648)
3439,235352,45,10,35,5,1,4,0,0,0,8,1,7,28,8,20,0,0,0,Toni & Guy Hairdressing Academy-Shoreline,Shoreline,WA,-122.344548,47.761696,4,POINT (-122.344548 47.761696)
3440,235422,276,83,193,15,4,11,3,2,1,140,30,110,76,29,47,1,1,0,Heritage University,Toppenish,WA,-120.394972,46.3748,41,POINT (-120.394972 46.3748)
3441,235431,1029,359,670,215,75,140,111,30,81,127,40,87,293,106,187,73,36,37,Highline College,Des Moines,WA,-122.303064,47.388231,210,POINT (-122.303064 47.388231)
3442,235501,409,199,210,8,2,6,70,27,43,48,14,34,119,59,60,0,0,0,International Air and Hospitality Academy,Vancouver,WA,-122.639759,45.627871,164,POINT (-122.639759 45.627871)
3443,235547,310,48,262,32,7,25,20,3,17,35,6,29,175,25,150,7,3,4,Bastyr University,Kenmore,WA,-122.251708,47.729935,41,POINT (-122.251708 47.729935)
3444,235583,66,4,62,6,0,6,3,0,3,5,1,4,35,2,33,1,0,1,Highlights Beauty Schools,Mountlake Terrace,WA,-122.312814,47.779174,16,POINT (-122.312814 47.779174)
3445,235671,616,283,333,38,10,28,47,19,28,79,36,43,298,159,139,0,0,0,Bates Technical College,Tacoma,WA,-122.44683,47.251743,154,POINT (-122.44683 47.251743)
3446,235699,858,262,596,103,20,83,25,7,18,101,30,71,412,122,290,41,14,27,Lake Washington Institute of Technology,Kirkland,WA,-122.167131,47.705077,176,POINT (-122.167131 47.705077)
3447,235750,567,173,394,9,1,8,5,2,3,65,16,49,428,134,294,7,3,4,Lower Columbia College,Longview,WA,-122.935928,46.14214,53,POINT (-122.935928 46.14214)
3448,236018,51,17,34,1,0,1,23,13,10,6,1,5,12,2,10,0,0,0,BJ's Beauty & Barber College,Tacoma,WA,-122.483385,47.208428,9,POINT (-122.483385 47.208428)
3449,236072,965,389,576,111,42,69,69,24,45,117,39,78,362,168,194,80,35,45,North Seattle College,Seattle,WA,-122.333584,47.698408,226,POINT (-122.333584 47.698408)
3450,236133,363,117,246,40,10,30,12,4,8,35,16,19,229,68,161,13,4,9,Northwest University,Kirkland,WA,-122.192763,47.657945,34,POINT (-122.192763 47.657945)
3451,236188,1869,881,988,126,67,59,48,22,26,175,67,108,1213,575,638,20,7,13,Olympic College,Bremerton,WA,-122.635113,47.574769,287,POINT (-122.635113 47.574769)
3452,236212,444,370,74,3,2,1,3,3,0,213,166,47,195,176,19,4,4,0,Perry Technical Institute,Yakima,WA,-120.537976,46.571492,26,POINT (-120.537976 46.571492)
3453,236230,727,233,494,87,24,63,33,11,22,66,20,46,426,128,298,20,11,9,Pacific Lutheran University,Tacoma,WA,-122.440421,47.14516,95,POINT (-122.440421 47.14516)
3454,236258,373,146,227,11,4,7,8,6,2,33,9,24,232,93,139,28,17,11,Peninsula College,Port Angeles,WA,-123.412865,48.101295,61,POINT (-123.412865 48.101295)
3455,236328,592,212,380,52,15,37,14,3,11,59,17,42,388,143,245,3,2,1,University of Puget Sound,Tacoma,WA,-122.478982,47.26308,76,POINT (-122.478982 47.26308)
3456,236382,621,276,345,126,59,67,87,29,58,87,35,52,227,115,112,3,0,3,Renton Technical College,Renton,WA,-122.176303,47.489206,91,POINT (-122.176303 47.489206)
3457,236452,555,313,242,65,45,20,30,21,9,66,34,32,292,156,136,27,19,8,Saint Martin's University,Lacey,WA,-122.816354,47.041068,75,POINT (-122.816354 47.041068)
3458,236504,476,207,269,79,34,45,46,12,34,52,22,30,146,77,69,83,30,53,South Seattle College,Seattle,WA,-122.352672,47.5475,70,POINT (-122.352672 47.5475)
3459,236513,1285,481,804,205,60,145,177,69,108,118,40,78,344,125,219,251,120,131,Seattle Central College,Seattle,WA,-122.321231,47.616748,190,POINT (-122.321231 47.616748)
3460,236577,1212,359,853,129,46,83,44,13,31,118,31,87,700,203,497,62,21,41,Seattle Pacific University,Seattle,WA,-122.361667,47.650214,159,POINT (-122.361667 47.650214)
3461,236595,2274,832,1442,308,102,206,104,33,71,238,79,159,961,346,615,325,157,168,Seattle University,Seattle,WA,-122.318851,47.608859,338,POINT (-122.318851 47.608859)
3462,236610,1347,558,789,136,42,94,67,26,41,111,51,60,549,216,333,274,149,125,Shoreline Community College,Shoreline,WA,-122.358626,47.747402,210,POINT (-122.358626 47.747402)
3463,236638,1115,404,711,43,12,31,17,15,2,229,60,169,686,263,423,20,10,10,Skagit Valley College,Mount Vernon,WA,-122.30894,48.437194,120,POINT (-122.30894 48.437194)
3464,236656,1298,448,850,106,32,74,36,14,22,137,49,88,734,249,485,46,20,26,South Puget Sound Community College,Olympia,WA,-122.929578,47.023698,239,POINT (-122.929578 47.023698)
3465,236692,1375,606,769,35,15,20,26,15,11,103,59,44,968,399,569,17,10,7,Spokane Community College,Spokane,WA,-117.360065,47.674034,226,POINT (-117.360065 47.674034)
3466,236708,1135,413,722,27,12,15,10,4,6,91,29,62,742,261,481,55,26,29,Spokane Falls Community College,Spokane,WA,-117.463538,47.676741,210,POINT (-117.463538 47.676741)
3467,236744,19,1,18,0,0,0,0,0,0,2,0,2,17,1,16,0,0,0,Stylemaster College of Hair Design,Longview,WA,-122.934592,46.136018,0,POINT (-122.934592 46.136018)
3468,236753,1345,382,963,100,22,78,91,26,65,157,35,122,673,203,470,61,26,35,Tacoma Community College,Tacoma,WA,-122.524793,47.244622,263,POINT (-122.524793 47.244622)
3469,236887,806,380,426,17,11,6,24,21,3,199,85,114,450,208,242,6,2,4,Walla Walla Community College,Walla Walla,WA,-118.276505,46.078557,110,POINT (-118.276505 46.078557)
3470,236896,433,177,256,23,11,12,8,4,4,81,33,48,271,110,161,14,7,7,Walla Walla University,College Place,WA,-118.389555,46.048088,36,POINT (-118.389555 46.048088)
3471,236939,7803,3473,4330,473,230,243,205,108,97,1044,434,610,4613,2001,2612,568,313,255,Washington State University,Pullman,WA,-117.158168,46.730448,900,POINT (-117.158168 46.730448)
3472,236948,13830,6136,7694,2774,1152,1622,411,179,232,1083,429,654,5835,2678,3157,2444,1179,1265,University of Washington-Seattle Campus,Seattle,WA,-122.30514,47.65538,1283,POINT (-122.30514 47.65538)
3473,236975,729,250,479,11,5,6,4,3,1,280,90,190,379,134,245,2,1,1,Wenatchee Valley College,Wenatchee,WA,-120.337198,47.431234,53,POINT (-120.337198 47.431234)
3474,237011,3737,1477,2260,201,75,126,36,14,22,377,140,237,2713,1074,1639,56,28,28,Western Washington University,Bellingham,WA,-122.485734,48.737812,354,POINT (-122.485734 48.737812)
3475,237039,1123,413,710,57,24,33,16,10,6,140,39,101,703,259,444,44,22,22,Whatcom Community College,Bellingham,WA,-122.493253,48.7939,163,POINT (-122.493253 48.7939)
3476,237057,315,130,185,22,9,13,4,3,1,26,9,17,193,79,114,28,12,16,Whitman College,Walla Walla,WA,-118.331546,46.069815,42,POINT (-118.331546 46.069815)
3477,237066,669,253,416,31,9,22,12,8,4,71,31,40,480,169,311,16,8,8,Whitworth University,Spokane,WA,-117.416714,47.753358,59,POINT (-117.416714 47.753358)
3478,237109,1019,245,774,17,7,10,6,2,4,584,120,464,329,90,239,4,2,2,Yakima Valley College,Yakima,WA,-120.528525,46.586098,79,POINT (-120.528525 46.586098)
3479,237118,180,75,105,6,2,4,31,21,10,8,3,5,125,46,79,5,2,3,Alderson Broaddus University,Philippi,WV,-80.047728,39.158067,5,POINT (-80.047728 39.158067)
3480,237127,24,0,24,0,0,0,0,0,0,0,0,0,24,0,24,0,0,0,Appalachian Beauty School,Belfry,KY,-82.266793,37.624479,0,POINT (-82.266793 37.624479)
3481,237136,56,28,28,1,0,1,1,1,0,1,1,0,46,22,24,6,3,3,Appalachian Bible College,Mount Hope,WV,-81.198867,37.853335,1,POINT (-81.198867 37.853335)
3482,237145,14,0,14,0,0,0,1,0,1,0,0,0,13,0,13,0,0,0,B M Spurr School of Practical Nursing,Glen Dale,WV,-80.752394,39.946126,0,POINT (-80.752394 39.946126)
3483,237172,22,18,4,0,0,0,0,0,0,0,0,0,22,18,4,0,0,0,Ben Franklin Career Center,Dunbar,WV,-81.75353,38.367234,0,POINT (-81.75353 38.367234)
3484,237181,98,52,46,1,1,0,14,12,2,1,1,0,71,33,38,1,1,0,Bethany College,Bethany,WV,-80.560056,40.205819,10,POINT (-80.560056 40.205819)
3485,237215,261,90,171,0,0,0,16,14,2,5,2,3,232,71,161,0,0,0,Bluefield State College,Bluefield,WV,-81.239037,37.265732,8,POINT (-81.239037 37.265732)
3486,237242,61,37,24,0,0,0,2,1,1,1,1,0,57,34,23,0,0,0,Cabell County Career Technology Center,Huntington,WV,-82.372418,38.403244,1,POINT (-82.372418 38.403244)
3487,237303,33,5,28,0,0,0,2,2,0,0,0,0,28,3,25,0,0,0,Charleston School of Beauty Culture,Charleston,WV,-81.634583,38.349945,3,POINT (-81.634583 38.349945)
3488,237312,972,606,366,26,15,11,90,55,35,45,38,7,495,251,244,38,32,6,University of Charleston,Charleston,WV,-81.616244,38.333367,278,POINT (-81.616244 38.333367)
3489,237321,19,4,15,0,0,0,0,0,0,0,0,0,19,4,15,0,0,0,Clarksburg Beauty Academy and School of Massage Therapy,Clarksburg,WV,-80.339054,39.279875,0,POINT (-80.339054 39.279875)
3490,237330,441,148,293,4,1,3,25,12,13,7,7,0,364,108,256,24,13,11,Concord University,Athens,WV,-81.006696,37.423723,17,POINT (-81.006696 37.423723)
3491,237358,176,64,112,1,0,1,13,5,8,5,3,2,90,25,65,11,8,3,Davis & Elkins College,Elkins,WV,-79.846022,38.931232,56,POINT (-79.846022 38.931232)
3492,237367,855,326,529,3,0,3,31,21,10,13,9,4,749,261,488,26,19,7,Fairmont State University,Fairmont,WV,-80.162433,39.483079,33,POINT (-80.162433 39.483079)
3493,237385,296,148,148,2,2,0,35,25,10,7,5,2,235,108,127,3,0,3,Glenville State University,Glenville,WV,-80.834295,38.93547,14,POINT (-80.834295 38.93547)
3494,237437,49,8,41,0,0,0,4,2,2,0,0,0,45,6,39,0,0,0,Huntington Junior College,Huntington,WV,-82.443234,38.419732,0,POINT (-82.443234 38.419732)
3495,237473,99,67,32,1,1,0,5,4,1,5,4,1,85,57,28,0,0,0,James Rumsey Technical Institute,Martinsburg,WV,-77.978583,39.5328,3,POINT (-77.978583 39.5328)
3496,237491,19,2,17,0,0,0,0,0,0,0,0,0,19,2,17,0,0,0,Ralph R Willis Career and Technical Center,Stollings,WV,-81.94289,37.82694,0,POINT (-81.94289 37.82694)
3497,237525,2638,1058,1580,32,18,14,116,51,65,60,28,32,2148,805,1343,131,89,42,Marshall University,Huntington,WV,-82.428964,38.422482,151,POINT (-82.428964 38.422482)
3498,237543,57,19,38,0,0,0,6,3,3,0,0,0,49,16,33,0,0,0,Mercer County Technical Education Center,Princeton,WV,-81.104647,37.360024,2,POINT (-81.104647 37.360024)
3499,237561,48,13,35,1,0,1,2,0,2,0,0,0,45,13,32,0,0,0,Monongalia County Technical Education Center,Morgantown,WV,-79.957275,39.611165,0,POINT (-79.957275 39.611165)
3500,237570,93,4,89,5,2,3,7,0,7,1,0,1,75,2,73,0,0,0,Morgantown Beauty College Inc,Morgantown,WV,-79.954593,39.628866,5,POINT (-79.954593 39.628866)
3501,237598,2,0,2,0,0,0,0,0,0,0,0,0,2,0,2,0,0,0,Mountain State College,Parkersburg,WV,-81.548845,39.273787,0,POINT (-81.548845 39.273787)
3502,237686,622,204,418,6,4,2,12,6,6,4,2,2,574,186,388,0,0,0,West Virginia University at Parkersburg,Parkersburg,WV,-81.506192,39.216379,26,POINT (-81.506192 39.216379)
3503,237701,288,134,154,1,1,0,14,7,7,5,1,4,247,117,130,1,0,1,Potomac State College of West Virginia University,Keyser,WV,-78.981441,39.438323,20,POINT (-78.981441 39.438323)
3504,237729,150,70,80,1,0,1,9,3,6,0,0,0,137,66,71,0,0,0,Academy of Careers and Technology,Beckley,WV,-81.165435,37.795299,3,POINT (-81.165435 37.795299)
3505,237783,349,148,201,1,1,0,50,24,26,16,5,11,155,60,95,53,30,23,Salem University,Salem,WV,-80.571767,39.288632,74,POINT (-80.571767 39.288632)
3506,237792,611,245,366,6,2,4,43,26,17,33,15,18,486,189,297,9,3,6,Shepherd University,Shepherdstown,WV,-77.804101,39.433071,34,POINT (-77.804101 39.433071)
3507,237817,320,100,220,0,0,0,5,1,4,0,0,0,312,98,214,0,0,0,Southern West Virginia Community and Technical College,Mount Gay,WV,-82.023014,37.851756,3,POINT (-82.023014 37.851756)
3508,237844,118,59,59,0,0,0,2,1,1,0,0,0,116,58,58,0,0,0,Fred W Eberle Technical Center,Buckhannon,WV,-80.225278,39.001908,0,POINT (-80.225278 39.001908)
3509,237880,178,78,100,34,12,22,7,4,3,6,1,5,120,58,62,0,0,0,West Virginia School of Osteopathic Medicine,Lewisburg,WV,-80.43782,37.804273,11,POINT (-80.43782 37.804273)
3510,237899,404,156,248,1,1,0,47,21,26,9,3,6,281,111,170,16,4,12,West Virginia State University,Institute,WV,-81.765034,38.380541,50,POINT (-81.765034 38.380541)
3511,237905,36,6,30,1,0,1,0,0,0,0,0,0,35,6,29,0,0,0,West Virginia University Hospital Departments of Rad Tech and Nutrition,Morgantown,WV,-79.957959,39.654269,0,POINT (-79.957959 39.654269)
3512,237932,568,192,376,3,2,1,13,8,5,7,4,3,462,152,310,1,0,1,West Liberty University,West Liberty,WV,-80.602256,40.164417,82,POINT (-80.602256 40.164417)
3513,237950,209,116,93,0,0,0,13,9,4,8,5,3,162,88,74,17,9,8,West Virginia University Institute of Technology,Beckley,WV,-81.184072,37.775924,9,POINT (-81.184072 37.775924)
3514,237969,233,99,134,2,1,1,12,11,1,11,3,8,179,68,111,14,9,5,West Virginia Wesleyan College,Buckhannon,WV,-80.218969,38.990661,15,POINT (-80.218969 38.990661)
3515,237987,130,13,117,0,0,0,19,2,17,0,0,0,110,11,99,0,0,0,West Virginia Junior College-Charleston,Cross Lanes,WV,-81.789743,38.422967,1,POINT (-81.789743 38.422967)
3516,237996,336,43,293,1,0,1,15,2,13,0,0,0,312,39,273,1,1,0,West Virginia Junior College-Morgantown,Morgantown,WV,-79.955006,39.63248,7,POINT (-79.955006 39.63248)
3517,238005,74,4,70,6,2,4,17,0,17,4,0,4,47,2,45,0,0,0,International Beauty School 4,Martinsburg,WV,-77.965463,39.456357,0,POINT (-77.965463 39.456357)
3518,238014,366,107,259,1,0,1,10,4,6,7,3,4,334,96,238,1,0,1,West Virginia Northern Community College,Wheeling,WV,-80.721263,40.063318,13,POINT (-80.721263 40.063318)
3519,238032,6454,3042,3412,129,59,70,249,134,115,224,109,115,5101,2273,2828,487,333,154,West Virginia University,Morgantown,WV,-79.954391,39.634371,264,POINT (-79.954391 39.634371)
3520,238078,213,80,133,5,3,2,23,15,8,8,3,5,153,47,106,1,1,0,Wheeling University,Wheeling,WV,-80.690804,40.070873,23,POINT (-80.690804 40.070873)
3521,238096,25,3,22,0,0,0,2,0,2,0,0,0,23,3,20,0,0,0,Wood County School of Practical Nursing,Parkersburg,WV,-81.54796,39.242596,0,POINT (-81.54796 39.242596)
3522,238175,82,1,81,4,0,4,6,0,6,16,0,16,48,1,47,0,0,0,VICI Beauty School,Greenfield,WI,-88.049912,42.969877,8,POINT (-88.049912 42.969877)
3523,238193,543,42,501,23,4,19,79,7,72,99,4,95,320,24,296,2,1,1,Alverno College,Milwaukee,WI,-87.965174,42.982842,20,POINT (-87.965174 42.982842)
3524,238263,2998,1075,1923,145,43,102,149,46,103,286,97,189,2142,775,1367,37,10,27,Madison Area Technical College,Madison,WI,-89.327921,43.12183,239,POINT (-89.327921 43.12183)
3525,238324,199,41,158,2,1,1,1,0,1,4,0,4,160,20,140,0,0,0,Bellin College,Green Bay,WI,-87.921722,44.468277,32,POINT (-87.921722 44.468277)
3526,238333,243,95,148,3,0,3,21,6,15,32,12,20,127,53,74,41,18,23,Beloit College,Beloit,WI,-89.029285,42.504022,19,POINT (-89.029285 42.504022)
3527,238397,674,163,511,6,3,3,21,3,18,71,17,54,504,119,385,8,3,5,Blackhawk Technical College,Janesville,WI,-89.016254,42.593159,64,POINT (-89.016254 42.593159)
3528,238430,474,143,331,17,4,13,79,23,56,51,16,35,256,76,180,61,22,39,Cardinal Stritch University,Milwaukee,WI,-87.909045,43.139752,10,POINT (-87.909045 43.139752)
3529,238458,900,286,614,37,11,26,9,2,7,57,21,36,736,236,500,15,9,6,Carroll University,Waukesha,WI,-88.228114,43.004527,46,POINT (-88.228114 43.004527)
3530,238476,601,241,360,11,3,8,35,21,14,71,31,40,415,158,257,14,6,8,Carthage College,Kenosha,WI,-87.820924,42.622969,55,POINT (-87.820924 42.622969)
3531,238616,1290,414,876,32,11,21,82,26,56,58,24,34,857,249,608,162,73,89,Concordia University-Wisconsin,Mequon,WI,-87.91552,43.253387,99,POINT (-87.91552 43.253387)
3532,238661,478,136,342,11,2,9,14,4,10,36,10,26,376,109,267,8,4,4,Edgewood College,Madison,WI,-89.422884,43.057059,33,POINT (-89.422884 43.057059)
3533,238722,3021,1520,1501,117,42,75,41,19,22,127,56,71,2299,1153,1146,25,11,14,Fox Valley Technical College,Appleton,WI,-88.45893,44.283174,412,POINT (-88.45893 44.283174)
3534,238759,2304,868,1436,30,12,18,217,60,157,471,149,322,1468,605,863,8,3,5,Gateway Technical College,Kenosha,WI,-87.846695,42.605677,110,POINT (-87.846695 42.605677)
3535,238810,15,0,15,0,0,0,0,0,0,1,0,1,14,0,14,0,0,0,The Professional Hair Design Academy,Eau Claire,WI,-91.461714,44.783374,0,POINT (-91.461714 44.783374)
3536,238980,647,221,426,29,13,16,34,17,17,32,12,20,491,157,334,25,12,13,Lakeland University,Plymouth,WI,-87.883414,43.841573,36,POINT (-87.883414 43.841573)
3537,239008,749,306,443,57,24,33,12,3,9,45,21,24,611,251,360,0,0,0,Lakeshore Technical College,Cleveland,WI,-87.75454,43.924774,24,POINT (-87.75454 43.924774)
3538,239017,274,121,153,12,5,7,25,15,10,28,14,14,170,72,98,26,11,15,Lawrence University,Appleton,WI,-88.397822,44.261323,13,POINT (-88.397822 44.261323)
3539,239071,212,92,120,5,2,3,1,0,1,6,2,4,182,78,104,0,0,0,Maranatha Baptist University,Watertown,WI,-88.737016,43.195013,18,POINT (-88.737016 43.195013)
3540,239080,364,89,275,6,3,3,12,2,10,21,3,18,286,70,216,8,6,2,Marian University,Fond Du Lac,WI,-88.420638,43.777411,31,POINT (-88.420638 43.777411)
3541,239105,3117,1345,1772,197,71,126,112,51,61,346,151,195,2154,938,1216,101,63,38,Marquette University,Milwaukee,WI,-87.927961,43.03903,207,POINT (-87.927961 43.03903)
3542,239169,398,179,219,47,21,26,19,7,12,33,15,18,255,117,138,18,10,8,Medical College of Wisconsin,Milwaukee,WI,-88.022674,43.044527,26,POINT (-88.022674 43.044527)
3543,239220,879,320,559,16,5,11,7,5,2,42,12,30,786,287,499,0,0,0,Mid-State Technical College,Wisconsin Rapids,WI,-89.783785,44.391091,28,POINT (-89.783785 44.391091)
3544,239248,2639,1045,1594,192,81,111,535,137,398,447,160,287,1187,510,677,10,3,7,Milwaukee Area Technical College,Milwaukee,WI,-87.920818,43.04359,268,POINT (-87.920818 43.04359)
3545,239309,158,42,116,6,1,5,6,2,4,22,9,13,117,27,90,1,0,1,Milwaukee Institute of Art & Design,Milwaukee,WI,-87.907925,43.030917,6,POINT (-87.907925 43.030917)
3546,239318,615,429,186,31,22,9,16,5,11,43,28,15,427,307,120,43,32,11,Milwaukee School of Engineering,Milwaukee,WI,-87.907691,43.045364,55,POINT (-87.907691 43.045364)
3547,239372,1325,419,906,15,2,13,71,54,17,54,24,30,1132,317,815,12,5,7,Moraine Park Technical College,Fond du Lac,WI,-88.417656,43.785224,41,POINT (-88.417656 43.785224)
3548,239390,341,15,326,19,1,18,25,1,24,52,3,49,231,8,223,3,0,3,Mount Mary University,Milwaukee,WI,-88.030732,43.072507,11,POINT (-88.030732 43.072507)
3549,239424,16,12,4,0,0,0,0,0,0,0,0,0,15,11,4,0,0,0,Nashotah House,Nashotah,WI,-88.423743,43.082193,1,POINT (-88.423743 43.082193)
3550,239442,434,142,292,2,0,2,3,1,2,13,2,11,385,129,256,0,0,0,Nicolet Area Technical College,Rhinelander,WI,-89.425055,45.609542,31,POINT (-89.425055 45.609542)
3551,239460,1784,700,1084,90,41,49,14,9,5,51,20,31,1500,572,928,0,0,0,Northcentral Technical College,Wausau,WI,-89.646369,44.986458,129,POINT (-89.646369 44.986458)
3552,239488,2814,924,1890,91,22,69,64,18,46,209,73,136,2334,780,1554,0,0,0,Northeast Wisconsin Technical College,Green Bay,WI,-88.105675,44.526467,116,POINT (-88.105675 44.526467)
3553,239512,113,50,63,3,3,0,1,1,0,2,1,1,99,43,56,0,0,0,Northland College,Ashland,WI,-90.87476,46.579087,8,POINT (-90.87476 46.579087)
3554,239628,148,45,103,3,1,2,5,3,2,14,5,9,117,33,84,5,2,3,Ripon College,Ripon,WI,-88.842333,43.844135,4,POINT (-88.842333 43.844135)
3555,239637,16,12,4,0,0,0,0,0,0,1,1,0,8,5,3,6,6,0,Sacred Heart Seminary and School of Theology,Franklin,WI,-88.04438,42.910829,1,POINT (-88.04438 42.910829)
3556,239716,447,187,260,6,4,2,4,2,2,13,5,8,409,167,242,6,5,1,Saint Norbert College,De Pere,WI,-88.067812,44.44483,9,POINT (-88.067812 44.44483)
3557,239877,35,2,33,2,0,2,0,0,0,4,1,3,29,1,28,0,0,0,State College of Beauty Culture Inc,Wausau,WI,-89.618062,44.936911,0,POINT (-89.618062 44.936911)
3558,239910,821,284,537,3,2,1,12,4,8,26,6,20,760,269,491,0,0,0,Southwest Wisconsin Technical College,Fennimore,WI,-90.637714,42.976238,20,POINT (-90.637714 42.976238)
3559,240107,971,254,717,12,2,10,63,16,47,38,10,28,791,187,604,34,28,6,Viterbo University,La Crosse,WI,-91.244297,43.803133,33,POINT (-91.244297 43.803133)
3560,240116,2290,948,1342,85,31,54,27,14,13,13,2,11,2009,817,1192,0,0,0,Chippewa Valley Technical College,Eau Claire,WI,-91.505675,44.794867,156,POINT (-91.505675 44.794867)
3561,240125,1996,875,1121,47,19,28,113,43,70,168,76,92,1494,657,837,0,0,0,Waukesha County Technical College,Pewaukee,WI,-88.256292,43.071444,174,POINT (-88.256292 43.071444)
3562,240170,1179,514,665,44,19,25,25,12,13,20,13,7,979,422,557,0,0,0,Western Technical College,La Crosse,WI,-91.246191,43.815309,111,POINT (-91.246191 43.815309)
3563,240189,2795,1342,1453,57,26,31,81,43,38,180,78,102,2362,1130,1232,29,19,10,University of Wisconsin-Whitewater,Whitewater,WI,-88.742368,42.835563,86,POINT (-88.742368 42.835563)
3564,240198,1075,445,630,9,3,6,8,4,4,18,6,12,975,412,563,0,0,0,Northwood Technical College,Shell Lake,WI,-91.916484,45.747831,65,POINT (-91.916484 45.747831)
3565,240213,25,5,20,1,0,1,0,0,0,2,1,1,21,3,18,0,0,0,Wisconsin School of Professional Psychology,Milwaukee,WI,-88.026735,43.10534,1,POINT (-88.026735 43.10534)
3566,240268,2394,857,1537,87,27,60,21,7,14,73,26,47,2082,749,1333,64,26,38,University of Wisconsin-Eau Claire,Eau Claire,WI,-91.501906,44.798284,67,POINT (-91.501906 44.798284)
3567,240277,1613,540,1073,65,27,38,28,13,15,77,23,54,1364,454,910,10,6,4,University of Wisconsin-Green Bay,Green Bay,WI,-87.919973,44.532298,69,POINT (-87.919973 44.532298)
3568,240329,2554,1051,1503,50,19,31,26,16,10,74,33,41,2294,918,1376,35,28,7,University of Wisconsin-La Crosse,La Crosse,WI,-91.23186,43.81568,75,POINT (-91.23186 43.81568)
3569,240338,273,115,158,4,0,4,13,3,10,18,8,10,224,94,130,2,1,1,Wisconsin Lutheran College,Milwaukee,WI,-88.022718,43.036943,12,POINT (-88.022718 43.036943)
3570,240365,2337,830,1507,71,20,51,46,20,26,121,37,84,1999,715,1284,12,7,5,University of Wisconsin-Oshkosh,Oshkosh,WI,-88.549369,44.026206,88,POINT (-88.549369 44.026206)
3571,240374,813,363,450,36,21,15,52,19,33,138,62,76,524,231,293,32,19,13,University of Wisconsin-Parkside,Kenosha,WI,-87.855231,42.647718,31,POINT (-87.855231 42.647718)
3572,240392,862,141,721,38,13,25,270,24,246,66,15,51,430,77,353,0,0,0,Herzing University-Madison,Madison,WI,-89.291561,43.14415,58,POINT (-89.291561 43.14415)
3573,240417,1727,867,860,64,25,39,25,14,11,47,26,21,1511,762,749,36,23,13,University of Wisconsin-Stout,Menomonie,WI,-91.926653,44.873187,44,POINT (-91.926653 44.873187)
3574,240426,641,202,439,9,1,8,9,5,4,12,7,5,558,167,391,34,17,17,University of Wisconsin-Superior,Superior,WI,-92.091007,46.717629,19,POINT (-92.091007 46.717629)
3575,240444,11842,5606,6236,680,313,367,250,112,138,615,294,321,7760,3509,4251,1911,1074,837,University of Wisconsin-Madison,Madison,WI,-89.404098,43.075409,626,POINT (-89.404098 43.075409)
3576,240453,5538,2416,3122,328,162,166,314,95,219,532,230,302,3783,1630,2153,319,197,122,University of Wisconsin-Milwaukee,Milwaukee,WI,-87.880488,43.076848,262,POINT (-87.880488 43.076848)
3577,240462,1734,1076,658,28,15,13,31,12,19,84,54,30,1513,949,564,39,23,16,University of Wisconsin-Platteville,Platteville,WI,-90.48622,42.733451,39,POINT (-90.48622 42.733451)
3578,240471,1412,504,908,30,17,13,23,13,10,48,14,34,1251,443,808,23,9,14,University of Wisconsin-River Falls,River Falls,WI,-92.622641,44.8534,37,POINT (-92.622641 44.8534)
3579,240480,1728,708,1020,44,23,21,24,15,9,59,27,32,1524,607,917,25,15,10,University of Wisconsin-Stevens Point,Stevens Point,WI,-89.570934,44.529582,52,POINT (-89.570934 44.529582)
3580,240505,644,246,398,7,3,4,14,10,4,53,21,32,519,198,321,13,4,9,Casper College,Casper,WY,-106.326712,42.832788,38,POINT (-106.326712 42.832788)
3581,240514,255,82,173,4,1,3,2,1,1,35,12,23,146,45,101,5,1,4,Central Wyoming College,Riverton,WY,-108.426738,43.030556,63,POINT (-108.426738 43.030556)
3582,240596,208,74,134,0,0,0,1,1,0,17,7,10,178,62,116,7,3,4,Eastern Wyoming College,Torrington,WY,-104.190823,42.079354,5,POINT (-104.190823 42.079354)
3583,240620,647,229,418,3,0,3,10,6,4,85,30,55,466,161,305,5,2,3,Laramie County Community College,Cheyenne,WY,-104.778789,41.104288,78,POINT (-104.778789 41.104288)
3584,240657,274,98,176,1,0,1,3,1,2,10,6,4,235,79,156,21,12,9,Northwest College,Powell,WY,-108.761853,44.760656,4,POINT (-108.761853 44.760656)
3585,240666,684,292,392,3,1,2,4,3,1,60,23,37,581,247,334,5,4,1,Northern Wyoming Community College District,Sheridan,WY,-106.941105,44.763926,31,POINT (-106.941105 44.763926)
3586,240693,311,120,191,2,0,2,5,2,3,44,15,29,229,94,135,17,7,10,Western Wyoming Community College,Rock Springs,WY,-109.237126,41.590964,14,POINT (-109.237126 41.590964)
3587,240709,29,5,24,0,0,0,1,1,0,10,3,7,18,1,17,0,0,0,Cheeks Beauty Academy,Cheyenne,WY,-104.816751,41.134123,0,POINT (-104.816751 41.134123)
3588,240718,492,474,18,5,5,0,5,5,0,78,75,3,382,370,12,1,1,0,WyoTech,Laramie,WY,-105.621161,41.30354,21,POINT (-105.621161 41.30354)
3589,240727,2870,1277,1593,40,17,23,20,14,6,181,87,94,2117,925,1192,141,88,53,University of Wyoming,Laramie,WY,-105.57931,41.311773,371,POINT (-105.57931 41.311773)
3590,240736,169,44,125,2,0,2,0,0,0,0,0,0,0,0,0,13,5,8,American Samoa Community College,Pago Pago,AS,-170.742774,-14.322636,154,POINT (-170.742774 -14.322636)
3591,240745,281,100,181,149,57,92,0,0,0,0,0,0,5,4,1,0,0,0,Guam Community College,Mangilao,GU,144.808944,13.440649,127,POINT (144.808944 13.440649)
3592,240754,632,241,391,282,112,170,4,1,3,4,3,1,17,6,11,6,2,4,University of Guam,Mangilao,GU,144.803978,13.433047,319,POINT (144.803978 13.433047)
3593,240790,242,87,155,121,53,68,0,0,0,3,2,1,2,0,2,24,5,19,Northern Marianas College,Saipan,MP,145.721733,15.152247,92,POINT (145.721733 15.152247)
3594,240879,115,26,89,0,0,0,0,0,0,115,26,89,0,0,0,0,0,0,Institute of Beauty Careers,Arecibo,PR,-66.719492,18.468413,0,POINT (-66.719492 18.468413)
3595,240985,34,11,23,0,0,0,0,0,0,34,11,23,0,0,0,0,0,0,Educational Technical College-Recinto de Bayamon,BAYAMON,PR,-66.151679,18.398885,0,POINT (-66.151679 18.398885)
3596,241100,89,41,48,0,0,0,0,0,0,89,41,48,0,0,0,0,0,0,American University of Puerto Rico,Bayamon,PR,-66.186631,18.407058,0,POINT (-66.186631 18.407058)
3597,241128,122,52,70,0,0,0,0,0,0,122,52,70,0,0,0,0,0,0,American University of Puerto Rico,Manati,PR,-66.478655,18.434072,0,POINT (-66.478655 18.434072)
3598,241146,138,33,105,0,0,0,0,0,0,138,33,105,0,0,0,0,0,0,American Educational College,Bayamon,PR,-66.15099,18.397931,0,POINT (-66.15099 18.397931)
3599,241182,147,28,119,0,0,0,0,0,0,147,28,119,0,0,0,0,0,0,Antilles School of Technical Careers,San Juan,PR,-66.059206,18.438416,0,POINT (-66.059206 18.438416)
3600,241191,207,79,128,0,0,0,5,2,3,199,76,123,3,1,2,0,0,0,Universidad Adventista de las Antillas,Mayaguez,PR,-67.111207,18.205685,0,POINT (-67.111207 18.205685)
3601,241216,239,155,84,0,0,0,0,0,0,239,155,84,0,0,0,0,0,0,Atlantic University College,Guaynabo,PR,-66.111714,18.357395,0,POINT (-66.111714 18.357395)
3602,241225,248,63,185,0,0,0,0,0,0,245,62,183,0,0,0,3,1,2,Universidad Central de Bayamon,Bayamón,PR,-66.180773,18.398864,0,POINT (-66.180773 18.398864)
3603,241304,1125,249,876,0,0,0,0,0,0,1125,249,876,0,0,0,0,0,0,Columbia Central University-Caguas,Caguas,PR,-66.022543,18.22329,0,POINT (-66.022543 18.22329)
3604,241331,446,59,387,0,0,0,1,0,1,435,56,379,1,0,1,1,1,0,Albizu University-San Juan,San Juan,PR,-66.113908,18.466573,8,POINT (-66.113908 18.466573)
3605,241377,203,63,140,0,0,0,0,0,0,203,63,140,0,0,0,0,0,0,Caribbean University-Bayamon,Bayamon,PR,-66.168315,18.383136,0,POINT (-66.168315 18.383136)
3606,241386,59,6,53,0,0,0,0,0,0,59,6,53,0,0,0,0,0,0,Caribbean University-Carolina,Carolina,PR,-65.960036,18.380193,0,POINT (-65.960036 18.380193)
3607,241395,132,32,100,0,0,0,0,0,0,128,30,98,0,0,0,0,0,0,Pontifical Catholic University of Puerto Rico-Arecibo,Arecibo,PR,-66.679114,18.446006,4,POINT (-66.679114 18.446006)
3608,241410,1091,352,739,0,0,0,1,0,1,1084,349,735,1,0,1,2,2,0,Pontifical Catholic University of Puerto Rico-Ponce,Ponce,PR,-66.617138,18.00165,3,POINT (-66.617138 18.00165)
3609,241517,108,29,79,0,0,0,0,0,0,108,29,79,0,0,0,0,0,0,CEM College-San Juan,San Juan,PR,-66.035797,18.393955,0,POINT (-66.035797 18.393955)
3610,241614,59,30,29,0,0,0,0,0,0,59,30,29,0,0,0,0,0,0,Universidad Teologica del Caribe,Trujillo Alto,PR,-66.010617,18.373928,0,POINT (-66.010617 18.373928)
3611,241720,299,98,201,0,0,0,0,0,0,299,98,201,0,0,0,0,0,0,Colegio Universitario de San Juan,San Juan,PR,-66.066529,18.428528,0,POINT (-66.066529 18.428528)
3612,241739,1923,577,1346,0,0,0,0,0,0,1923,577,1346,0,0,0,0,0,0,Universidad Ana G. Mendez-Cupey Campus,San Juan,PR,-66.061647,18.387183,0,POINT (-66.061647 18.387183)
3613,241766,56,38,18,0,0,0,0,0,0,52,34,18,0,0,0,4,4,0,Conservatory of Music of Puerto Rico,San Juan,PR,-66.078811,18.454016,0,POINT (-66.078811 18.454016)
3614,241793,60,28,32,0,0,0,0,0,0,60,28,32,0,0,0,0,0,0,Center for Advanced Studies On Puerto Rico and the Caribbean,San Juan,PR,-66.11841,18.466567,0,POINT (-66.11841 18.466567)
3615,241836,286,87,199,0,0,0,0,0,0,286,87,199,0,0,0,0,0,0,EDP University of Puerto Rico Inc-San Sebastian,San Sebastian,PR,-66.992287,18.338036,0,POINT (-66.992287 18.338036)
3616,241906,138,32,106,0,0,0,0,0,0,138,32,106,0,0,0,0,0,0,Emma's Beauty Academy-Mayaguez,Mayaguez,PR,-67.140563,18.201283,0,POINT (-67.140563 18.201283)
3617,241951,79,18,61,0,0,0,0,0,0,79,18,61,0,0,0,0,0,0,Escuela de Artes Plasticas y Diseno de Puerto Rico,San Juan,PR,-66.121348,18.46778,0,POINT (-66.121348 18.46778)
3618,242042,122,55,67,0,0,0,0,0,0,122,55,67,0,0,0,0,0,0,Instituto Tecnologico de Puerto Rico-Recinto de Manati,Manati,PR,-66.472476,18.432962,0,POINT (-66.472476 18.432962)
3619,242112,198,102,96,0,0,0,0,0,0,198,102,96,0,0,0,0,0,0,Huertas College,Caguas,PR,-66.025572,18.236147,0,POINT (-66.025572 18.236147)
3620,242121,114,37,77,0,0,0,0,0,0,114,37,77,0,0,0,0,0,0,Humacao Community College,Humacao,PR,-65.826857,18.148274,0,POINT (-65.826857 18.148274)
3621,242130,150,38,112,0,0,0,0,0,0,150,38,112,0,0,0,0,0,0,ICPR Junior College-Arecibo,Arecibo,PR,-66.759324,18.478059,0,POINT (-66.759324 18.478059)
3622,242149,157,43,114,0,0,0,0,0,0,157,43,114,0,0,0,0,0,0,ICPR Junior College-Mayaguez,Mayaguez,PR,-67.144762,18.202277,0,POINT (-67.144762 18.202277)
3623,242413,81,28,53,0,0,0,48,0,48,28,28,0,5,0,5,0,0,0,Richport Technical College,Baton Rouge,LA,-91.083628,30.390802,0,POINT (-91.083628 30.390802)
3624,242556,128,54,74,0,0,0,0,0,0,128,54,74,0,0,0,0,0,0,Instituto Tecnologico de Puerto Rico-Recinto de Guayama,Guayama,PR,-66.118728,17.977897,0,POINT (-66.118728 17.977897)
3625,242565,41,18,23,0,0,0,0,0,0,41,18,23,0,0,0,0,0,0,Instituto Tecnologico de Puerto Rico-Recinto de Ponce,Ponce,PR,-66.629804,17.999381,0,POINT (-66.629804 17.999381)
3626,242583,86,48,38,0,0,0,0,0,0,86,48,38,0,0,0,0,0,0,Instituto Tecnologico de Puerto Rico-Recinto de San Juan,San Juan,PR,-66.016003,18.411097,0,POINT (-66.016003 18.411097)
3627,242617,654,248,406,0,0,0,0,0,0,650,247,403,2,1,1,0,0,0,Inter American University of Puerto Rico-San German,San German,PR,-67.05082,18.08353,2,POINT (-67.05082 18.08353)
3628,242626,627,208,419,0,0,0,0,0,0,626,207,419,1,1,0,0,0,0,Inter American University of Puerto Rico-Aguadilla,Aguadilla,PR,-67.121671,18.467886,0,POINT (-67.121671 18.467886)
3629,242635,551,174,377,1,0,1,4,3,1,541,169,372,1,0,1,0,0,0,Inter American University of Puerto Rico-Arecibo,Arecibo,PR,-66.75901,18.47509,4,POINT (-66.75901 18.47509)
3630,242644,237,68,169,0,0,0,1,1,0,236,67,169,0,0,0,0,0,0,Inter American University of Puerto Rico-Barranquitas,Barranquitas,PR,-66.303153,18.182777,0,POINT (-66.303153 18.182777)
3631,242653,1461,490,971,4,0,4,17,6,11,1425,479,946,11,3,8,0,0,0,Inter American University of Puerto Rico-Metro,San Juan,PR,-66.077711,18.368988,4,POINT (-66.077711 18.368988)
3632,242662,703,201,502,1,1,0,0,0,0,697,199,498,3,1,2,0,0,0,Inter American University of Puerto Rico-Ponce,Mercedita,PR,-66.578498,18.007388,2,POINT (-66.578498 18.007388)
3633,242680,273,102,171,0,0,0,1,0,1,271,101,170,1,1,0,0,0,0,Inter American University of Puerto Rico-Fajardo,Fajardo,PR,-65.648052,18.329222,0,POINT (-65.648052 18.329222)
3634,242699,298,64,234,0,0,0,1,0,1,296,64,232,1,0,1,0,0,0,Inter American University of Puerto Rico-Guayama,Guayama,PR,-66.108164,17.96635,0,POINT (-66.108164 17.96635)
3635,242705,559,266,293,1,1,0,2,1,1,546,262,284,5,0,5,0,0,0,Inter American University of Puerto Rico-Bayamon,Bayamon,PR,-66.182473,18.351631,5,POINT (-66.182473 18.351631)
3636,242723,183,69,114,0,0,0,4,2,2,177,67,110,2,0,2,0,0,0,Inter American University of Puerto Rico-School of Law,San Juan,PR,-66.072656,18.428145,0,POINT (-66.072656 18.428145)
3637,242750,43,11,32,0,0,0,0,0,0,43,11,32,0,0,0,0,0,0,International Technical College,San Juan,PR,-66.057312,18.416999,0,POINT (-66.057312 18.416999)
3638,242820,534,422,112,0,0,0,0,0,0,534,422,112,0,0,0,0,0,0,Liceo de Arte y Tecnologia,San Juan,PR,-66.056421,18.421013,0,POINT (-66.056421 18.421013)
3639,242945,254,73,181,0,0,0,0,0,0,254,73,181,0,0,0,0,0,0,Modern Hairstyling Institute-Bayamon,Bayamon,PR,-66.155872,18.400061,0,POINT (-66.155872 18.400061)
3640,242954,95,31,64,0,0,0,0,0,0,95,31,64,0,0,0,0,0,0,Modern Hairstyling Institute-Arecibo,Arecibo,PR,-66.754059,18.47582,0,POINT (-66.754059 18.47582)
3641,242972,10955,3945,7010,32,11,21,476,166,310,9792,3528,6264,488,184,304,3,2,1,NUC University,Bayamon,PR,-66.157027,18.396872,164,POINT (-66.157027 18.396872)
3642,243081,174,73,101,2,1,1,0,0,0,167,69,98,5,3,2,0,0,0,Ponce Health Sciences University,Ponce,PR,-66.620307,17.993201,0,POINT (-66.620307 17.993201)
3643,243106,431,200,231,0,0,0,6,2,4,403,189,214,19,7,12,0,0,0,University of Puerto Rico-Aguadilla,Aguadilla,PR,-67.13793,18.498652,3,POINT (-67.13793 18.498652)
3644,243115,605,228,377,0,0,0,0,0,0,605,228,377,0,0,0,0,0,0,University of Puerto Rico-Arecibo,Arecibo,PR,-66.74114,18.469199,0,POINT (-66.74114 18.469199)
3645,243133,499,219,280,0,0,0,0,0,0,499,219,280,0,0,0,0,0,0,University of Puerto Rico-Bayamon,Bayamon,PR,-66.143541,18.371398,0,POINT (-66.143541 18.371398)
3646,243142,645,232,413,0,0,0,19,7,12,612,221,391,5,2,3,0,0,0,University of Puerto Rico-Carolina,Carolina,PR,-65.990165,18.392069,9,POINT (-65.990165 18.392069)
3647,243151,491,152,339,0,0,0,0,0,0,491,152,339,0,0,0,0,0,0,University of Puerto Rico-Cayey,Cayey,PR,-66.162066,18.11882,0,POINT (-66.162066 18.11882)
3648,243179,546,176,370,0,0,0,7,1,6,499,163,336,5,2,3,0,0,0,University of Puerto Rico-Humacao,Humacao,PR,-65.838602,18.146589,35,POINT (-65.838602 18.146589)
3649,243188,96,44,52,0,0,0,4,2,2,77,35,42,0,0,0,0,0,0,University of Puerto Rico-Utuado,Utuado,PR,-66.721667,18.254577,15,POINT (-66.721667 18.254577)
3650,243197,2013,973,1040,0,0,0,0,0,0,1887,913,974,0,0,0,38,21,17,University of Puerto Rico-Mayaguez,Mayaguez,PR,-67.139172,18.211142,88,POINT (-67.139172 18.211142)
3651,243203,679,189,490,1,1,0,0,0,0,677,187,490,1,1,0,0,0,0,University of Puerto Rico-Medical Sciences,San Juan,PR,-66.074894,18.396548,0,POINT (-66.074894 18.396548)
3652,243212,489,187,302,0,0,0,0,0,0,489,187,302,0,0,0,0,0,0,University of Puerto Rico at Ponce,Ponce,PR,-66.606215,17.993314,0,POINT (-66.606215 17.993314)
3653,243221,2178,736,1442,2,1,1,23,7,16,1653,556,1097,16,9,7,0,0,0,University of Puerto Rico-Rio Piedras,San Juan,PR,-66.050009,18.402826,484,POINT (-66.050009 18.402826)
3654,243346,1559,443,1116,0,0,0,0,0,0,1559,443,1116,0,0,0,0,0,0,Universidad Ana G. Mendez-Carolina Campus,Carolina,PR,-65.983869,18.414805,0,POINT (-65.983869 18.414805)
3655,243443,857,293,564,0,0,0,0,0,0,857,293,564,0,0,0,0,0,0,Universidad del Sagrado Corazon,Santurce,PR,-66.059617,18.441166,0,POINT (-66.059617 18.441166)
3656,243498,30,20,10,0,0,0,0,0,0,30,20,10,0,0,0,0,0,0,Seminario Evangelico de Puerto Rico,San Juan,PR,-66.052816,18.407003,0,POINT (-66.052816 18.407003)
3657,243568,111,53,58,0,0,0,0,0,0,101,47,54,2,1,1,0,0,0,Universidad Central Del Caribe,Bayamon,PR,-66.153758,18.366171,8,POINT (-66.153758 18.366171)
3658,243577,636,438,198,0,0,0,0,0,0,622,427,195,2,1,1,0,0,0,Universidad Politecnica de Puerto Rico,Hato Rey,PR,-66.056084,18.422195,12,POINT (-66.056084 18.422195)
3659,243586,213,59,154,0,0,0,0,0,0,211,58,153,0,0,0,0,0,0,Pontifical Catholic University of Puerto Rico-Mayaguez,Mayaguez,PR,-67.145695,18.182375,2,POINT (-67.145695 18.182375)
3660,243601,2654,928,1726,0,0,0,0,0,0,2654,928,1726,0,0,0,0,0,0,Universidad Ana G. Mendez-Gurabo Campus,Gurabo,PR,-66.006259,18.239647,0,POINT (-66.006259 18.239647)
3661,243638,300,114,186,0,0,0,0,0,0,0,0,0,0,0,0,0,0,0,College of Micronesia-FSM,Pohnpei,FM,158.158189,6.909759,300,POINT (158.158189 6.909759)
3662,243647,89,30,59,1,1,0,0,0,0,0,0,0,0,0,0,0,0,0,Palau Community College,Koror,PW,134.473744,7.343177,88,POINT (134.473744 7.343177)
3663,243665,273,72,201,3,1,2,209,50,159,25,8,17,12,6,6,14,4,10,University of the Virgin Islands,Charlotte Amalie,VI,-64.972866,18.344193,10,POINT (-64.972866 18.344193)
3664,243744,4337,2332,2005,825,394,431,167,76,91,452,236,216,1490,831,659,1096,648,448,Stanford University,Stanford,CA,-122.167359,37.429434,307,POINT (-122.167359 37.429434)
3665,243780,10998,6095,4903,803,451,352,292,133,159,547,267,280,6492,3446,3046,2339,1528,811,Purdue University-Main Campus,West Lafayette,IN,-86.914435,40.428206,525,POINT (-86.914435 40.428206)
3666,243799,17,4,13,0,0,0,11,2,9,0,0,0,5,1,4,0,0,0,Blue Hills Regional Technical School,Canton,MA,-71.104081,42.18221,1,POINT (-71.104081 42.18221)
3667,243823,426,197,229,17,10,7,63,19,44,82,33,49,239,127,112,2,1,1,Parker University,Dallas,TX,-96.893564,32.880335,23,POINT (-96.893564 32.880335)
3668,243832,405,127,278,0,0,0,1,1,0,404,126,278,0,0,0,0,0,0,EDP University of Puerto Rico Inc-San Juan,San Juan,PR,-66.055403,18.415375,0,POINT (-66.055403 18.415375)
3669,243841,208,50,158,0,0,0,0,0,0,208,50,158,0,0,0,0,0,0,ICPR Junior College,Hato Rey,PR,-66.05712,18.415291,0,POINT (-66.05712 18.415291)
3670,244233,35,13,22,0,0,0,21,7,14,9,4,5,4,2,2,0,0,0,City College-Fort Lauderdale,Fort Lauderdale,FL,-80.1705,26.187467,1,POINT (-80.1705 26.187467)
3671,244279,73,2,71,0,0,0,25,1,24,13,0,13,33,1,32,0,0,0,Meridian College,Sarasota,FL,-82.425309,27.380724,2,POINT (-82.425309 27.380724)
3672,244437,2535,783,1752,237,98,139,1185,305,880,341,111,230,470,174,296,154,51,103,Georgia State University-Perimeter College,Atlanta,GA,-84.385712,33.753426,148,POINT (-84.385712 33.753426)
3673,244446,1147,479,668,41,31,10,857,310,547,68,36,32,136,77,59,9,4,5,Georgia Piedmont Technical College,Clarkston,GA,-84.234504,33.789898,36,POINT (-84.234504 33.789898)
3674,244613,284,269,15,4,4,0,62,57,5,103,101,2,108,100,8,0,0,0,ETI School of Skilled Trades,Willowbrook,IL,-87.936249,41.748334,7,POINT (-87.936249 41.748334)
3675,245281,33,23,10,0,0,0,33,23,10,0,0,0,0,0,0,0,0,0,Traxlers School of Hair,Jackson,MS,-90.261863,32.268023,0,POINT (-90.261863 32.268023)
3676,245625,149,52,97,3,0,3,7,1,6,22,9,13,97,37,60,4,2,2,Warren County Community College,Washington,NJ,-75.018309,40.744812,16,POINT (-75.018309 40.744812)
3677,245652,97,57,40,3,3,0,2,0,2,9,4,5,53,32,21,18,10,8,St. John's College,Santa Fe,NM,-105.912478,35.666974,12,POINT (-105.912478 35.666974)
3678,245777,1,1,0,0,0,0,0,0,0,0,0,0,1,1,0,0,0,0,Bais Medrash Elyon,Monsey,NY,-74.069798,41.114079,0,POINT (-74.069798 41.114079)
3679,245838,296,82,214,13,3,10,19,4,15,42,8,34,160,51,109,3,2,1,Antioch University-Los Angeles,Culver City,CA,-118.384458,33.988533,59,POINT (-118.384458 33.988533)
3680,245847,127,27,100,2,1,1,2,1,1,32,3,29,54,11,43,16,3,13,Antioch University-Santa Barbara,Santa Barbara,CA,-119.6958,34.419203,21,POINT (-119.6958 34.419203)
3681,245865,324,56,268,8,2,6,9,5,4,12,0,12,216,33,183,15,4,11,Antioch University-New England,Keene,NH,-72.293798,42.932344,64,POINT (-72.293798 42.932344)
3682,245883,236,45,191,12,1,11,9,1,8,18,1,17,132,25,107,3,1,2,Antioch University-Seattle,Seattle,WA,-122.346318,47.615916,62,POINT (-122.346318 47.615916)
3683,245892,104,23,81,2,0,2,17,3,14,7,0,7,56,14,42,1,0,1,Antioch University,Yellow Springs,OH,-83.908684,39.80321,21,POINT (-83.908684 39.80321)
3684,245953,487,184,303,1,0,1,79,27,52,118,44,74,209,79,130,19,14,5,Mid-America Christian University,Oklahoma City,OK,-97.578297,35.347785,61,POINT (-97.578297 35.347785)
3685,245962,107,23,84,1,0,1,37,7,30,13,3,10,41,10,31,0,0,0,Miller-Motte College-Platt College-Tulsa,Tulsa,OK,-95.903824,36.109468,15,POINT (-95.903824 36.109468)
3686,245980,19,1,18,0,0,0,0,0,0,3,1,2,13,0,13,0,0,0,Ponca City Beauty College,Ponca City,OK,-97.06801,36.73957,3,POINT (-97.06801 36.73957)
3687,245999,770,324,446,52,29,23,121,38,83,169,61,108,341,158,183,0,0,0,Francis Tuttle Technology Center,Oklahoma City,OK,-97.640672,35.60052,87,POINT (-97.640672 35.60052)
3688,246017,590,331,259,2,1,1,33,20,13,36,25,11,346,191,155,0,0,0,Central Technology Center,Drumright,OK,-96.585322,35.994261,173,POINT (-96.585322 35.994261)
3689,246035,215,20,195,11,2,9,14,1,13,80,7,73,85,6,79,2,0,2,Carrington College-Portland,Portland,OR,-122.653583,45.532356,23,POINT (-122.653583 45.532356)
3690,246071,53,7,46,1,0,1,3,1,2,8,1,7,39,5,34,0,0,0,Career Technology Center of Lackawanna County,Scranton,PA,-75.652477,41.452849,2,POINT (-75.652477 41.452849)
3691,246345,24,10,14,0,0,0,14,5,9,1,1,0,6,3,3,3,1,2,Houston Graduate School of Theology,Houston,TX,-95.448846,29.673594,0,POINT (-95.448846 29.673594)
3692,246354,1427,459,968,7,1,6,36,19,17,1208,379,829,162,55,107,0,0,0,Palo Alto College,San Antonio,TX,-98.543468,29.322955,14,POINT (-98.543468 29.322955)
3693,246406,10,1,9,0,0,0,1,0,1,3,0,3,6,1,5,0,0,0,Sebring Career Schools-Huntsville,Huntsville,TX,-95.549878,30.702549,0,POINT (-95.549878 30.702549)
3694,246415,32,2,30,0,0,0,4,1,3,26,0,26,2,1,1,0,0,0,UCAS University of Cosmetology Arts & Sciences-San Antonio 410,San Antonio,TX,-98.551137,29.493246,0,POINT (-98.551137 29.493246)
3695,246789,30,17,13,3,3,0,6,1,5,0,0,0,9,6,3,10,7,3,Unification Theological Seminary,New York,NY,-73.981154,40.754309,2,POINT (-73.981154 40.754309)
3696,246813,1382,586,796,35,12,23,247,73,174,151,81,70,886,395,491,12,3,9,Athens Technical College,Athens,GA,-83.339598,33.990183,51,POINT (-83.339598 33.990183)
3697,246895,611,226,385,17,5,12,25,6,19,332,114,218,193,83,110,0,0,0,GateWay Community College-Central City,Phoenix,AZ,-112.054912,33.435686,44,POINT (-112.054912 33.435686)
3698,246974,160,18,142,14,4,10,23,1,22,82,4,78,11,2,9,3,1,2,Carrington College-San Leandro Campus,San Leandro,CA,-122.12567,37.699627,27,POINT (-122.12567 37.699627)
3699,247010,27,1,26,0,0,0,0,0,0,0,0,0,24,1,23,0,0,0,Headmasters School of Hair Design,Lewiston,ID,-117.025943,46.421026,3,POINT (-117.025943 46.421026)
3700,247047,73,1,72,1,0,1,1,0,1,39,0,39,31,1,30,0,0,0,The Salon Professional Academy-Nampa,Nampa,ID,-116.563413,43.567768,1,POINT (-116.563413 43.567768)
3701,247065,216,9,207,1,0,1,35,2,33,0,0,0,173,7,166,0,0,0,Beckfield College-Florence,Florence,KY,-84.641475,39.017166,7,POINT (-84.641475 39.017166)
3702,247153,154,30,124,1,0,1,104,13,91,5,0,5,35,14,21,0,0,0,Dorsey College-Wayne,Wayne,MI,-83.382299,42.28171,9,POINT (-83.382299 42.28171)
3703,247162,19,7,12,0,0,0,16,5,11,0,0,0,3,2,1,0,0,0,Ecumenical Theological Seminary,Detroit,MI,-83.055266,42.344129,0,POINT (-83.055266 42.344129)
3704,247409,75,2,73,0,0,0,7,0,7,10,1,9,52,1,51,0,0,0,Ross Medical Education Center-Saginaw,Saginaw,MI,-83.967884,43.469473,6,POINT (-83.967884 43.469473)
3705,247603,466,215,251,6,3,3,9,4,5,59,26,33,359,162,197,20,15,5,Sussex County Community College,Newton,NJ,-74.758079,41.067633,13,POINT (-74.758079 41.067633)
3706,247649,89,50,39,0,0,0,1,0,1,4,2,2,68,39,29,0,0,0,Landmark College,Putney,VT,-72.512549,42.977172,16,POINT (-72.512549 42.977172)
3707,247773,24,24,0,0,0,0,0,0,0,0,0,0,24,24,0,0,0,0,Yeshiva Gedolah of Greater Detroit,Oak Park,MI,-83.200754,42.471924,0,POINT (-83.200754 42.471924)
3708,247825,6,3,3,0,0,0,0,0,0,1,1,0,5,2,3,0,0,0,Austin Graduate School of Theology,Austin,TX,-97.711751,30.343842,0,POINT (-97.711751 30.343842)
3709,247834,5019,2186,2833,595,277,318,542,201,341,1040,420,620,2399,1087,1312,95,48,47,Collin County Community College District,McKinney,TX,-96.63894,33.16241,348,POINT (-96.63894 33.16241)
3710,247940,806,345,461,7,4,3,19,8,11,22,12,10,726,309,417,0,0,0,Owensboro Community and Technical College,Owensboro,KY,-87.082861,37.717355,32,POINT (-87.082861 37.717355)
3711,248192,12,1,11,0,0,0,0,0,0,0,0,0,12,1,11,0,0,0,Allure Beauty College,Whitesburg,KY,-82.838909,37.123363,0,POINT (-82.838909 37.123363)
3712,248527,40,3,37,0,0,0,19,1,18,2,0,2,18,2,16,0,0,0,Cloyd's Beauty School 3 Inc,Monroe,LA,-92.080603,32.533231,1,POINT (-92.080603 32.533231)
3713,248606,551,281,270,12,5,7,36,18,18,94,37,57,325,177,148,0,0,0,Moore Norman Technology Center,Norman,OK,-97.457319,35.274434,84,POINT (-97.457319 35.274434)
3714,248624,46,3,43,0,0,0,0,0,0,0,0,0,45,3,42,0,0,0,Fayette County Career & Technical Institute Practical Nursing Program,Uniontown,PA,-79.741718,39.860976,1,POINT (-79.741718 39.860976)
3715,248633,41,2,39,0,0,0,1,0,1,1,0,1,39,2,37,0,0,0,Franklin County Career and Technology Center,Chambersburg,PA,-77.680541,39.897693,0,POINT (-77.680541 39.897693)
3716,248660,63,9,54,1,0,1,7,2,5,0,0,0,45,5,40,0,0,0,Paul Mitchell the School-Knoxville,Knoxville,TN,-84.057621,35.92271,10,POINT (-84.057621 35.92271)
3717,248703,174,4,170,8,0,8,32,0,32,47,2,45,69,2,67,0,0,0,Ogle School Hair Skin Nails-Hurst,Hurst,TX,-97.201403,32.822035,18,POINT (-97.201403 32.822035)
3718,248925,512,267,245,6,6,0,134,39,95,36,20,16,302,183,119,7,5,2,Tennessee College of Applied Technology Nashville,Nashville,TN,-86.856335,36.132649,27,POINT (-86.856335 36.132649)
3719,248934,4388,1596,2792,177,70,107,1645,454,1191,490,163,327,1841,820,1021,5,2,3,ECPI University,Virginia Beach,VA,-76.178773,36.842526,230,POINT (-76.178773 36.842526)
3720,249061,17,0,17,0,0,0,12,0,12,3,0,3,2,0,2,0,0,0,Ms Roberts Academy of Beauty Culture,Hillside,IL,-87.884693,41.881179,0,POINT (-87.884693 41.881179)
3721,249238,169,13,156,5,1,4,38,5,33,61,5,56,59,1,58,0,0,0,Paul Mitchell the School-Houston,Houston,TX,-95.559723,29.785868,6,POINT (-95.559723 29.785868)
3722,249609,126,75,51,1,1,0,22,12,10,19,9,10,77,47,30,0,0,0,Fortis Institute-Forty Fort,Forty Fort,PA,-75.882975,41.281911,7,POINT (-75.882975 41.281911)
3723,250027,176,52,124,0,0,0,13,2,11,1,1,0,157,49,108,0,0,0,Laurel Business Institute,Uniontown,PA,-79.724907,39.90248,5,POINT (-79.724907 39.90248)
3724,250285,119,107,12,3,1,2,41,37,4,20,18,2,36,33,3,1,1,0,Aviation Institute of Maintenance-Philadelphia,Philadelphia,PA,-75.007237,40.070184,18,POINT (-75.007237 40.070184)
3725,250744,253,26,227,1,0,1,191,12,179,3,0,3,41,11,30,0,0,0,Dorsey College-Roseville,Roseville,MI,-82.915541,42.527764,17,POINT (-82.915541 42.527764)
3726,250902,53,0,53,25,0,25,18,0,18,0,0,0,9,0,9,0,0,0,Moler-Pickens Beauty Academy,Fairfield,OH,-84.499701,39.317488,1,POINT (-84.499701 39.317488)
3727,250993,259,110,149,2,1,1,4,3,1,39,19,20,172,70,102,0,0,0,Red River Technology Center,Duncan,OK,-97.99029,34.491393,42,POINT (-97.99029 34.491393)
3728,251260,1022,453,569,4,1,3,180,69,111,32,18,14,761,348,413,5,1,4,Southern Union State Community College,Wadley,AL,-85.572382,33.128785,40,POINT (-85.572382 33.128785)
3729,251312,229,50,179,5,0,5,153,37,116,10,4,6,58,9,49,0,0,0,South University-Columbia,Columbia,SC,-80.961839,34.098042,3,POINT (-80.961839 34.098042)
3730,260336,15,1,14,0,0,0,1,0,1,0,0,0,14,1,13,0,0,0,Clinton Technical School,Clinton,MO,-93.768459,38.363669,0,POINT (-93.768459 38.363669)
3731,260363,9,1,8,0,0,0,0,0,0,0,0,0,7,1,6,0,0,0,Greene County Career and Technology Center,Waynesburg,PA,-80.151066,39.893537,2,POINT (-80.151066 39.893537)
3732,260372,56,8,48,0,0,0,13,2,11,1,0,1,8,0,8,0,0,0,Lac Courte Oreilles Ojibwe College,Hayward,WI,-91.365002,45.942252,34,POINT (-91.365002 45.942252)
3733,260664,689,554,135,1,1,0,528,422,106,9,6,3,104,90,14,0,0,0,Diesel Driving Academy-Shreveport,Shreveport,LA,-93.794921,32.47617,47,POINT (-93.794921 32.47617)
3734,260691,536,110,426,20,8,12,22,6,16,192,38,154,248,51,197,1,0,1,Pima Medical Institute-Mesa,Mesa,AZ,-111.87417,33.396878,53,POINT (-111.87417 33.396878)
3735,260789,406,87,319,38,16,22,12,5,7,238,51,187,55,8,47,0,0,0,Platt College-Los Angeles,Alhambra,CA,-118.150013,34.081723,63,POINT (-118.150013 34.081723)
3736,260813,68,12,56,8,3,5,3,1,2,13,2,11,38,5,33,0,0,0,Platt College-Aurora,Aurora,CO,-104.854614,39.661195,6,POINT (-104.854614 39.661195)
3737,260929,206,14,192,1,0,1,0,0,0,32,4,28,127,6,121,0,0,0,Paul Mitchell the School-Boise,Boise,ID,-116.286058,43.594479,46,POINT (-116.286058 43.594479)
3738,260965,32,1,31,1,0,1,4,0,4,4,0,4,22,1,21,0,0,0,Educators of Beauty College of Cosmetology-Rockford,Rockford,IL,-88.98081,42.268515,1,POINT (-88.98081 42.268515)
3739,260992,181,13,168,5,3,2,69,2,67,63,6,57,33,2,31,0,0,0,Northwestern College,Bridgeview,IL,-87.797406,41.751724,11,POINT (-87.797406 41.751724)
3740,261436,766,29,737,13,1,12,122,5,117,34,1,33,538,19,519,1,0,1,Douglas J Aveda Institute,East Lansing,MI,-84.480467,42.734606,58,POINT (-84.480467 42.734606)
3741,261676,44,5,39,0,0,0,0,0,0,4,0,4,36,5,31,0,0,0,Ross Medical Education Center-Brighton,Brighton,MI,-83.796918,42.548468,4,POINT (-83.796918 42.548468)
3742,261685,38,2,36,2,1,1,14,1,13,2,0,2,14,0,14,0,0,0,Ross Medical Education Center-Ann Arbor,Ann Arbor,MI,-83.666667,42.25294,6,POINT (-83.666667 42.25294)
3743,261719,176,3,173,4,0,4,91,0,91,35,1,34,28,0,28,0,0,0,Taylortown School of Beauty Inc,Taylor,MI,-83.259322,42.254745,18,POINT (-83.259322 42.254745)
3744,261773,25,8,17,0,0,0,3,0,3,0,0,0,22,8,14,0,0,0,Pike-Lincoln Technical Center,Eolia,MO,-91.019918,39.245484,0,POINT (-91.019918 39.245484)
3745,261861,38,0,38,0,0,0,0,0,0,0,0,0,37,0,37,0,0,0,West Virginia Junior College-United Career Institute,Mount Braddock,PA,-79.652374,39.950525,1,POINT (-79.652374 39.950525)
3746,262022,18,4,14,3,0,3,0,0,0,4,0,4,6,3,3,2,1,1,Bethel Seminary-San Diego,San Diego,CA,-117.06605,32.765387,3,POINT (-117.06605 32.765387)
3747,262031,904,320,584,20,4,16,38,13,25,40,13,27,717,248,469,18,9,9,St Charles Community College,Cottleville,MO,-90.641105,38.759703,71,POINT (-90.641105 38.759703)
3748,262086,3368,1068,2300,162,63,99,383,139,244,706,196,510,1807,579,1228,0,0,0,University of Massachusetts Global,Irvine,CA,-117.769012,33.656401,310,POINT (-117.769012 33.656401)
3749,262129,170,67,103,6,1,5,4,1,3,20,7,13,130,55,75,7,2,5,New College of Florida,Sarasota,FL,-82.55858,27.384925,3,POINT (-82.55858 27.384925)
3750,262165,12,6,6,1,0,1,0,0,0,0,0,0,2,0,2,0,0,0,Montana Bible College,Bozeman,MT,-111.066301,45.65472,9,POINT (-111.066301 45.65472)
3751,262341,355,318,37,8,7,1,50,41,9,70,65,5,198,182,16,1,1,0,Conservatory of Recording Arts and Sciences,Tempe,AZ,-111.889544,33.407853,28,POINT (-111.889544 33.407853)
3752,262369,50,0,50,2,0,2,1,0,1,25,0,25,17,0,17,0,0,0,Adrian's Beauty College of Turlock,Turlock,CA,-120.863784,37.491448,5,POINT (-120.863784 37.491448)
3753,262457,293,47,246,9,1,8,6,2,4,103,16,87,35,5,30,1,0,1,San Joaquin Valley College-Fresno,Fresno,CA,-119.784003,36.829907,139,POINT (-119.784003 36.829907)
3754,262466,28,8,20,0,0,0,0,0,0,2,0,2,23,6,17,2,2,0,Dr. Ida Rolf Institute,Boulder,CO,-105.203076,40.066263,1,POINT (-105.203076 40.066263)
3755,362700,172,16,156,3,0,3,27,2,25,67,5,62,70,9,61,0,0,0,Sunstate Academy,Fort Myers,FL,-81.870312,26.596006,5,POINT (-81.870312 26.596006)
3756,362782,232,6,226,17,1,16,33,1,32,51,0,51,102,3,99,0,0,0,Elizabeth Grady School of Esthetics and Massage Therapy,Medford,MA,-71.12623,42.414728,29,POINT (-71.12623 42.414728)
3757,363013,47,1,46,0,0,0,4,0,4,3,0,3,39,1,38,0,0,0,Ross Medical Education Center-Port Huron,Port Huron,MI,-82.452984,43.024632,1,POINT (-82.452984 43.024632)
3758,363077,72,10,62,2,1,1,6,1,5,35,4,31,25,2,23,0,0,0,Capri Institute of Hair Design-Clifton,Clifton,NJ,-74.152668,40.887432,4,POINT (-74.152668 40.887432)
3759,363147,254,6,248,9,0,9,88,1,87,29,0,29,101,4,97,0,0,0,Raphael's School of Beauty Culture Inc-Alliance,Alliance,OH,-81.152086,40.902642,27,POINT (-81.152086 40.902642)
3760,363165,553,268,285,12,5,7,92,40,52,200,89,111,100,49,51,0,0,0,Metro Technology Centers,Oklahoma City,OK,-97.478182,35.512549,149,POINT (-97.478182 35.512549)
3761,363439,15,1,14,0,0,0,2,0,2,0,0,0,9,1,8,0,0,0,Hussian College-Daymar College Bowling Green,Bowling Green,KY,-86.473717,36.968327,4,POINT (-86.473717 36.968327)
3762,363633,107,31,76,1,0,1,5,1,4,85,23,62,14,6,8,0,0,0,Luna Community College,Las Vegas,NM,-105.250865,35.616303,2,POINT (-105.250865 35.616303)
3763,363679,192,5,187,3,0,3,97,1,96,3,1,2,85,2,83,0,0,0,Grabber School of Hair Design,St. Louis,MO,-90.390799,38.557164,4,POINT (-90.390799 38.557164)
3764,363882,39,1,38,3,1,2,16,0,16,3,0,3,15,0,15,0,0,0,Raphael's School of Beauty Culture Inc-Brunswick,Brunswick,OH,-81.806142,41.240245,2,POINT (-81.806142 41.240245)
3765,363907,118,43,75,0,0,0,0,0,0,118,43,75,0,0,0,0,0,0,Caribbean University-Ponce,Ponce,PR,-66.59425,18.006633,0,POINT (-66.59425 18.006633)
3766,363916,31,5,26,0,0,0,0,0,0,31,5,26,0,0,0,0,0,0,Caribbean University-Vega Baja,Vega Baja,PR,-66.40315,18.444882,0,POINT (-66.40315 18.444882)
3767,363934,156,123,33,6,5,1,14,11,3,21,19,2,85,71,14,3,2,1,University of Advancing Technology,Tempe,AZ,-111.976087,33.377712,27,POINT (-111.976087 33.377712)
3768,364016,817,301,516,22,8,14,26,8,18,182,62,120,506,199,307,6,2,4,Paradise Valley Community College,Phoenix,AZ,-112.009865,33.652135,75,POINT (-112.009865 33.652135)
3769,364025,1255,596,659,69,29,40,46,27,19,332,152,180,674,329,345,7,2,5,Chandler-Gilbert Community College,Chandler,AZ,-111.795922,33.293897,127,POINT (-111.795922 33.293897)
3770,364548,149,69,80,3,1,2,33,10,23,14,9,5,84,39,45,0,0,0,Great Plains Technology Center,Lawton,OK,-98.450321,34.592907,15,POINT (-98.450321 34.592907)
3771,364575,26,0,26,0,0,0,0,0,0,0,0,0,26,0,26,0,0,0,Roane-Jackson Technical Center,Leroy,WV,-81.561142,38.82254,0,POINT (-81.561142 38.82254)
3772,364627,157,62,95,0,0,0,6,3,3,13,5,8,96,37,59,0,0,0,Pioneer Technology Center,Ponca City,OK,-97.093516,36.72772,42,POINT (-97.093516 36.72772)
3773,364636,89,27,62,4,4,0,18,2,16,2,2,0,61,17,44,0,0,0,Portage Lakes Career Center,Uniontown,OH,-81.472008,40.943122,4,POINT (-81.472008 40.943122)
3774,364751,65,3,62,0,0,0,49,2,47,0,0,0,16,1,15,0,0,0,Eastern College of Health Vocations-New Orleans,New Orleans,LA,-90.180687,29.944923,0,POINT (-90.180687 29.944923)
3775,364760,37,2,35,0,0,0,3,0,3,34,2,32,0,0,0,0,0,0,Bell Mar Beauty College,Cicero,IL,-87.767244,41.850656,0,POINT (-87.767244 41.850656)
3776,364946,133,80,53,0,0,0,1,0,1,23,15,8,74,45,29,0,0,0,Caddo Kiowa Technology Center,Fort Cobb,OK,-98.443443,35.108561,35,POINT (-98.443443 35.108561)
3777,364964,21,2,19,1,1,0,1,0,1,0,0,0,19,1,18,0,0,0,"Center for Instruction, Technology & Innovation",Mexico,NY,-76.259308,43.457841,0,POINT (-76.259308 43.457841)
3778,365091,153,9,144,2,0,2,103,7,96,12,0,12,20,1,19,1,0,1,International School of Skin Nailcare & Massage Therapy,Atlanta,GA,-84.379687,33.908031,15,POINT (-84.379687 33.908031)
3779,365125,95,0,95,3,0,3,2,0,2,41,0,41,43,0,43,0,0,0,Palomar Institute of Cosmetology,San Marcos,CA,-117.188351,33.13663,6,POINT (-117.188351 33.13663)
3780,365198,302,139,163,4,1,3,11,5,6,47,28,19,159,57,102,0,0,0,Southern Oklahoma Technology Center,Ardmore,OK,-97.082971,34.186239,81,POINT (-97.082971 34.186239)
3781,365213,251,114,137,1,0,1,7,5,2,47,21,26,168,78,90,0,0,0,Autry Technology Center,Enid,OK,-97.89719,36.419122,28,POINT (-97.89719 36.419122)
3782,365240,35,27,8,0,0,0,3,1,2,1,1,0,30,24,6,0,0,0,Greene County Career Center,Xenia,OH,-83.915659,39.662386,1,POINT (-83.915659 39.662386)
3783,365374,538,288,250,6,5,1,17,8,9,84,42,42,380,201,179,0,0,0,Canadian Valley Technology Center,El Reno,OK,-97.881967,35.509208,51,POINT (-97.881967 35.509208)
3784,365383,66,2,64,1,0,1,8,0,8,3,0,3,54,2,52,0,0,0,Wilkes-Barre Area Career and Technical Center Practical Nursing,Wilkes Barre,PA,-75.810121,41.262154,0,POINT (-75.810121 41.262154)
3785,365480,444,222,222,7,0,7,12,4,8,38,19,19,316,167,149,0,0,0,Meridian Technology Center,Stillwater,OK,-97.108414,36.106981,71,POINT (-97.108414 36.106981)
3786,365505,19,1,18,3,1,2,1,0,1,0,0,0,15,0,15,0,0,0,Waynesville Career Center,Waynesville,MO,-92.21393,37.811315,0,POINT (-92.21393 37.811315)
3787,365693,141,2,139,2,0,2,4,0,4,13,0,13,116,2,114,0,0,0,Capitol School of Hairstyling and Esthetics,Omaha,NE,-96.082248,41.209501,6,POINT (-96.082248 41.209501)
3788,365763,59,14,45,3,0,3,27,9,18,8,2,6,20,3,17,0,0,0,Morris County Vocational School District,Denville,NJ,-74.479263,40.877531,1,POINT (-74.479263 40.877531)
3789,365824,123,3,120,1,0,1,15,0,15,18,1,17,79,1,78,0,0,0,Ross Medical Education Center-Roosevelt Park,Roosevelt Park,MI,-86.267098,43.191474,10,POINT (-86.267098 43.191474)
3790,365833,115,8,107,5,1,4,23,2,21,38,3,35,42,2,40,0,0,0,Ross Medical Education Center-Kentwood,Kentwood,MI,-85.605379,42.880955,7,POINT (-85.605379 42.880955)
3791,366003,55,14,41,1,1,0,4,0,4,7,1,6,6,3,3,35,8,27,South Florida Bible College and Theological Seminary,Deerfield Beach,FL,-80.134508,26.30294,2,POINT (-80.134508 26.30294)
3792,366155,5,3,2,0,0,0,5,3,2,0,0,0,0,0,0,0,0,0,Cloyd's Barber School 2 Inc,Monroe,LA,-92.090159,32.485377,0,POINT (-92.090159 32.485377)
3793,366191,487,473,14,12,11,1,17,17,0,184,181,3,247,240,7,0,0,0,Universal Technical Institute of Illinois Inc,Lisle,IL,-88.104,41.80697,27,POINT (-88.104 41.80697)
3794,366252,1309,824,485,16,8,8,26,16,10,37,24,13,1193,755,438,2,2,0,Pennsylvania College of Technology,Williamsport,PA,-77.023665,41.234145,35,POINT (-77.023665 41.234145)
3795,366261,183,51,132,0,0,0,50,23,27,31,7,24,102,21,81,0,0,0,Commonwealth Institute of Funeral Service,Houston,TX,-95.430153,29.989545,0,POINT (-95.430153 29.989545)
3796,366270,87,6,81,0,0,0,61,3,58,3,0,3,20,3,17,0,0,0,Delta College of Arts & Technology,Baton Rouge,LA,-91.113841,30.463619,3,POINT (-91.113841 30.463619)
3797,366289,13,13,0,0,0,0,0,0,0,9,9,0,3,3,0,0,0,0,InterCoast Colleges-Santa Ana,Santa Ana,CA,-117.85367,33.70497,1,POINT (-117.85367 33.70497)
3798,366340,30,10,20,0,0,0,0,0,0,0,0,0,2,1,1,0,0,0,Stone Child College,Box Elder,MT,-109.870182,48.289808,28,POINT (-109.870182 48.289808)
3799,366368,55,17,38,6,2,4,2,1,1,8,2,6,27,7,20,11,5,6,New York Academy of Art,New York,NY,-74.006019,40.718388,1,POINT (-74.006019 40.718388)
3800,366395,3548,1481,2067,128,52,76,249,88,161,943,359,584,1988,879,1109,13,4,9,Suffolk County Community College,Selden,NY,-73.056165,40.848963,227,POINT (-73.056165 40.848963)
3801,366401,865,357,508,141,56,85,30,14,16,256,90,166,341,161,180,9,3,6,Las Positas College,Livermore,CA,-121.80058,37.710873,88,POINT (-121.80058 37.710873)
3802,366438,36,2,34,1,0,1,9,1,8,6,0,6,20,1,19,0,0,0,Blades School of Hair Design,California,MD,-76.48376,38.286299,0,POINT (-76.48376 38.286299)
3803,366465,856,310,546,4,3,1,237,75,162,61,22,39,535,204,331,0,0,0,Ogeechee Technical College,Statesboro,GA,-81.818517,32.395767,19,POINT (-81.818517 32.395767)
3804,366535,100,28,72,1,0,1,56,12,44,1,0,1,30,10,20,0,0,0,Remington College-Mobile Campus,Mobile,AL,-88.143941,30.67173,12,POINT (-88.143941 30.67173)
3805,366553,499,112,387,9,3,6,134,41,93,133,27,106,198,39,159,1,0,1,Southern Technical College,Fort Myers,FL,-81.877644,26.596097,24,POINT (-81.877644 26.596097)
3806,366571,11,3,8,1,0,1,0,0,0,0,0,0,10,3,7,0,0,0,Mercy-St Luke's School of Radiologic Technology,Cedar Rapids,IA,-91.660609,41.985552,0,POINT (-91.660609 41.985552)
3807,366605,4,0,4,1,0,1,0,0,0,0,0,0,3,0,3,0,0,0,Southwest Acupuncture College-Santa Fe,Santa Fe,NM,-105.95544,35.6607,0,POINT (-105.95544 35.6607)
3808,366623,106,57,49,0,0,0,0,0,0,11,5,6,78,44,34,0,0,0,Northwest Technology Center-Alva,Alva,OK,-98.675711,36.786733,17,POINT (-98.675711 36.786733)
3809,366632,8,1,7,0,0,0,1,0,1,0,0,0,7,1,6,0,0,0,Mercer County Career Center,Mercer,PA,-80.248614,41.250851,0,POINT (-80.248614 41.250851)
3810,366711,4194,1543,2651,425,167,258,122,56,66,1678,537,1141,1283,506,777,214,96,118,California State University-San Marcos,San Marcos,CA,-117.159013,33.130569,472,POINT (-117.159013 33.130569)
3811,367051,37,2,35,0,0,0,10,1,9,8,0,8,19,1,18,0,0,0,Hairmasters Institute of Cosmetology,Bloomington,IL,-88.979453,40.474796,0,POINT (-88.979453 40.474796)
3812,367088,64,0,64,1,0,1,0,0,0,0,0,0,60,0,60,0,0,0,Tricoci University of Beauty Culture LLC-Bloomington,Bloomington,IN,-86.536403,39.181606,3,POINT (-86.536403 39.181606)
3813,367103,16,12,4,0,0,0,4,2,2,0,0,0,12,10,2,0,0,0,Interactive College of Technology-Newport,Newport,KY,-84.479078,39.084818,0,POINT (-84.479078 39.084818)
3814,367112,100,6,94,0,0,0,80,5,75,0,0,0,19,1,18,0,0,0,Miller-Motte College-McCann-Monroe,Monroe,LA,-92.10098,32.524328,1,POINT (-92.10098 32.524328)
3815,367158,43,4,39,0,0,0,10,1,9,8,0,8,19,2,17,0,0,0,Ross Medical Education Center-Taylor,Taylor,MI,-83.250307,42.194933,6,POINT (-83.250307 42.194933)
3816,367334,215,197,18,5,5,0,32,30,2,20,18,2,123,112,11,0,0,0,National Tractor Trailer School Inc-Liverpool,Liverpool,NY,-76.193341,43.140652,35,POINT (-76.193341 43.140652)
3817,367361,2,2,0,0,0,0,1,1,0,0,0,0,1,1,0,0,0,0,Interactive College of Technology,Houston,TX,-95.539975,29.734143,0,POINT (-95.539975 29.734143)
3818,367431,12,2,10,0,0,0,3,1,2,0,0,0,7,1,6,0,0,0,Butler Beauty Academy-New Castle Beauty Academy,New Castle,PA,-80.341891,40.999207,2,POINT (-80.341891 40.999207)
3819,367459,976,351,625,41,16,25,23,11,12,219,62,157,596,227,369,14,5,9,NorthWest Arkansas Community College,Bentonville,AR,-94.17289,36.357704,83,POINT (-94.17289 36.357704)
3820,367875,173,31,142,1,0,1,80,13,67,54,12,42,33,4,29,1,0,1,Brewster Technical College,Tampa,FL,-82.461722,27.96373,4,POINT (-82.461722 27.96373)
3821,367884,248,81,167,9,3,6,31,11,20,86,25,61,111,38,73,0,0,0,Hodges University,Fort Myers,FL,-81.821419,26.610865,11,POINT (-81.821419 26.610865)
3822,367954,1531,470,1061,208,102,106,95,31,64,233,92,141,749,201,548,5,2,3,University of St. Augustine for Health Sciences,San Marcos,CA,-117.165964,33.151849,241,POINT (-117.165964 33.151849)
3823,367972,100,6,94,2,0,2,60,3,57,2,0,2,33,3,30,0,0,0,Capital Area School of Practical Nursing,Springfield,IL,-89.626262,39.718311,3,POINT (-89.626262 39.718311)
3824,367981,26,0,26,1,0,1,3,0,3,6,0,6,14,0,14,0,0,0,Hair Professionals Career College,Palos Hills,IL,-87.816614,41.702881,2,POINT (-87.816614 41.702881)
3825,368036,13,1,12,0,0,0,1,0,1,0,0,0,12,1,11,0,0,0,Alexandria School of Scientific Therapeutics,Alexandria,IN,-85.674016,40.255608,0,POINT (-85.674016 40.255608)
3826,368230,32,2,30,0,0,0,17,1,16,6,1,5,1,0,1,0,0,0,Empire Beauty School-Bloomfield,Bloomfield,NJ,-74.199706,40.79497,8,POINT (-74.199706 40.79497)
3827,368364,150,75,75,1,1,0,6,2,4,47,20,27,66,36,30,0,0,0,Southwest Technology Center,Altus,OK,-99.341161,34.668194,30,POINT (-99.341161 34.668194)
3828,368407,22,1,21,0,0,0,1,0,1,0,0,0,21,1,20,0,0,0,Western Area Career & Technology Center,Canonsburg,PA,-80.246117,40.254722,0,POINT (-80.246117 40.254722)
3829,368443,156,20,136,2,0,2,51,7,44,12,2,10,72,8,64,0,0,0,Hussian College-Daymar College Clarksville,Clarksville,TN,-87.312856,36.582865,19,POINT (-87.312856 36.582865)
3830,368452,46,17,29,0,0,0,9,3,6,4,3,1,32,11,21,0,0,0,Nossi College of Art,Nashville,TN,-86.738561,36.24323,1,POINT (-86.738561 36.24323)
3831,368540,12,2,10,0,0,0,1,0,1,4,0,4,7,2,5,0,0,0,Seguin Beauty School-New Braunfels,New Braunfels,TX,-98.125943,29.70187,0,POINT (-98.125943 29.70187)
3832,368629,429,67,362,51,16,35,19,4,15,73,4,69,248,34,214,0,0,0,Pima Medical Institute-Seattle,Seattle,WA,-122.326844,47.699144,38,POINT (-122.326844 47.699144)
3833,368647,23,0,23,0,0,0,0,0,0,0,0,0,22,0,22,0,0,0,Mineral County Vocational Technical Center,Keyser,WV,-78.987462,39.427976,1,POINT (-78.987462 39.427976)
3834,368771,98,25,73,7,1,6,3,0,3,6,3,3,76,20,56,0,0,0,Hypnosis Motivation Institute,Tarzana,CA,-118.538719,34.170219,6,POINT (-118.538719 34.170219)
3835,368832,18,2,16,13,2,11,0,0,0,2,0,2,0,0,0,0,0,0,Thanh Le College School of Cosmetology,Garden Grove,CA,-117.908306,33.789713,3,POINT (-117.908306 33.789713)
3836,368911,630,211,419,2,0,2,144,40,104,78,30,48,385,132,253,6,2,4,Southeastern Technical College,Vidalia,GA,-82.365827,32.20393,15,POINT (-82.365827 32.20393)
3837,369002,48,24,24,3,0,3,8,3,5,9,4,5,28,17,11,0,0,0,Massachusetts School of Law,Andover,MA,-71.19954,42.682106,0,POINT (-71.19954 42.682106)
3838,369109,35,6,29,0,0,0,8,1,7,1,0,1,26,5,21,0,0,0,Alliance Career Center,Alliance,OH,-81.111225,40.911271,0,POINT (-81.111225 40.911271)
3839,369400,963,929,34,8,7,1,112,108,4,192,187,5,519,500,19,2,2,0,Universal Technical Institute-Auto Motorcycle & Marine Mechanics Institute Division-Orlando,Orlando,FL,-81.409713,28.424285,130,POINT (-81.409713 28.424285)
3840,369419,617,378,239,14,8,6,148,63,85,196,110,86,237,185,52,7,3,4,Erwin Technical College,Tampa,FL,-82.435933,27.997242,15,POINT (-82.435933 27.997242)
3841,369446,69,2,67,38,1,37,3,0,3,3,0,3,19,1,18,5,0,5,Rosel School of Cosmetology,Niles,IL,-87.838131,42.050202,1,POINT (-87.838131 42.050202)
3842,369455,91,24,67,3,0,3,11,0,11,12,5,7,62,19,43,0,0,0,Worsham College of Mortuary Science,Wheeling,IL,-87.927374,42.147858,3,POINT (-87.927374 42.147858)
3843,369516,112,24,88,1,0,1,19,3,16,9,1,8,68,15,53,0,0,0,Bryan University,Springfield,MO,-93.248107,37.135397,15,POINT (-93.248107 37.135397)
3844,369659,58,10,48,8,2,6,0,0,0,3,1,2,43,6,37,0,0,0,Oregon College of Oriental Medicine,Portland,OR,-122.671099,45.524121,4,POINT (-122.671099 45.524121)
3845,369668,105,58,47,0,0,0,0,0,0,0,0,0,105,58,47,0,0,0,Central Pennsylvania Institute of Science and Technology,Pleasant Gap,PA,-77.740923,40.882168,0,POINT (-77.740923 40.882168)
3846,369686,120,30,90,2,1,1,21,7,14,81,15,66,14,5,9,0,0,0,Northwest Educational Center,Houston,TX,-95.473149,29.813796,2,POINT (-95.473149 29.813796)
3847,369695,85,11,74,64,10,54,6,0,6,13,0,13,1,1,0,0,0,0,Sebring Career Schools-Houston,Houston,TX,-95.644945,29.706713,1,POINT (-95.644945 29.706713)
3848,369783,397,12,385,4,0,4,64,2,62,196,8,188,106,2,104,0,0,0,PCI Health Training Center,Dallas,TX,-96.876316,32.82007,27,POINT (-96.876316 32.82007)
3849,369950,150,138,12,1,1,0,31,25,6,4,4,0,106,100,6,1,1,0,Hamrick School,Medina,OH,-81.728742,41.135812,7,POINT (-81.728742 41.135812)
3850,371052,243,56,187,3,1,2,137,32,105,5,1,4,70,13,57,0,0,0,Fortis College,Mobile,AL,-88.205581,30.68413,28,POINT (-88.205581 30.68413)
3851,371690,437,48,389,22,3,19,20,2,18,286,30,256,96,11,85,0,0,0,Downey Adult School,Downey,CA,-118.115727,33.91965,13,POINT (-118.115727 33.91965)
3852,371830,19,17,2,1,1,0,2,2,0,15,13,2,1,1,0,0,0,0,CRU Institute of Cosmetology and Barbering,Garden Grove,CA,-118.030758,33.790145,0,POINT (-118.030758 33.790145)
3853,371928,66,24,42,10,4,6,3,3,0,18,6,12,27,8,19,0,0,0,Modern Technology School,Fountain Valley,CA,-117.918837,33.723142,8,POINT (-117.918837 33.723142)
3854,371964,313,184,129,23,17,6,37,17,20,90,47,43,130,85,45,0,0,0,National Career Education,Citrus Heights,CA,-121.273917,38.679835,33,POINT (-121.273917 38.679835)
3855,372028,62,12,50,3,2,1,1,1,0,40,5,35,12,3,9,0,0,0,North-West College-Glendale,Glendale,CA,-118.255462,34.148981,6,POINT (-118.255462 34.148981)
3856,372073,98,31,67,11,2,9,18,6,12,41,19,22,11,2,9,0,0,0,Fremont College,Cerritos,CA,-118.097019,33.868382,17,POINT (-118.097019 33.868382)
3857,372082,31,6,25,2,1,1,3,1,2,24,4,20,2,0,2,0,0,0,Pomona Unified School District Adult and Career Education,Pomona,CA,-117.772606,34.054864,0,POINT (-117.772606 34.054864)
3858,372240,3,0,3,1,0,1,2,0,2,0,0,0,0,0,0,0,0,0,Universal College of Beauty Inc-Los Angeles 2,Los Angeles,CA,-118.332236,34.004498,0,POINT (-118.332236 34.004498)
3859,372329,142,11,131,0,0,0,5,3,2,42,1,41,93,7,86,0,0,0,IBMC College,Fort Collins,CO,-105.078989,40.534067,2,POINT (-105.078989 40.534067)
3860,372356,159,4,155,5,0,5,24,1,23,61,1,60,57,2,55,0,0,0,Avalon Institute-Aurora,Aurora,CO,-104.848602,39.676308,12,POINT (-104.848602 39.676308)
3861,372462,82,5,77,1,0,1,13,3,10,12,1,11,46,1,45,0,0,0,Academy of Cosmetology,Merritt Island,FL,-80.70372,28.394053,10,POINT (-80.70372 28.394053)
3862,372718,119,21,98,2,1,1,12,4,8,23,6,17,72,8,64,1,0,1,Sunstate Academy,Clearwater,FL,-82.732693,27.967041,9,POINT (-82.732693 27.967041)
3863,372921,390,130,260,6,1,5,241,86,155,70,17,53,55,21,34,0,0,0,Fortis College-Smyrna,Smyrna,GA,-84.543009,33.900255,18,POINT (-84.543009 33.900255)
3864,373085,35,1,34,1,0,1,8,1,7,2,0,2,22,0,22,0,0,0,Ross College-Davenport,Davenport,IA,-90.550669,41.555054,2,POINT (-90.550669 41.555054)
3865,373216,81,3,78,1,0,1,11,0,11,19,1,18,47,1,46,0,0,0,Pivot Point Academy,Bloomingdale,IL,-88.076665,41.955935,3,POINT (-88.076665 41.955935)
3866,373456,7,0,7,0,0,0,7,0,7,0,0,0,0,0,0,0,0,0,Blalock's Professional Beauty College,Shreveport,LA,-93.78425,32.426006,0,POINT (-93.78425 32.426006)
3867,373526,644,529,115,1,1,0,475,381,94,9,9,0,148,129,19,0,0,0,Diesel Driving Academy-Baton Rouge,Baton Rouge,LA,-91.103287,30.465289,11,POINT (-91.103287 30.465289)
3868,373678,149,48,101,12,3,9,27,2,25,35,11,24,63,28,35,0,0,0,New England Hair Academy,Malden,MA,-71.067282,42.427969,12,POINT (-71.067282 42.427969)
3869,373696,67,35,32,0,0,0,4,1,3,23,11,12,40,23,17,0,0,0,Rob Roy Academy-Worcester,Worcester,MA,-71.807728,42.263673,0,POINT (-71.807728 42.263673)
3870,373711,53,4,49,1,0,1,7,2,5,5,1,4,38,1,37,0,0,0,Upper Cape Cod Regional Technical School,Bourne,MA,-70.578837,41.745328,2,POINT (-70.578837 41.745328)
3871,373784,356,222,134,2,1,1,225,142,83,13,7,6,35,16,19,1,1,0,All-State Career-Baltimore,Baltimore,MD,-76.544942,39.264664,80,POINT (-76.544942 39.264664)
3872,374024,82,18,64,6,2,4,10,2,8,1,0,1,64,14,50,0,0,0,Adler Graduate School,Minnetonka,MN,-93.410236,44.893479,1,POINT (-93.410236 44.893479)
3873,374316,31,22,9,0,0,0,25,19,6,3,2,1,3,1,2,0,0,0,Academy of Hair Design-Jackson,Jackson,MS,-90.147044,32.376376,0,POINT (-90.147044 32.376376)
3874,374343,20,0,20,1,0,1,3,0,3,1,0,1,15,0,15,0,0,0,KC's School of Hair Design,Pontotoc,MS,-89.015947,34.256411,0,POINT (-89.015947 34.256411)
3875,374574,329,51,278,4,2,2,148,23,125,60,9,51,75,14,61,0,0,0,Lincoln Technical Institute-Moorestown,Moorestown,NJ,-74.955631,39.94847,42,POINT (-74.955631 39.94847)
3876,374592,40,9,31,1,0,1,11,2,9,10,4,6,18,3,15,0,0,0,MCVSD,Freehold,NJ,-74.249254,40.265559,0,POINT (-74.249254 40.265559)
3877,375106,156,142,14,8,8,0,44,41,3,17,16,1,82,73,9,0,0,0,National Tractor Trailer School Inc-Buffalo,Buffalo,NY,-78.856393,42.864978,5,POINT (-78.856393 42.864978)
3878,375230,32,32,0,0,0,0,0,0,0,0,0,0,32,32,0,0,0,0,Yeshiva Gedolah Imrei Yosef D'spinka,Brooklyn,NY,-73.992328,40.628468,0,POINT (-73.992328 40.628468)
3879,375373,152,52,100,1,0,1,4,1,3,3,1,2,138,45,93,0,0,0,Knox County Career Center,Mount Vernon,OH,-82.475117,40.375889,6,POINT (-82.475117 40.375889)
3880,375407,107,28,79,1,0,1,14,0,14,1,0,1,84,28,56,0,0,0,Madison Adult Career Center,Mansfield,OH,-82.460912,40.774328,7,POINT (-82.460912 40.774328)
3881,375416,203,53,150,8,4,4,139,31,108,17,3,14,30,12,18,0,0,0,Remington College-Cleveland Campus,Cleveland,OH,-81.579347,41.422951,9,POINT (-81.579347 41.422951)
3882,375540,78,1,77,0,0,0,45,0,45,7,0,7,22,1,21,0,0,0,Toledo Academy of Beauty Culture-East,OREGON,OH,-83.469064,41.638647,4,POINT (-83.469064 41.638647)
3883,375568,68,22,46,0,0,0,0,0,0,0,0,0,67,22,45,0,0,0,Brown & Clermont Adult Career Campuses,Bethel,OH,-84.094071,38.969393,1,POINT (-84.094071 38.969393)
3884,375656,73,33,40,0,0,0,2,1,1,10,3,7,14,6,8,0,0,0,Chisholm Trail Technology Center,Omega,OK,-98.20184,35.84221,47,POINT (-98.20184 35.84221)
3885,375683,389,204,185,3,1,2,8,2,6,20,11,9,277,143,134,0,0,0,Gordon Cooper Technology Center,Shawnee,OK,-96.908013,35.380321,81,POINT (-96.908013 35.380321)
3886,375726,888,425,463,12,5,7,33,14,19,71,39,32,498,235,263,0,0,0,Kiamichi Technology Center-McAlester,McAlester,OK,-95.745999,34.924173,274,POINT (-95.745999 34.924173)
3887,375939,1,1,0,0,0,0,0,0,0,0,0,0,1,1,0,0,0,0,YTI Career Institute-Altoona,Altoona,PA,-78.401194,40.485879,0,POINT (-78.401194 40.485879)
3888,375966,71,12,59,3,0,3,44,9,35,2,1,1,22,2,20,0,0,0,Eastern Center for Arts and Technology,Willow Grove,PA,-75.108649,40.158437,0,POINT (-75.108649 40.158437)
3889,375984,84,4,80,1,0,1,64,2,62,8,1,7,2,1,1,0,0,0,Empire Beauty School-Center City Philadelphia,Philadelphia,PA,-75.166566,39.950921,9,POINT (-75.166566 39.950921)
3890,376224,60,23,37,0,0,0,0,0,0,60,23,37,0,0,0,0,0,0,CEM College-Humacao,Humacao,PR,-65.821107,18.148771,0,POINT (-65.821107 18.148771)
3891,376242,118,75,43,0,0,0,0,0,0,118,75,43,0,0,0,0,0,0,Colegio Mayor de Tecnologia Inc,Arroyo,PR,-66.060473,17.970907,0,POINT (-66.060473 17.970907)
3892,376288,47,19,28,0,0,0,0,0,0,47,19,28,0,0,0,0,0,0,Institucion Chaviano de Mayaguez,Mayaguez,PR,-67.137002,18.200763,0,POINT (-67.137002 18.200763)
3893,376330,122,22,100,0,0,0,0,0,0,122,22,100,0,0,0,0,0,0,Liceo de Arte-Dise-O y Comercio,Caguas,PR,-66.034057,18.233122,0,POINT (-66.034057 18.233122)
3894,376385,171,77,94,0,0,0,1,1,0,170,76,94,0,0,0,0,0,0,Universal Technology College of Puerto Rico,Aguadilla,PR,-67.155628,18.42812,0,POINT (-67.155628 18.42812)
3895,376446,81,3,78,4,0,4,36,1,35,6,1,5,35,1,34,0,0,0,Academy of Hair Technology,Greenville,SC,-82.327426,34.874681,0,POINT (-82.327426 34.874681)
3896,376631,10,2,8,0,0,0,0,0,0,1,1,0,9,1,8,0,0,0,Mr Wayne's School of Unisex Hair Design,Cookeville,TN,-85.512381,36.158772,0,POINT (-85.512381 36.158772)
3897,376677,59,14,45,1,0,1,35,12,23,3,0,3,20,2,18,0,0,0,Queen City College,Clarksville,TN,-87.408706,36.573521,0,POINT (-87.408706 36.573521)
3898,376695,200,96,104,1,1,0,0,0,0,0,0,0,1,0,1,0,0,0,College of the Marshall Islands,Majuro,MH,171.378129,7.102688,198,POINT (171.378129 7.102688)
3899,377111,174,51,123,0,0,0,69,23,46,48,12,36,31,7,24,0,0,0,Remington College-Fort Worth Campus,Fort Worth,TX,-97.213702,32.776152,26,POINT (-97.213702 32.776152)
3900,377193,12,0,12,0,0,0,0,0,0,12,0,12,0,0,0,0,0,0,UCAS University of Cosmetology Arts & Sciences,San Antonio,TX,-98.484836,29.354354,0,POINT (-98.484836 29.354354)
3901,377218,129,127,2,1,1,0,5,5,0,26,24,2,90,90,0,0,0,0,School of Automotive Machinists & Technology,Houston,TX,-95.476017,29.805166,7,POINT (-95.476017 29.805166)
3902,377272,13,0,13,0,0,0,0,0,0,11,0,11,2,0,2,0,0,0,Nuvani Institute,San Antonio,TX,-98.498977,29.457062,0,POINT (-98.498977 29.457062)
3903,377281,39,4,35,0,0,0,7,1,6,25,3,22,7,0,7,0,0,0,Nuvani Institute,Eagle Pass,TX,-100.506009,28.707864,0,POINT (-100.506009 28.707864)
3904,377315,72,1,71,0,0,0,5,0,5,19,1,18,48,0,48,0,0,0,Texas College of Cosmetology-Abilene,Abilene,TX,-99.747159,32.448891,0,POINT (-99.747159 32.448891)
3905,377449,166,70,96,2,2,0,101,44,57,8,4,4,25,10,15,0,0,0,Centura College-Newport News,Newport News,VA,-76.517328,37.140484,30,POINT (-76.517328 37.140484)
3906,377458,144,39,105,2,1,1,77,16,61,15,5,10,22,5,17,0,0,0,Centura College-Norfolk,Norfolk,VA,-76.232569,36.908434,28,POINT (-76.232569 36.908434)
3907,377485,8,0,8,0,0,0,2,0,2,2,0,2,3,0,3,0,0,0,Virginia Beach City Public Schools School of Practical Nursing,Virginia Beach,VA,-76.074108,36.743065,1,POINT (-76.074108 36.743065)
3908,377546,14,3,11,3,1,2,1,1,0,0,0,0,9,1,8,0,0,0,Northwest College of Art & Design,Tacoma,WA,-122.43885,47.25249,1,POINT (-122.43885 47.25249)
3909,377555,2063,1015,1048,559,299,260,130,62,68,190,74,116,808,377,431,202,113,89,University of Washington-Bothell Campus,Bothell,WA,-122.191293,47.759773,174,POINT (-122.191293 47.759773)
3910,377564,1993,904,1089,363,179,184,166,67,99,262,108,154,817,388,429,131,73,58,University of Washington-Tacoma Campus,Tacoma,WA,-122.438541,47.244594,254,POINT (-122.438541 47.244594)
3911,377643,56,3,53,0,0,0,4,1,3,0,0,0,50,2,48,0,0,0,Huntington School of Beauty Culture,Huntington,WV,-82.325688,38.410212,2,POINT (-82.325688 38.410212)
3912,377652,62,2,60,1,0,1,7,0,7,0,0,0,38,1,37,0,0,0,Valley College-Beckley,Beckley,WV,-81.187539,37.789287,16,POINT (-81.187539 37.789287)
3913,377661,360,29,331,0,0,0,54,6,48,14,1,13,223,21,202,0,0,0,Valley College-Martinsburg,Martinsburg,WV,-77.959272,39.486897,69,POINT (-77.959272 39.486897)
3914,377722,330,9,321,26,1,25,13,2,11,82,5,77,165,1,164,0,0,0,Bellus Academy-Poway,Poway,CA,-117.042531,32.957184,44,POINT (-117.042531 32.957184)
3915,377759,43,42,1,3,3,0,2,2,0,27,27,0,11,10,1,0,0,0,Capstone College,Pasadena,CA,-118.149478,34.165741,0,POINT (-118.149478 34.165741)
3916,378105,232,15,217,9,0,9,3,0,3,197,13,184,17,1,16,0,0,0,Central Coast College,Salinas,CA,-121.655643,36.669595,6,POINT (-121.655643 36.669595)
3917,378576,587,112,475,74,15,59,23,4,19,61,13,48,292,51,241,1,0,1,Pacific College of Health and Science,San Diego,CA,-117.16073,32.778391,136,POINT (-117.16073 32.778391)
3918,378886,122,23,99,3,0,3,58,10,48,34,11,23,21,2,19,0,0,0,Artistic Nails and Beauty Academy-Tampa,Tampa,FL,-82.403486,27.951358,6,POINT (-82.403486 27.951358)
3919,378956,420,390,30,18,17,1,51,49,2,87,82,5,220,201,19,1,1,0,National Aviation Academy of Tampa Bay,Clearwater,FL,-82.721372,27.89484,43,POINT (-82.721372 27.89484)
3920,379621,41,5,36,1,1,0,7,1,6,3,0,3,26,2,24,0,0,0,Madison Oneida BOCES-Practical Nursing Program,Verona,NY,-75.560043,43.141074,4,POINT (-75.560043 43.141074)
3921,379746,107,1,106,3,0,3,31,0,31,67,1,66,3,0,3,0,0,0,College of Health Care Professions,Houston,TX,-95.420012,29.678462,3,POINT (-95.420012 29.678462)
3922,379782,201,21,180,7,1,6,58,8,50,58,3,55,75,9,66,0,0,0,Center for Advanced Legal Studies,Houston,TX,-95.558831,29.75302,3,POINT (-95.558831 29.75302)
3923,380067,32,0,32,0,0,0,10,0,10,22,0,22,0,0,0,0,0,0,Houston Training School-Main Campus,Houston,TX,-95.24417,29.77291,0,POINT (-95.24417 29.77291)
3924,380359,121,24,97,0,0,0,2,0,2,4,1,3,47,9,38,0,0,0,Bay Mills Community College,Brimley,MI,-84.607089,46.454584,68,POINT (-84.607089 46.454584)
3925,380368,169,65,104,2,1,1,10,8,2,7,3,4,112,42,70,0,0,0,Fond du Lac Tribal and Community College,Cloquet,MN,-92.451326,46.690069,38,POINT (-92.451326 46.690069)
3926,380377,120,35,85,0,0,0,1,1,0,0,0,0,11,1,10,0,0,0,Northwest Indian College,Bellingham,WA,-122.614656,48.794131,108,POINT (-122.614656 48.794131)
3927,380438,146,27,119,3,0,3,1,0,1,13,3,10,124,22,102,0,0,0,Provo College,Provo,UT,-111.68431,40.245294,5,POINT (-111.68431 40.245294)
3928,381255,50,38,12,0,0,0,1,1,0,48,36,12,1,1,0,0,0,0,CET-Coachella,Coachella,CA,-116.185875,33.692248,0,POINT (-116.185875 33.692248)
3929,381282,57,16,41,1,1,0,0,0,0,54,14,40,2,1,1,0,0,0,CET-Oxnard,Oxnard,CA,-119.18145,34.194208,0,POINT (-119.18145 34.194208)
3930,381325,73,6,67,0,0,0,0,0,0,69,5,64,2,0,2,0,0,0,CET-Santa Maria,Santa Maria,CA,-120.441978,34.943576,2,POINT (-120.441978 34.943576)
3931,381352,28,4,24,2,0,2,2,1,1,5,2,3,16,0,16,0,0,0,Colorado School of Traditional Chinese Medicine,Denver,CO,-104.960118,39.739437,3,POINT (-104.960118 39.739437)
3932,381370,194,2,192,1,0,1,77,1,76,7,0,7,94,1,93,0,0,0,Michigan College of Beauty-Troy,Troy,MI,-83.12734,42.570337,15,POINT (-83.12734 42.570337)
3933,381404,304,9,295,2,0,2,148,2,146,85,3,82,43,3,40,0,0,0,Ogle School Hair Skin Nails-Dallas,Dallas,TX,-96.754693,32.836833,26,POINT (-96.754693 32.836833)
3934,381459,48,32,16,3,2,1,5,4,1,3,3,0,33,21,12,0,0,0,Phoenix Seminary,Scottsdale,AZ,-111.910665,33.581645,4,POINT (-111.910665 33.581645)
3935,381486,8,1,7,0,0,0,0,0,0,2,0,2,6,1,5,0,0,0,Faust Institute of Cosmetology-Spirit Lake,Spirit Lake,IA,-95.113596,43.42141,0,POINT (-95.113596 43.42141)
3936,381699,26,1,25,0,0,0,4,1,3,8,0,8,14,0,14,0,0,0,Cheeks Beauty Academy,Loveland,CO,-105.078334,40.445169,0,POINT (-105.078334 40.445169)
3937,381732,63,11,52,0,0,0,0,0,0,6,0,6,51,10,41,3,0,3,Colorado School of Healing Arts,Lakewood,CO,-105.082406,39.697033,3,POINT (-105.082406 39.697033)
3938,382258,76,18,58,9,5,4,13,0,13,23,4,19,30,9,21,0,0,0,Mt. Diablo Adult Education-Mt. Diablo USD,Concord,CA,-122.026805,37.968852,1,POINT (-122.026805 37.968852)
3939,382416,65,9,56,3,0,3,20,8,12,16,0,16,23,1,22,0,0,0,Greater Lowell Technical School,Tyngsboro,MA,-71.38618,42.653908,3,POINT (-71.38618 42.653908)
3940,382461,17,0,17,0,0,0,5,0,5,0,0,0,12,0,12,0,0,0,Academy of Hair Design-Pearl,Pearl,MS,-90.115129,32.281983,0,POINT (-90.115129 32.281983)
3941,382780,91,0,91,0,0,0,29,0,29,17,0,17,40,0,40,0,0,0,Genesis Career College-Lebanon,Lebanon,TN,-86.337952,36.21618,5,POINT (-86.337952 36.21618)
3942,382911,25,15,10,1,0,1,4,4,0,13,7,6,3,2,1,3,2,1,Southwest Collegiate Institute for the Deaf,Big Spring,TX,-101.50294,32.226498,1,POINT (-101.50294 32.226498)
3943,382957,213,71,142,4,2,2,145,44,101,7,2,5,43,16,27,0,0,0,Fortis College-Richmond,Richmond,VA,-77.488437,37.58153,14,POINT (-77.488437 37.58153)
3944,383020,10,1,9,0,0,0,0,0,0,1,0,1,9,1,8,0,0,0,Midwest College of Oriental Medicine-Racine,Racine,WI,-87.856679,42.678051,0,POINT (-87.856679 42.678051)
3945,383084,267,143,124,55,41,14,8,4,4,186,90,96,16,7,9,0,0,0,Hacienda La Puente Adult Education,La Puente,CA,-117.979559,34.044112,2,POINT (-117.979559 34.044112)
3946,383163,447,0,447,13,0,13,5,0,5,429,0,429,0,0,0,0,0,0,La Belle Beauty Academy,Miami,FL,-80.31582,25.769614,0,POINT (-80.31582 25.769614)
3947,383190,432,185,247,88,33,55,2,0,2,70,28,42,52,20,32,10,3,7,Hawaii Community College,Hilo,HI,-155.069653,19.704756,210,POINT (-155.069653 19.704756)
3948,383279,82,18,64,3,1,2,17,3,14,29,7,22,26,6,20,2,0,2,Robert Fiance Beauty Schools-North Plainfield,North Plainfield,NJ,-74.427019,40.622543,5,POINT (-74.427019 40.622543)
3949,383297,140,3,137,4,0,4,13,0,13,28,1,27,83,2,81,1,0,1,Long Island Beauty School-Hauppauge,Hauppauge,NY,-73.200285,40.828573,11,POINT (-73.200285 40.828573)
3950,383312,50,21,29,1,1,0,0,0,0,0,0,0,49,20,29,0,0,0,Buckeye Joint Vocational School,New Philadelphia,OH,-81.401957,40.470531,0,POINT (-81.401957 40.470531)
3951,383330,62,3,59,0,0,0,20,1,19,3,0,3,31,2,29,0,0,0,Sandusky Career Center,Sandusky,OH,-82.766473,41.440957,8,POINT (-82.766473 41.440957)
3952,383367,179,76,103,1,0,1,6,0,6,3,1,2,163,72,91,0,0,0,Greater Altoona Career & Technology Center,Altoona,PA,-78.398094,40.508337,6,POINT (-78.398094 40.508337)
3953,383464,39,6,33,3,0,3,16,2,14,9,1,8,10,3,7,0,0,0,Central Texas Beauty College-Temple,Temple,TX,-97.379234,31.084871,1,POINT (-97.379234 31.084871)
3954,383525,43,2,41,0,0,0,23,1,22,0,0,0,20,1,19,0,0,0,Erie 2 Chautauqua Cattaraugus BOCES-Practical Nursing Program,Angola,NY,-79.387599,42.110198,0,POINT (-79.387599 42.110198)
3955,383765,53,0,53,1,0,1,27,0,27,9,0,9,12,0,12,0,0,0,Empire Beauty School-Brooklyn,Brooklyn,NY,-73.989884,40.599279,4,POINT (-73.989884 40.599279)
3956,383996,72,21,51,0,0,0,0,0,0,22,5,17,26,12,14,2,0,2,Eastern New Mexico University Ruidoso Branch Community College,Ruidoso,NM,-105.677273,33.346376,22,POINT (-105.677273 33.346376)
3957,384236,444,164,280,3,0,3,17,3,14,161,54,107,20,14,6,0,0,0,United Education Institute-Ontario,Ontario,CA,-117.547733,34.0694,243,POINT (-117.547733 34.0694)
3958,384245,508,194,314,6,3,3,10,4,6,151,53,98,12,5,7,0,0,0,United Education Institute-Encino,Encino,CA,-118.50213,34.170205,329,POINT (-118.50213 34.170205)
3959,384254,111,63,48,4,2,2,20,10,10,9,7,2,74,42,32,1,1,0,Beacon College,Leesburg,FL,-81.87415,28.811281,3,POINT (-81.87415 28.811281)
3960,384306,19,3,16,2,1,1,0,0,0,1,0,1,14,1,13,0,0,0,Acupuncture and Integrative Medicine College-Berkeley,Berkeley,CA,-122.267636,37.862754,2,POINT (-122.267636 37.862754)
3961,384333,1109,371,738,36,16,20,76,25,51,569,169,400,338,136,202,3,2,1,Estrella Mountain Community College,Avondale,AZ,-112.343158,33.480722,87,POINT (-112.343158 33.480722)
3962,384342,1091,362,729,21,8,13,78,19,59,76,32,44,835,276,559,14,10,4,Heartland Community College,Normal,IL,-89.014776,40.53301,67,POINT (-89.014776 40.53301)
3963,384412,30,20,10,2,2,0,4,1,3,1,0,1,2,1,1,21,16,5,University of the Potomac-Washington DC Campus,Washington,DC,-77.032531,38.90054,0,POINT (-77.032531 38.90054)
3964,384421,5,5,0,0,0,0,0,0,0,0,0,0,5,5,0,0,0,0,Rabbi Jacob Joseph School,Edison,NJ,-74.397954,40.501001,0,POINT (-74.397954 40.501001)
3965,385132,123,8,115,1,1,0,22,2,20,21,0,21,72,4,68,0,0,0,The Salon Professional Academy-Melbourne,Melbourne,FL,-80.651439,28.081445,7,POINT (-80.651439 28.081445)
3966,385415,258,128,130,61,31,30,12,4,8,26,9,17,119,68,51,5,3,2,Albert Einstein College of Medicine,Bronx,NY,-73.846327,40.852847,35,POINT (-73.846327 40.852847)
3967,385503,140,8,132,15,4,11,12,2,10,17,1,16,81,1,80,0,0,0,Fortis Institute-Scranton,Scranton,PA,-75.651683,41.417104,15,POINT (-75.651683 41.417104)
3968,385619,474,265,209,9,3,6,94,55,39,110,57,53,200,115,85,2,2,0,Everglades University,Boca Raton,FL,-80.108331,26.391218,59,POINT (-80.108331 26.391218)
3969,386153,216,0,216,0,0,0,0,0,0,0,0,0,216,0,216,0,0,0,Seminar L'moros Bais Yaakov,Brooklyn,NY,-73.985376,40.634863,0,POINT (-73.985376 40.634863)
3970,386472,278,48,230,12,5,7,88,12,76,68,10,58,95,16,79,0,0,0,Herzing University-Orlando,Winter Park,FL,-81.312669,28.615784,15,POINT (-81.312669 28.615784)
3971,387925,83,15,68,3,0,3,27,7,20,18,3,15,33,5,28,0,0,0,Cortiva Institute,Pompano Beach,FL,-80.150541,26.275351,2,POINT (-80.150541 26.275351)
3972,388520,43,17,26,0,0,0,18,6,12,12,3,9,11,7,4,0,0,0,College of Biblical Studies-Houston,Houston,TX,-95.506559,29.716676,2,POINT (-95.506559 29.716676)
3973,388663,72,6,66,8,3,5,52,3,49,5,0,5,6,0,6,0,0,0,Inner State Beauty School,Lyndhurst,OH,-81.494178,41.519527,1,POINT (-81.494178 41.519527)
3974,389860,168,108,60,1,0,1,11,9,2,1,1,0,147,92,55,0,0,0,Mid-EastCTC-Adult Education,Zanesville,OH,-81.976056,39.937192,8,POINT (-81.976056 39.937192)
3975,390905,230,135,95,4,1,3,16,13,3,17,10,7,175,100,75,0,0,0,Polaris Career Center,Middleburg Heights,OH,-81.832474,41.3644,18,POINT (-81.832474 41.3644)
3976,391005,53,1,52,0,0,0,53,1,52,0,0,0,0,0,0,0,0,0,P&A Scholars Beauty School,Detroit,MI,-83.157878,42.376091,0,POINT (-83.157878 42.376091)
3977,391759,11,0,11,1,0,1,1,0,1,0,0,0,9,0,9,0,0,0,Sharp's Academy of Hairstyling,Grand Blanc,MI,-83.624526,42.912036,0,POINT (-83.624526 42.912036)
3978,392257,1126,79,1047,19,5,14,321,20,301,536,42,494,181,7,174,0,0,0,The College of Health Care Professions-Northwest,Houston,TX,-95.454298,29.799602,69,POINT (-95.454298 29.799602)
3979,392354,10,3,7,0,0,0,0,0,0,0,0,0,10,3,7,0,0,0,"School of Professional Horticulture, New York Botanical Garden",Bronx,NY,-73.878164,40.866742,0,POINT (-73.878164 40.866742)
3980,392415,225,51,174,8,1,7,112,21,91,76,20,56,17,7,10,0,0,0,Fortis College,Houston,TX,-95.64832,29.732861,12,POINT (-95.64832 29.732861)
3981,393524,103,12,91,64,1,63,5,0,5,25,10,15,2,0,2,6,1,5,Alhambra Beauty College,Alhambra,CA,-118.129041,34.093916,1,POINT (-118.129041 34.093916)
3982,393649,701,293,408,7,3,4,90,34,56,220,93,127,13,6,7,0,0,0,UEI College-Gardena,Gardena,CA,-118.287234,33.893016,371,POINT (-118.287234 33.893016)
3983,393861,363,52,311,358,51,307,0,0,0,1,1,0,0,0,0,4,0,4,Asian-American International Beauty College,Westminster,CA,-117.991643,33.759524,0,POINT (-117.991643 33.759524)
3984,395362,185,43,142,5,0,5,6,3,3,60,10,50,88,19,69,0,0,0,Copper Mountain Community College,Joshua Tree,CA,-116.213939,34.140464,26,POINT (-116.213939 34.140464)
3985,395690,277,173,104,2,1,1,103,74,29,73,37,36,48,25,23,0,0,0,Diversified Vocational College,Los Angeles,CA,-118.272364,34.056102,51,POINT (-118.272364 34.056102)
3986,397942,565,181,384,15,7,8,16,8,8,166,45,121,17,6,11,0,0,0,UEI College-Fresno,Fresno,CA,-119.789002,36.782858,351,POINT (-119.789002 36.782858)
3987,399212,1562,875,687,142,80,62,16,14,2,735,366,369,535,346,189,21,9,12,Santiago Canyon College,Orange,CA,-117.766762,33.795449,113,POINT (-117.766762 33.795449)
3988,399869,402,388,14,40,37,3,20,19,1,238,231,7,72,71,1,0,0,0,Southern California Institute of Technology,Anaheim,CA,-117.950661,33.8381,32,POINT (-117.950661 33.8381)
3989,399911,91,33,58,11,1,10,5,1,4,8,5,3,18,6,12,42,18,24,Soka University of America,Aliso Viejo,CA,-117.735344,33.554546,7,POINT (-117.735344 33.554546)
3990,400080,799,524,275,46,26,20,95,38,57,425,288,137,157,123,34,0,0,0,Summit College,San Bernardino,CA,-117.26818,34.072073,76,POINT (-117.26818 34.072073)
3991,400187,484,49,435,333,44,289,12,0,12,64,1,63,34,1,33,4,0,4,Advance Beauty College,Garden Grove,CA,-117.952637,33.759905,37,POINT (-117.952637 33.759905)
3992,400558,26,14,12,25,13,12,0,0,0,1,1,0,0,0,0,0,0,0,Los Angeles Pacific College,Los Angeles,CA,-118.295037,34.062282,0,POINT (-118.295037 34.062282)
3993,401223,104,37,67,46,7,39,0,0,0,20,13,7,0,0,0,38,17,21,World Mission University,Los Angeles,CA,-118.289484,34.064918,0,POINT (-118.289484 34.064918)
3994,401250,20,4,16,2,1,1,1,0,1,1,0,1,14,1,13,0,0,0,Yo San University of Traditional Chinese Medicine,Los Angeles,CA,-118.442756,33.993287,2,POINT (-118.442756 33.993287)
3995,401481,2,0,2,0,0,0,2,0,2,0,0,0,0,0,0,0,0,0,Cannella School of Hair Design-Blue Island,Blue Island,IL,-87.679865,41.657848,0,POINT (-87.679865 41.657848)
3996,401764,142,1,141,2,0,2,115,0,115,9,0,9,9,0,9,0,0,0,John Amico School of Hair Design,Oak Forest,IL,-87.736464,41.613957,7,POINT (-87.736464 41.613957)
3997,402563,136,4,132,1,0,1,33,2,31,5,0,5,90,2,88,0,0,0,Delta College Inc,Covington,LA,-90.086695,30.467468,7,POINT (-90.086695 30.467468)
3998,402800,114,6,108,0,0,0,5,0,5,83,5,78,13,1,12,0,0,0,Tri-State Cosmetology Institute,El Paso,TX,-106.3372,31.749969,13,POINT (-106.3372 31.749969)
3999,403469,145,77,68,2,0,2,1,1,0,7,4,3,130,69,61,0,0,0,Frontier Community College,Fairfield,IL,-88.392194,38.380271,5,POINT (-88.392194 38.380271)
4000,403478,156,80,76,1,1,0,9,4,5,3,0,3,139,74,65,0,0,0,Lincoln Trail College,Robinson,IL,-87.689001,39.01958,4,POINT (-87.689001 39.01958)
4001,403487,192,94,98,2,0,2,10,6,4,10,2,8,166,85,81,0,0,0,Wabash Valley College,Mount Carmel,IL,-87.778448,38.42889,4,POINT (-87.778448 38.42889)
4002,404037,28,1,27,0,0,0,1,0,1,10,1,9,17,0,17,0,0,0,American Institute of Interior Design,Scottsdale,AZ,-111.925097,33.623816,0,POINT (-111.925097 33.623816)
4003,404055,258,28,230,4,0,4,33,6,27,95,11,84,63,7,56,0,0,0,Brookline College-Tempe,Tempe,AZ,-111.961365,33.4163,63,POINT (-111.961365 33.4163)
4004,404222,39,18,21,8,2,6,0,0,0,26,15,11,4,0,4,0,0,0,Inter American University of Puerto Rico-School of Optometry,Bayamon,PR,-66.182473,18.351631,1,POINT (-66.182473 18.351631)
4005,404338,13,5,8,0,0,0,2,1,1,2,0,2,7,3,4,0,0,0,Schiller International University,Tampa,FL,-82.459292,27.947866,2,POINT (-82.459292 27.947866)
4006,404426,506,193,313,7,4,3,3,2,1,93,26,67,264,126,138,0,0,0,Coconino Community College,Flagstaff,AZ,-111.645631,35.171328,139,POINT (-111.645631 35.171328)
4007,404684,166,42,124,0,0,0,0,0,0,166,42,124,0,0,0,0,0,0,Emma's Beauty Academy-Juana Diaz,Juana Diaz,PR,-66.504191,18.041587,0,POINT (-66.504191 18.041587)
4008,404718,65,2,63,1,0,1,8,0,8,5,0,5,50,2,48,0,0,0,Brillare Beauty Institute,Cleveland,TN,-84.881446,35.191417,1,POINT (-84.881446 35.191417)
4009,404912,457,69,388,17,4,13,10,2,8,210,18,192,205,41,164,0,0,0,Pima Medical Institute-Denver,Denver,CO,-105.00252,39.831679,15,POINT (-105.00252 39.831679)
4010,404994,1031,297,734,62,17,45,225,69,156,259,42,217,71,20,51,388,143,245,ASA College,Brooklyn,NY,-73.986076,40.691464,26,POINT (-73.986076 40.691464)
4011,405012,30,1,29,0,0,0,0,0,0,0,0,0,30,1,29,0,0,0,Ohio State School of Cosmetology-Heath,Heath,OH,-82.440975,40.03011,0,POINT (-82.440975 40.03011)
4012,405058,1,1,0,0,0,0,0,0,0,0,0,0,1,1,0,0,0,0,Yeshivas Novominsk,Brooklyn,NY,-73.990095,40.623293,0,POINT (-73.990095 40.623293)
4013,405076,381,88,293,3,1,2,16,4,12,175,44,131,181,38,143,0,0,0,Southern Careers Institute-Corpus Christi,Corpus Christi,TX,-97.363145,27.68504,6,POINT (-97.363145 27.68504)
4014,405854,68,68,0,0,0,0,0,0,0,0,0,0,68,68,0,0,0,0,Rabbinical College of Ohr Shimon Yisroel,Brooklyn,NY,-73.956772,40.704389,0,POINT (-73.956772 40.704389)
4015,405872,566,238,328,8,4,4,17,5,12,28,12,16,486,204,282,1,0,1,Carroll Community College,Westminster,MD,-76.991113,39.531805,26,POINT (-76.991113 39.531805)
4016,406024,603,72,531,22,5,17,106,6,100,85,10,75,328,46,282,0,0,0,Galen College of Nursing-Tampa Bay,Saint Petersburg,FL,-82.648151,27.865391,62,POINT (-82.648151 27.865391)
4017,406033,1036,130,906,26,4,22,115,17,98,406,57,349,362,36,326,0,0,0,Galen College of Nursing-San Antonio,San Antonio,TX,-98.585653,29.507685,127,POINT (-98.585653 29.507685)
4018,406149,58,20,38,1,1,0,3,2,1,2,2,0,46,14,32,0,0,0,Sarasota School of Massage Therapy,Sarasota,FL,-82.485901,27.389606,6,POINT (-82.485901 27.389606)
4019,406325,92,10,82,3,0,3,8,0,8,1,0,1,77,10,67,0,0,0,Schuyler Steuben Chemung Tioga Allegany BOCES,Elmira,NY,-76.839771,42.150743,3,POINT (-76.839771 42.150743)
4020,406361,16,1,15,0,0,0,2,0,2,0,0,0,14,1,13,0,0,0,Delaware Chenango Madison Otsego BOCES-Practical Nursing Program,Norwich,NY,-75.520079,42.585293,0,POINT (-75.520079 42.585293)
4021,406413,41,8,33,0,0,0,5,1,4,1,0,1,28,6,22,0,0,0,DCI Career Institute,Monaca,PA,-80.314664,40.675819,7,POINT (-80.314664 40.675819)
4022,406422,80,6,74,1,0,1,1,0,1,0,0,0,78,6,72,0,0,0,Central Susquehanna Intermediate Unit LPN Career,Lewisburg,PA,-76.898531,40.96285,0,POINT (-76.898531 40.96285)
4023,406486,78,21,57,3,1,2,2,1,1,9,1,8,57,15,42,0,0,0,Myotherapy College of Utah,Millcreek City,UT,-111.871866,40.686411,7,POINT (-111.871866 40.686411)
4024,406547,30,4,26,0,0,0,10,3,7,3,0,3,16,1,15,0,0,0,City College-Gainesville,Gainesville,FL,-82.417302,29.654852,1,POINT (-82.417302 29.654852)
4025,407090,219,3,216,4,0,4,60,0,60,63,1,62,89,2,87,0,0,0,G Skin & Beauty Institute,Oakbrook,IL,-87.949684,41.851403,3,POINT (-87.949684 41.851403)
4026,407142,47,1,46,0,0,0,3,1,2,0,0,0,44,0,44,0,0,0,Cosmetology Training Center,Lafayette,LA,-92.073116,30.180961,0,POINT (-92.073116 30.180961)
4027,407151,32,2,30,0,0,0,1,0,1,1,0,1,30,2,28,0,0,0,Stage One-The Hair School,Lake Charles,LA,-93.221606,30.195982,0,POINT (-93.221606 30.195982)
4028,407179,48,1,47,0,0,0,7,0,7,12,1,11,15,0,15,0,0,0,Empire Beauty School-Malden,Malden,MA,-71.076619,42.427368,14,POINT (-71.076619 42.427368)
4029,407355,111,7,104,1,0,1,13,1,12,23,4,19,72,2,70,0,0,0,Xenon International Academy-Omaha,Omaha,NE,-96.044713,41.201963,2,POINT (-96.044713 41.201963)
4030,407391,44,8,36,0,0,0,3,1,2,5,2,3,33,4,29,0,0,0,Capri Institute of Hair Design-Brick,Brick,NJ,-74.143232,40.03772,3,POINT (-74.143232 40.03772)
4031,407407,44,7,37,1,0,1,21,3,18,15,3,12,6,1,5,0,0,0,Capri Institute of Hair Design-Kenilworth,Kenilworth,NJ,-74.29462,40.688912,1,POINT (-74.29462 40.688912)
4032,407425,35,4,31,0,0,0,5,0,5,8,1,7,22,3,19,0,0,0,Capri Institute of Hair Design-Paramus,Paramus,NJ,-74.071583,40.962698,0,POINT (-74.071583 40.962698)
4033,407434,41,0,41,0,0,0,6,0,6,1,0,1,34,0,34,0,0,0,Orlo School of Hair Design and Cosmetology,Albany,NY,-73.784587,42.674053,0,POINT (-73.784587 42.674053)
4034,407461,85,66,19,0,0,0,21,20,1,2,2,0,58,41,17,0,0,0,Eastland-Fairfield Career and Technical Schools,Groveport,OH,-82.884305,39.88667,4,POINT (-82.884305 39.88667)
4035,407470,43,2,41,0,0,0,39,1,38,1,0,1,3,1,2,0,0,0,Empire Beauty School-Cincinnati,Cincinnati,OH,-84.588841,39.22325,0,POINT (-84.588841 39.22325)
4036,407489,111,83,28,0,0,0,6,5,1,0,0,0,99,73,26,0,0,0,Mahoning County Career and Technical Center,Canfield,OH,-80.787668,41.032696,6,POINT (-80.787668 41.032696)
4037,407513,160,74,86,0,0,0,1,0,1,1,0,1,151,69,82,0,0,0,Pickaway Ross Joint Vocational School District,Chillicothe,OH,-83.0027,39.362601,7,POINT (-83.0027 39.362601)
4038,407522,62,26,36,2,1,1,4,2,2,5,2,3,49,20,29,0,0,0,Pioneer Career and Technology Center,Shelby,OH,-82.670445,40.903305,2,POINT (-82.670445 40.903305)
4039,407568,81,3,78,1,0,1,22,2,20,2,0,2,53,1,52,0,0,0,Raphael's School of Beauty Culture Inc-Boardman,Boardman,OH,-80.679801,41.02371,3,POINT (-80.679801 41.02371)
4040,407577,158,44,114,0,0,0,2,1,1,3,1,2,153,42,111,0,0,0,Scioto County Career Technical Center,Lucasville,OH,-82.979481,38.854707,0,POINT (-82.979481 38.854707)
4041,407595,55,18,37,0,0,0,12,1,11,1,0,1,39,16,23,0,0,0,Trumbull Career & Technical Center,Warren,OH,-80.824807,41.280649,3,POINT (-80.824807 41.280649)
4042,407610,5,2,3,0,0,0,0,0,0,0,0,0,5,2,3,0,0,0,Pacific Bible College,Medford,OR,-122.874107,42.324959,0,POINT (-122.874107 42.324959)
4043,407629,1252,632,620,288,148,140,75,30,45,100,37,63,757,400,357,0,0,0,Lake Erie College of Osteopathic Medicine,Erie,PA,-80.105969,42.080699,32,POINT (-80.105969 42.080699)
4044,407683,65,4,61,0,0,0,0,0,0,65,4,61,0,0,0,0,0,0,UCAS University of Cosmetology Arts & Sciences-Harlingen,Harlingen,TX,-97.684044,26.20168,0,POINT (-97.684044 26.20168)
4045,407708,76,3,73,10,1,9,5,0,5,8,0,8,40,2,38,0,0,0,Highlights Beauty Schools,Federal Way,WA,-122.304472,47.320505,13,POINT (-122.304472 47.320505)
4046,407735,38,1,37,4,0,4,4,0,4,5,0,5,24,1,23,0,0,0,Empire Beauty School-Green Bay,Ashwaubenon,WI,-88.076427,44.477375,1,POINT (-88.076427 44.477375)
4047,407832,272,172,100,5,1,4,4,1,3,1,0,1,240,156,84,0,0,0,Warren County Career Center,Lebanon,OH,-84.202969,39.488772,22,POINT (-84.202969 39.488772)
4048,408066,87,26,61,4,0,4,9,7,2,25,14,11,46,5,41,0,0,0,Paul Mitchell the School-Wichita,Wichita,KS,-97.2432,37.741502,3,POINT (-97.2432 37.741502)
4049,408163,21,0,21,0,0,0,4,0,4,0,0,0,16,0,16,0,0,0,Pinnacle Institute of Cosmetology,Mooresville,NC,-80.816426,35.596894,1,POINT (-80.816426 35.596894)
4050,408385,458,198,260,1,0,1,2,2,0,381,164,217,70,30,40,0,0,0,Southern Careers Institute-Pharr,Pharr,TX,-98.201038,26.211217,4,POINT (-98.201038 26.211217)
4051,408729,62,7,55,0,0,0,2,0,2,0,0,0,57,7,50,0,0,0,Laurel Technical Institute,MEADVILLE,PA,-80.222294,41.626047,3,POINT (-80.222294 41.626047)
4052,408844,926,208,718,2,1,1,43,11,32,813,167,646,14,2,12,48,24,24,Florida National University-Main Campus,Hialeah,FL,-80.321846,25.86178,6,POINT (-80.321846 25.86178)
4053,408862,140,5,135,2,0,2,50,3,47,14,0,14,73,2,71,0,0,0,Georgia Institute of Cosmetology,Athens,GA,-83.454584,33.936847,1,POINT (-83.454584 33.936847)
4054,409032,98,2,96,0,0,0,0,0,0,98,2,96,0,0,0,0,0,0,Nouvelle Institute,Miami,FL,-80.249645,25.779494,0,POINT (-80.249645 25.779494)
4055,409120,63,24,39,0,0,0,0,0,0,6,0,6,51,23,28,0,0,0,Franklin Technology Center Adult Education,Joplin,MO,-94.516401,37.082409,6,POINT (-94.516401 37.082409)
4056,409193,143,137,6,0,0,0,0,0,0,143,137,6,0,0,0,0,0,0,Professional Technical Institution,Bayamon,PR,-66.174733,18.377668,0,POINT (-66.174733 18.377668)
4057,409254,155,4,151,1,0,1,31,1,30,18,0,18,94,3,91,4,0,4,Erikson Institute,Chicago,IL,-87.632178,41.890663,7,POINT (-87.632178 41.890663)
4058,409315,5441,2038,3403,40,18,22,16,5,11,5221,1932,3289,116,63,53,0,0,0,South Texas College,McAllen,TX,-98.253634,26.217591,48,POINT (-98.253634 26.217591)
4059,409537,51,23,28,0,0,0,1,0,1,0,0,0,50,23,27,0,0,0,Pike County Joint Vocational School District,Piketon,OH,-83.007113,39.054045,0,POINT (-83.007113 39.054045)
4060,409591,86,10,76,0,0,0,11,0,11,16,1,15,47,7,40,0,0,0,Lorain County Joint Vocational School District,Oberlin,OH,-82.213852,41.262182,12,POINT (-82.213852 41.262182)
4061,409616,153,66,87,6,0,6,12,5,7,25,7,18,95,48,47,2,0,2,Roger Williams University School of Law,Bristol,RI,-71.261978,41.650974,13,POINT (-71.261978 41.650974)
4062,409698,2170,754,1416,155,65,90,79,35,44,1036,310,726,574,222,352,95,32,63,California State University-Monterey Bay,Seaside,CA,-121.796178,36.652397,231,POINT (-121.796178 36.652397)
4063,410797,198,119,79,0,0,0,123,75,48,11,8,3,46,29,17,0,0,0,Ohio Media School-Valley View,Valley View,OH,-81.615624,41.393531,18,POINT (-81.615624 41.393531)
4064,410964,26,0,26,5,0,5,0,0,0,4,0,4,16,0,16,0,0,0,EINE Inc,Tewksbury,MA,-71.220396,42.598024,1,POINT (-71.220396 42.598024)
4065,411684,76,20,56,33,8,25,6,2,4,33,9,24,3,0,3,0,0,0,Marian Health Careers Center-Los Angeles Campus,Los Angeles,CA,-118.295073,34.062096,1,POINT (-118.295073 34.062096)
4066,411754,16,5,11,0,0,0,2,1,1,0,0,0,14,4,10,0,0,0,Cleveland Clinic Health System-School of Diagnostic Imaging,Euclid,OH,-81.548554,41.598918,0,POINT (-81.548554 41.598918)
4067,412173,129,7,122,1,1,0,98,4,94,14,1,13,16,1,15,0,0,0,Academy for Nursing and Health Occupations,West Palm Beach,FL,-80.121497,26.70653,0,POINT (-80.121497 26.70653)
4068,412535,15,3,12,0,0,0,11,3,8,0,0,0,2,0,2,2,0,2,Shawsheen Valley School of Practical Nursing,Billerica,MA,-71.217926,42.546696,0,POINT (-71.217926 42.546696)
4069,412544,165,28,137,5,0,5,34,2,32,20,3,17,85,22,63,0,0,0,Shear Ego International School of Hair Design,Rochester,NY,-77.602821,43.208124,21,POINT (-77.602821 43.208124)
4070,412599,264,69,195,2,0,2,243,61,182,4,1,3,13,7,6,0,0,0,Remington College-Memphis Campus,Memphis,TN,-89.989881,35.071403,2,POINT (-89.989881 35.071403)
4071,413176,27,9,18,0,0,0,1,0,1,0,0,0,26,9,17,0,0,0,Fayette Institute of Technology,Oak Hill,WV,-81.146785,37.988801,0,POINT (-81.146785 37.988801)
4072,413413,14303,2521,11782,509,117,392,3227,512,2715,1245,246,999,6787,1171,5616,83,34,49,Capella University,Minneapolis,MN,-93.268796,44.976286,2452,POINT (-93.268796 44.976286)
4073,413617,26,6,20,0,0,0,0,0,0,0,0,0,5,0,5,0,0,0,College of Menominee Nation,Keshena,WI,-88.625628,44.859044,21,POINT (-88.625628 44.859044)
4074,413626,32,12,20,0,0,0,0,0,0,0,0,0,3,1,2,0,0,0,Leech Lake Tribal College,Cass Lake,MN,-94.651563,47.395686,29,POINT (-94.651563 47.395686)
4075,413680,209,194,15,19,18,1,15,14,1,132,123,9,15,13,2,1,1,0,Spartan College of Aeronautics & Technology,Inglewood,CA,-118.377744,33.956018,27,POINT (-118.377744 33.956018)
4076,413778,78,4,74,3,0,3,22,0,22,27,2,25,19,2,17,0,0,0,Stone Academy-Waterbury,Waterbury,CT,-72.98033,41.54509,7,POINT (-72.98033 41.54509)
4077,413820,12,0,12,1,0,1,1,0,1,0,0,0,10,0,10,0,0,0,Yukon Beauty College Inc,Yukon,OK,-97.74668,35.508293,0,POINT (-97.74668 35.508293)
4078,413893,657,191,466,1,0,1,209,48,161,33,11,22,7,1,6,0,0,0,United Education Institute-Morrow,Morrow,GA,-84.335896,33.574109,407,POINT (-84.335896 33.574109)
4079,413945,49,2,47,3,1,2,4,0,4,7,0,7,34,1,33,1,0,1,Toni & Guy Hairdressing Academy-Atlanta,Marietta,GA,-84.51407,33.952158,0,POINT (-84.51407 33.952158)
4080,413972,8,0,8,0,0,0,1,0,1,1,0,1,6,0,6,0,0,0,Mitchells Academy,Raleigh,NC,-78.742438,35.764652,0,POINT (-78.742438 35.764652)
4081,414063,114,1,113,5,0,5,6,0,6,24,1,23,77,0,77,0,0,0,Artistic Academy of Hair Design,Morris Plains,NJ,-74.486405,40.855589,2,POINT (-74.486405 40.855589)
4082,414124,285,197,88,6,5,1,27,19,8,55,32,23,164,118,46,0,0,0,Motoring Technical Training Institute,Seekonk,MA,-71.324909,41.791885,33,POINT (-71.324909 41.791885)
4083,414461,1304,1250,54,0,0,0,4,3,1,1293,1240,53,7,7,0,0,0,0,Mech-Tech College,Caguas,PR,-66.053276,18.237102,0,POINT (-66.053276 18.237102)
4084,414489,66,3,63,0,0,0,3,1,2,29,1,28,33,0,33,0,0,0,Baldwin Beauty School-North Austin,Austin,TX,-97.729371,30.365855,1,POINT (-97.729371 30.365855)
4085,414540,281,5,276,12,0,12,61,0,61,25,1,24,158,4,154,0,0,0,Jean Madeline Aveda Institute,Philadelphia,PA,-75.148414,39.940744,25,POINT (-75.148414 39.940744)
4086,414595,130,22,108,37,10,27,8,1,7,14,2,12,36,3,33,0,0,0,Pacific College of Health and Science,New York,NY,-74.006721,40.7088,35,POINT (-74.006721 40.7088)
4087,414869,197,14,183,2,0,2,124,7,117,5,1,4,53,6,47,1,0,1,Tricoci University of Beauty Culture-Indianapolis,Indianapolis,IN,-86.03113,39.928723,12,POINT (-86.03113 39.928723)
4088,414878,328,183,145,2,0,2,8,6,2,13,5,8,183,90,93,110,76,34,Trine University-Regional/Non-Traditional Campuses,Fort Wayne,IN,-85.106453,41.172352,12,POINT (-85.106453 41.172352)
4089,414911,345,135,210,4,2,2,9,1,8,6,1,5,307,125,182,0,0,0,Pennsylvania Highlands Community College,Johnstown,PA,-78.837175,40.26408,19,POINT (-78.837175 40.26408)
4090,414939,218,36,182,8,1,7,44,5,39,80,18,62,54,10,44,0,0,0,Nevada Career Institute,Las Vegas,NV,-115.20842,36.217975,32,POINT (-115.20842 36.217975)
4091,414966,21,8,13,0,0,0,4,2,2,1,0,1,14,4,10,0,0,0,Phillips Theological Seminary,Tulsa,OK,-95.868146,36.167983,2,POINT (-95.868146 36.167983)
4092,415039,43,2,41,0,0,0,0,0,0,5,1,4,31,1,30,0,0,0,Empire Beauty School-Hanover,Hanover,PA,-76.995146,39.818109,7,POINT (-76.995146 39.818109)
4093,415057,30,29,1,1,1,0,2,2,0,7,7,0,20,19,1,0,0,0,Industrial Management Training Institute,Waterbury,CT,-73.035893,41.549618,0,POINT (-73.035893 41.549618)
4094,415987,286,9,277,19,1,18,128,4,124,61,0,61,2,0,2,1,0,1,Allen School-Jamaica,Jamaica,NY,-73.796295,40.704694,75,POINT (-73.796295 40.704694)
4095,416458,107,29,78,20,5,15,2,0,2,75,22,53,4,2,2,0,0,0,Premiere Career College,Irwindale,CA,-117.990894,34.079755,6,POINT (-117.990894 34.079755)
4096,416801,190,48,142,33,10,23,11,5,6,58,14,44,60,13,47,16,4,12,The University of Texas MD Anderson Cancer Center,Houston,TX,-95.396804,29.707016,12,POINT (-95.396804 29.707016)
4097,417008,55,1,54,2,0,2,13,0,13,2,0,2,36,1,35,0,0,0,Paul Mitchell the School-Huntsville,Madison,AL,-86.752565,34.681465,2,POINT (-86.752565 34.681465)
4098,417053,33,13,20,14,4,10,1,0,1,4,1,3,11,8,3,0,0,0,Cedars Sinai Medical Center,Los Angeles,CA,-118.380175,34.075598,3,POINT (-118.380175 34.075598)
4099,417062,41,0,41,0,0,0,0,0,0,30,0,30,9,0,9,0,0,0,Estes Institute of Cosmetology Arts and Science,Visalia,CA,-119.289234,36.330422,2,POINT (-119.289234 36.330422)
4100,417105,180,112,68,5,4,1,0,0,0,161,98,63,6,4,2,0,0,0,Baldwin Park Adult & Community Education,Baldwin Park,CA,-117.959486,34.09673,8,POINT (-117.959486 34.09673)
4101,417123,48,18,30,0,0,0,1,1,0,21,6,15,25,11,14,0,0,0,Ventura Adult and Continuing Education,Ventura,CA,-119.219561,34.256061,1,POINT (-119.219561 34.256061)
4102,417248,18,18,0,1,1,0,1,1,0,2,2,0,13,13,0,0,0,0,CT Aero Tech School,Hartford,CT,-72.652583,41.735051,1,POINT (-72.652583 41.735051)
4103,417275,16,14,2,0,0,0,0,0,0,1,0,1,13,12,1,0,0,0,Stratford School for Aviation Maintenance Technicians,Stratford,CT,-73.130761,41.161259,2,POINT (-73.130761 41.161259)
4104,417327,51,3,48,1,0,1,22,1,21,6,0,6,19,2,17,0,0,0,City College-Altamonte Springs,Altamonte Springs,FL,-81.402219,28.663604,3,POINT (-81.402219 28.663604)
4105,417442,68,4,64,0,0,0,25,1,24,2,0,2,41,3,38,0,0,0,Career Center of Southern Illinois,Red Bud,IL,-89.948787,38.289727,0,POINT (-89.948787 38.289727)
4106,417503,181,2,179,2,0,2,62,1,61,21,1,20,76,0,76,0,0,0,Crave Beauty Academy,Wichita,KS,-97.387374,37.684374,20,POINT (-97.387374 37.684374)
4107,417600,11,0,11,0,0,0,0,0,0,0,0,0,11,0,11,0,0,0,Hastings Beauty School,Hastings,MN,-92.85026,44.744595,0,POINT (-92.85026 44.744595)
4108,417628,33,10,23,0,0,0,0,0,0,2,2,0,30,8,22,0,0,0,Kirksville Area Technical Center,Kirksville,MO,-92.565103,40.18649,1,POINT (-92.565103 40.18649)
4109,417637,63,26,37,0,0,0,0,0,0,0,0,0,63,26,37,0,0,0,South Central Career Center,West Plains,MO,-91.856803,36.738067,0,POINT (-91.856803 36.738067)
4110,417646,18,0,18,0,0,0,0,0,0,1,0,1,16,0,16,0,0,0,Saline County Career Center,Marshall,MO,-93.21108,39.115031,1,POINT (-93.21108 39.115031)
4111,417655,19,0,19,0,0,0,1,0,1,0,0,0,18,0,18,0,0,0,Warrensburg Area Career Center,Warrensburg,MO,-93.70714,38.761649,0,POINT (-93.70714 38.761649)
4112,417682,25,0,25,0,0,0,4,0,4,2,0,2,16,0,16,0,0,0,Cass Career Center,Harrisonville,MO,-94.333774,38.660248,3,POINT (-94.333774 38.660248)
4113,417716,42,1,41,0,0,0,36,0,36,0,0,0,4,1,3,0,0,0,Applied Technology Services,Sunset Hills,MO,-90.413236,38.542285,2,POINT (-90.413236 38.542285)
4114,417725,21,0,21,0,0,0,0,0,0,1,0,1,20,0,20,0,0,0,Central College of Cosmetology,Saint Robert,MO,-92.142861,37.806945,0,POINT (-92.142861 37.806945)
4115,417734,84,14,70,2,0,2,5,0,5,1,0,1,73,14,59,0,0,0,Southeast Missouri Hospital College of Nursing and Health Sciences,Cape Girardeau,MO,-89.54587,37.302453,3,POINT (-89.54587 37.302453)
4116,417752,6,2,4,0,0,0,0,0,0,1,0,1,5,2,3,0,0,0,Messenger College,Bedford,TX,-97.161015,32.85076,0,POINT (-97.161015 32.85076)
4117,417831,48,35,13,8,7,1,0,0,0,8,4,4,30,23,7,0,0,0,Union County Vocational Technical School,Scotch Plains,NJ,-74.358205,40.616491,2,POINT (-74.358205 40.616491)
4118,417840,144,7,137,1,0,1,108,6,102,13,0,13,18,1,17,0,0,0,Prism Career Institute-Philadelphia,Philadelphia,PA,-75.046375,40.057804,4,POINT (-75.046375 40.057804)
4119,417868,28,4,24,0,0,0,1,0,1,0,0,0,27,4,23,0,0,0,Clinton Essex Warren Washington BOCES,Plattsburgh,NY,-73.517906,44.693228,0,POINT (-73.517906 44.693228)
4120,417886,20,0,20,1,0,1,0,0,0,0,0,0,17,0,17,0,0,0,Jefferson Lewis BOCES-Practical Nursing Program,Watertown,NY,-75.97014,43.970515,2,POINT (-75.97014 43.970515)
4121,417910,162,27,135,7,3,4,126,20,106,14,3,11,8,1,7,0,0,0,Veeb Nassau County School of Practical Nursing,Hicksville,NY,-73.520569,40.766548,7,POINT (-73.520569 40.766548)
4122,417983,19,1,18,0,0,0,0,0,0,0,0,0,19,1,18,0,0,0,Cattaraugus Allegany BOCES-Practical Nursing Program,Olean,NY,-78.405395,42.093196,0,POINT (-78.405395 42.093196)
4123,417992,36,6,30,1,1,0,9,3,6,9,1,8,17,1,16,0,0,0,Orange Ulster BOCES-Practical Nursing Program,Goshen,NY,-74.322049,41.38922,0,POINT (-74.322049 41.38922)
4124,418001,79,7,72,2,2,0,29,0,29,5,2,3,37,3,34,0,0,0,Wayne Finger Lakes BOCES-Practical Nursing Program,Newark,NY,-77.081794,43.038167,6,POINT (-77.081794 43.038167)
4125,418010,43,2,41,1,0,1,6,1,5,2,0,2,34,1,33,0,0,0,Broome Delaware Tioga BOCES-Practical Nursing Program,Binghamton,NY,-75.934739,42.129648,0,POINT (-75.934739 42.129648)
4126,418029,37,2,35,0,0,0,1,0,1,0,0,0,34,2,32,0,0,0,Washington Saratoga Warren Hamilton Essex BOCES-Practical Nursing Program,Hudson Falls,NY,-73.594331,43.32149,2,POINT (-73.594331 43.32149)
4127,418038,116,5,111,4,0,4,46,1,45,6,0,6,39,1,38,4,2,2,Albany BOCES-Adult Practical Nursing Program,Albany,NY,-73.835752,42.745685,17,POINT (-73.835752 42.745685)
4128,418056,19,5,14,0,0,0,7,2,5,3,2,1,9,1,8,0,0,0,Ulster BOCES-School of Practical Nursing,Port Ewen,NY,-73.972916,41.896938,0,POINT (-73.972916 41.896938)
4129,418065,130,14,116,3,0,3,29,4,25,31,2,29,41,4,37,0,0,0,Eastern Suffolk BOCES,Brentwood,NY,-73.237805,40.777958,26,POINT (-73.237805 40.777958)
4130,418083,34,7,27,3,2,1,13,2,11,9,3,6,7,0,7,0,0,0,Rockland County BOCES-Practical Nursing Program,West Nyack,NY,-73.979871,41.121255,2,POINT (-73.979871 41.121255)
4131,418126,119,37,82,32,12,20,17,5,12,26,11,15,35,6,29,4,3,1,New York College of Health Professions,Syosset,NY,-73.516191,40.809329,5,POINT (-73.516191 40.809329)
4132,418171,39,38,1,0,0,0,8,8,0,14,13,1,12,12,0,0,0,0,Charles Stuart School of Diamond Setting,Brooklyn,NY,-73.95856,40.608484,5,POINT (-73.95856 40.608484)
4133,418199,23,18,5,1,0,1,5,5,0,1,1,0,16,12,4,0,0,0,Penta County Joint Vocational School,Perrysburg,OH,-83.571594,41.584263,0,POINT (-83.571594 41.584263)
4134,418205,264,105,159,10,2,8,24,6,18,3,2,1,217,91,126,0,0,0,Career and Technology Education Centers of Licking County,Newark,OH,-82.429175,40.099973,10,POINT (-82.429175 40.099973)
4135,418223,84,2,82,0,0,0,65,2,63,1,0,1,16,0,16,0,0,0,Northern Career Institute,Eastlake,OH,-81.447126,41.653845,2,POINT (-81.447126 41.653845)
4136,418250,210,125,85,1,0,1,3,3,0,1,0,1,201,120,81,0,0,0,Washington County Career Center-Adult Technical Training,Marietta,OH,-81.50106,39.43299,4,POINT (-81.50106 39.43299)
4137,418269,151,87,64,0,0,0,134,77,57,5,3,2,6,4,2,0,0,0,Ohio Media School-Cincinnati,Norwood,OH,-84.458763,39.158005,6,POINT (-84.458763 39.158005)
4138,418278,117,50,67,0,0,0,3,1,2,2,1,1,110,46,64,0,0,0,Vantage Career Center,Van Wert,OH,-84.570198,40.882295,2,POINT (-84.570198 40.882295)
4139,418296,1183,657,526,4,2,2,67,31,36,127,82,45,507,289,218,2,1,1,Indian Capital Technology Center-Muskogee,Muskogee,OK,-95.311895,35.774921,476,POINT (-95.311895 35.774921)
4140,418302,198,96,102,3,1,2,1,0,1,54,21,33,113,65,48,0,0,0,Western Technology Center,Burns Flat,OK,-99.180998,35.352842,27,POINT (-99.180998 35.352842)
4141,418320,434,231,203,2,1,1,9,4,5,44,31,13,322,160,162,0,0,0,Mid-America Technology Center,Wayne,OK,-97.364174,34.912498,57,POINT (-97.364174 34.912498)
4142,418348,319,193,126,6,4,2,15,8,7,20,13,7,207,129,78,0,0,0,Eastern Oklahoma County Technology Center,Choctaw,OK,-97.266991,35.516891,71,POINT (-97.266991 35.516891)
4143,418357,33,11,22,0,0,0,3,0,3,2,0,2,19,7,12,0,0,0,Wes Watkins Technology Center,Wetumka,OK,-96.266262,35.233305,9,POINT (-96.266262 35.233305)
4144,418409,174,79,95,5,1,4,45,23,22,10,3,7,103,46,57,0,0,0,York County School of Technology-Adult & Continuing Education,York,PA,-76.685449,39.929887,11,POINT (-76.685449 39.929887)
4145,418427,59,2,57,1,0,1,26,0,26,7,0,7,23,1,22,0,0,0,Chester County Intermediate Unit,Downingtown,PA,-75.679627,40.005793,2,POINT (-75.679627 40.005793)
4146,418445,14,1,13,0,0,0,0,0,0,0,0,0,14,1,13,0,0,0,Jefferson County Dubois Area Vocational Technical Practical Nursing Program,Reynoldsville,PA,-78.892397,41.109805,0,POINT (-78.892397 41.109805)
4147,418454,143,87,56,2,2,0,19,5,14,4,3,1,118,77,41,0,0,0,Greater Johnstown Career and Technology Center,Johnstown,PA,-78.83114,40.272734,0,POINT (-78.83114 40.272734)
4148,418481,16,2,14,0,0,0,1,0,1,2,1,1,13,1,12,0,0,0,Mifflin County Academy of Science and Technology,Lewistown,PA,-77.554092,40.605321,0,POINT (-77.554092 40.605321)
4149,418515,83,3,80,1,0,1,8,0,8,0,0,0,68,3,65,0,0,0,Lenape Technical School Practical Nursing Program,Ford City,PA,-79.521054,40.767446,6,POINT (-79.521054 40.767446)
4150,418524,34,4,30,0,0,0,0,0,0,0,0,0,34,4,30,0,0,0,Venango County Area Vocational Technical School,Oil City,PA,-79.687135,41.426492,0,POINT (-79.687135 41.426492)
4151,418533,140,29,111,4,2,2,14,2,12,22,2,20,90,20,70,0,0,0,Lancaster County Career and Technology Center,Willow Street,PA,-76.266186,39.984811,10,POINT (-76.266186 39.984811)
4152,418542,71,6,65,1,1,0,19,0,19,16,2,14,30,2,28,0,0,0,Lebanon County Area Vocational Technical School,Lebanon,PA,-76.390376,40.341562,5,POINT (-76.390376 40.341562)
4153,418560,59,13,46,9,1,8,5,0,5,1,0,1,44,12,32,0,0,0,Indiana County Technology Center,Indiana,PA,-79.121853,40.646071,0,POINT (-79.121853 40.646071)
4154,418588,27,2,25,2,0,2,0,0,0,0,0,0,25,2,23,0,0,0,Northern Tier Career Center,Towanda,PA,-76.487394,41.801739,0,POINT (-76.487394 41.801739)
4155,418612,7,0,7,0,0,0,0,0,0,0,0,0,7,0,7,0,0,0,Hazleton Area Career Center,Hazle TWP.,PA,-75.99218,40.971393,0,POINT (-75.99218 40.971393)
4156,418658,223,199,24,3,3,0,119,102,17,1,1,0,89,83,6,0,0,0,All-State Career School-Pittsburgh,West Mifflin,PA,-79.93713,40.358492,11,POINT (-79.93713 40.358492)
4157,418764,9,0,9,0,0,0,0,0,0,9,0,9,0,0,0,0,0,0,Quality Technical and Beauty College,Bayamon,PR,-66.158268,18.399415,0,POINT (-66.158268 18.399415)
4158,418773,228,82,146,0,0,0,0,0,0,228,82,146,0,0,0,0,0,0,D'Mart Institute,Barranquitas,PR,-66.294065,18.182628,0,POINT (-66.294065 18.182628)
4159,418782,169,163,6,0,0,0,0,0,0,169,163,6,0,0,0,0,0,0,Automeca Technical College-Aguadilla,Aguadilla,PR,-67.1418,18.448502,0,POINT (-67.1418 18.448502)
4160,418889,98,90,8,1,1,0,7,6,1,9,8,1,69,64,5,0,0,0,North Central Institute,Clarksville,TN,-87.425177,36.61484,12,POINT (-87.425177 36.61484)
4161,418913,15,3,12,0,0,0,1,0,1,14,3,11,0,0,0,0,0,0,Pipo Academy of Hair Design,El Paso,TX,-106.459711,31.78446,0,POINT (-106.459711 31.78446)
4162,418968,124,0,124,2,0,2,79,0,79,32,0,32,8,0,8,1,0,1,Tint School of Makeup and Cosmetology-Dallas,Grand Prairie,TX,-97.001678,32.708337,2,POINT (-97.001678 32.708337)
4163,419031,21,1,20,0,0,0,1,0,1,0,0,0,20,1,19,0,0,0,United Technical Center,Clarksburg,WV,-80.358395,39.310658,0,POINT (-80.358395 39.310658)
4164,419095,34,1,33,0,0,0,1,0,1,0,0,0,30,1,29,0,0,0,Charles H McCann Technical School,North Adams,MA,-73.10149,42.664578,3,POINT (-73.10149 42.664578)
4165,419183,41,4,37,0,0,0,0,0,0,27,3,24,14,1,13,0,0,0,Central California School of Continuing Education,San Luis Obispo,CA,-120.64847,35.262091,0,POINT (-120.64847 35.262091)
4166,419217,60,10,50,0,0,0,15,2,13,41,8,33,3,0,3,0,0,0,Mercy Hospital School of Practical Nursing-Plantation General Hospital,Miami,FL,-80.213971,25.740254,1,POINT (-80.213971 25.740254)
4167,419226,397,222,175,2,0,2,78,38,40,75,45,30,225,132,93,0,0,0,Marion Technical College,Ocala,FL,-82.147877,29.178271,17,POINT (-82.147877 29.178271)
4168,419235,68,15,53,0,0,0,59,14,45,2,1,1,7,0,7,0,0,0,Rivertown School of Beauty Barber Skin Care and Nails,Columbus,GA,-84.97068,32.51013,0,POINT (-84.97068 32.51013)
4169,419244,67,54,13,2,1,1,30,24,6,4,4,0,24,22,2,0,0,0,Atlanta Institute of Music and Media,Duluth,GA,-84.105311,33.961164,7,POINT (-84.105311 33.961164)
4170,419253,84,67,17,0,0,0,29,21,8,8,6,2,45,38,7,0,0,0,Illinois Media School,Lombard,IL,-88.025464,41.840367,2,POINT (-88.025464 41.840367)
4171,419280,20,0,20,1,0,1,1,0,1,2,0,2,16,0,16,0,0,0,New Dimensions School of Hair Design,Joplin,MO,-94.509389,37.085286,0,POINT (-94.509389 37.085286)
4172,419332,8,7,1,0,0,0,1,1,0,0,0,0,7,6,1,0,0,0,Forbes Road Career and Technology Center,Monroeville,PA,-79.748472,40.450234,0,POINT (-79.748472 40.450234)
4173,419341,8,3,5,0,0,0,7,3,4,1,0,1,0,0,0,0,0,0,Jna Institute of Culinary Arts,Philadelphia,PA,-75.167678,39.935232,0,POINT (-75.167678 39.935232)
4174,419420,29,14,15,0,0,0,1,1,0,0,0,0,27,13,14,0,0,0,Putnam Career and Technical Center,Eleanor,WV,-81.923563,38.535038,1,POINT (-81.923563 38.535038)
4175,419484,14,0,14,0,0,0,1,0,1,0,0,0,12,0,12,0,0,0,Crawford County Career and Technical Center Practical Nursing Program,Meadville,PA,-80.126167,41.633675,1,POINT (-80.126167 41.633675)
4176,419633,71,5,66,2,0,2,5,1,4,24,2,22,40,2,38,0,0,0,Texas College of Cosmetology-San Angelo,San Angelo,TX,-100.47194,31.420928,0,POINT (-100.47194 31.420928)
4177,419703,330,316,14,0,0,0,0,0,0,330,316,14,0,0,0,0,0,0,Automeca Technical College-Bayamon,Bayamon,PR,-66.180088,18.406325,0,POINT (-66.180088 18.406325)
4178,419712,106,101,5,0,0,0,0,0,0,106,101,5,0,0,0,0,0,0,Automeca Technical College-Caguas,Caguas,PR,-66.037144,18.230554,0,POINT (-66.037144 18.230554)
4179,419721,174,163,11,0,0,0,0,0,0,174,163,11,0,0,0,0,0,0,Automeca Technical College-Ponce,Ponce,PR,-66.636854,18.011391,0,POINT (-66.636854 18.011391)
4180,420024,145,36,109,4,1,3,88,21,67,6,2,4,24,6,18,0,0,0,Centura College-Chesapeake,Chesapeake,VA,-76.227712,36.765954,23,POINT (-76.227712 36.765954)
4181,420042,47,42,5,6,3,3,7,7,0,4,4,0,7,7,0,0,0,0,University of Phoenix-Hawaii,Kapolei,HI,-158.08161,21.334103,23,POINT (-158.08161 21.334103)
4182,420130,161,8,153,3,0,3,116,5,111,18,0,18,22,3,19,0,0,0,Prism Career Institute-Cherry Hill,Cherry Hill,NJ,-75.051138,39.931301,2,POINT (-75.051138 39.931301)
4183,420246,65,16,49,6,1,5,3,0,3,13,6,7,43,9,34,0,0,0,Southwest College of Naturopathic Medicine & Health Sciences,Tempe,AZ,-111.89442,33.40789,0,POINT (-111.89442 33.40789)
4184,420255,29,29,0,0,0,0,0,0,0,29,29,0,0,0,0,0,0,0,Escuela de Peritos Electricistas de Isabela Inc,Isabela,PR,-67.030787,18.485146,0,POINT (-67.030787 18.485146)
4185,420325,18,18,0,0,0,0,0,0,0,0,0,0,18,18,0,0,0,0,Yeshiva D'monsey Rabbinical College,Monsey,NY,-74.064721,41.114173,0,POINT (-74.064721 41.114173)
4186,420343,455,443,12,22,22,0,57,54,3,185,181,4,175,171,4,0,0,0,Lincoln Technical Institute-Mahwah,Mahwah,NJ,-74.148846,41.083771,16,POINT (-74.148846 41.083771)
4187,420370,269,61,208,3,0,3,209,51,158,34,4,30,23,6,17,0,0,0,Career Technical Institute,Washington,DC,-77.032461,38.904,0,POINT (-77.032461 38.904)
4188,420398,2464,949,1515,80,31,49,189,81,108,1599,569,1030,526,234,292,2,0,2,Northwest Vista College,San Antonio,TX,-98.70513,29.471308,68,POINT (-98.70513 29.471308)
4189,420431,875,408,467,2,1,1,409,182,227,20,10,10,429,208,221,0,0,0,Oconee Fall Line Technical College,Sandersville,GA,-82.839621,32.996687,15,POINT (-82.839621 32.996687)
4190,420440,226,92,134,8,2,6,0,0,0,4,3,1,203,80,123,3,2,1,York County Community College,Wells,ME,-70.590783,43.306797,8,POINT (-70.590783 43.306797)
4191,420468,151,48,103,4,1,3,21,9,12,33,10,23,85,24,61,0,0,0,Western Suffolk BOCES,Northport,NY,-73.343689,40.877083,8,POINT (-73.343689 40.877083)
4192,420538,416,140,276,4,0,4,2,0,2,17,0,17,379,138,241,0,0,0,Arkansas State University-Mountain Home,Mountain Home,AR,-92.388581,36.320466,14,POINT (-92.388581 36.320466)
4193,420556,98,24,74,0,0,0,0,0,0,32,5,27,55,16,39,0,0,0,Columbia Gorge Community College,The Dalles,OR,-121.190197,45.590724,11,POINT (-121.190197 45.590724)
4194,420705,18,9,9,0,0,0,3,3,0,0,0,0,5,2,3,10,4,6,Bakke Graduate University,Dallas,TX,-96.753976,32.894605,0,POINT (-96.753976 32.894605)
4195,420723,67,18,49,1,0,1,0,0,0,14,4,10,41,7,34,1,0,1,Tillamook Bay Community College,Tillamook,OR,-123.813624,45.456603,10,POINT (-123.813624 45.456603)
4196,420981,125,16,109,36,4,32,22,1,21,7,1,6,60,10,50,0,0,0,Manhattan School of Computer Technology,Brooklyn,NY,-73.967118,40.63473,0,POINT (-73.967118 40.63473)
4197,421513,45,5,40,0,0,0,17,2,15,2,0,2,23,1,22,0,0,0,Ross College-Hopkinsville,Hopkinsville,KY,-87.474774,36.834025,3,POINT (-87.474774 36.834025)
4198,421610,49,1,48,1,0,1,0,0,0,9,0,9,37,1,36,0,0,0,Paul Mitchell the School-St. George,Saint George,UT,-113.606488,37.083414,2,POINT (-113.606488 37.083414)
4199,421665,6,0,6,0,0,0,0,0,0,0,0,0,5,0,5,0,0,0,Cadillac Institute of Cosmetology,Cadillac,MI,-85.400655,44.251375,1,POINT (-85.400655 44.251375)
4200,421708,87,8,79,4,0,4,8,0,8,16,2,14,51,4,47,0,0,0,Arizona College of Nursing-Tempe,Tempe,AZ,-111.965808,33.403079,8,POINT (-111.965808 33.403079)
4201,421717,20,3,17,0,0,0,3,0,3,0,0,0,16,3,13,0,0,0,Vanguard-Sentinel Adult Career and Technology Center,Fremont,OH,-83.128188,41.365056,1,POINT (-83.128188 41.365056)
4202,421771,13,0,13,0,0,0,6,0,6,0,0,0,7,0,7,0,0,0,House of Heavilin Beauty College-Raymore,Raymore,MO,-94.467053,38.812989,0,POINT (-94.467053 38.812989)
4203,421832,56,14,42,1,1,0,22,6,16,8,0,8,24,7,17,0,0,0,Living Arts College,Raleigh,NC,-78.555726,35.942892,1,POINT (-78.555726 35.942892)
4204,421841,143,60,83,0,0,0,23,10,13,35,16,19,65,27,38,12,2,10,New York Conservatory for Dramatic Arts,New York,NY,-73.993388,40.740148,8,POINT (-73.993388 40.740148)
4205,421878,96,8,88,18,5,13,15,1,14,29,1,28,31,1,30,0,0,0,Eastern International College-Jersey City,Jersey City,NJ,-74.060452,40.735178,3,POINT (-74.060452 40.735178)
4206,421896,119,44,75,0,0,0,0,0,0,119,44,75,0,0,0,0,0,0,Academia Serrant Inc,Ponce,PR,-66.61529,18.009658,0,POINT (-66.61529 18.009658)
4207,422020,103,98,5,15,14,1,4,4,0,48,46,2,25,23,2,0,0,0,San Joaquin Valley College-Fresno Aviation,Fresno,CA,-119.72824,36.776798,11,POINT (-119.72824 36.776798)
4208,422695,92,7,85,7,1,6,8,1,7,61,3,58,4,1,3,0,0,0,Pacific College,Costa Mesa,CA,-117.873382,33.680043,12,POINT (-117.873382 33.680043)
4209,422835,203,28,175,6,3,3,12,1,11,117,14,103,42,8,34,0,0,0,American College of Healthcare and Technology,Riverside,CA,-117.493507,33.901581,26,POINT (-117.493507 33.901581)
4210,423120,122,9,113,0,0,0,0,0,0,122,9,113,0,0,0,0,0,0,Compu-Med Vocational Careers Corp,Hialeah,FL,-80.306915,25.848446,0,POINT (-80.306915 25.848446)
4211,423397,229,202,27,0,0,0,0,0,0,229,202,27,0,0,0,0,0,0,Advantage Technical College,Manati,PR,-66.493759,18.427879,0,POINT (-66.493759 18.427879)
4212,423412,18,16,2,0,0,0,3,3,0,12,10,2,3,3,0,0,0,0,Mid Cities Barber College,Grand Prairie,TX,-97.006955,32.710329,0,POINT (-97.006955 32.710329)
4213,423643,1189,517,672,214,110,104,47,18,29,116,41,75,691,296,395,24,14,10,Midwestern University-Glendale,Glendale,AZ,-112.183633,33.663853,97,POINT (-112.183633 33.663853)
4214,423652,59,12,47,1,0,1,1,0,1,12,3,9,38,8,30,0,0,0,Oregon Coast Community College,Newport,OR,-124.046973,44.603136,7,POINT (-124.046973 44.603136)
4215,425250,53,10,43,5,3,2,19,3,16,17,2,15,12,2,10,0,0,0,Gwinnett College-Sandy Springs,Sandy Springs,GA,-84.378704,33.937705,0,POINT (-84.378704 33.937705)
4216,425986,72,7,65,0,0,0,9,3,6,2,0,2,53,2,51,0,0,0,Mildred Elley-Pittsfield Campus,Pittsfield,MA,-73.256461,42.4491,8,POINT (-73.256461 42.4491)
4217,426314,4062,3401,661,171,141,30,407,338,69,594,488,106,2279,1929,350,153,118,35,Embry-Riddle Aeronautical University-Worldwide,Daytona Beach,FL,-81.048367,29.189903,458,POINT (-81.048367 29.189903)
4218,427308,43,0,43,26,0,26,0,0,0,0,0,0,17,0,17,0,0,0,Merkaz Bnos-Business School,Brooklyn,NY,-73.997176,40.601511,0,POINT (-73.997176 40.601511)
4219,427335,39,0,39,3,0,3,5,0,5,13,0,13,16,0,16,0,0,0,Lia Schorr Institute of Cosmetic Skin Care Training,New York,NY,-73.976807,40.764401,2,POINT (-73.976807 40.764401)
4220,427894,76,75,1,19,19,0,47,46,1,6,6,0,4,4,0,0,0,0,CET-Alexandria,Alexandria,VA,-77.142637,38.802702,0,POINT (-77.142637 38.802702)
4221,427973,70,62,8,2,1,1,17,16,1,9,7,2,33,31,2,0,0,0,Aviation Institute of Maintenance-Norfolk,Norfolk,VA,-76.216995,36.914293,9,POINT (-76.216995 36.914293)
4222,427982,108,64,44,1,1,0,61,32,29,9,6,3,24,21,3,0,0,0,Centura College-Richmond Main,North Chesterfield,VA,-77.543157,37.499343,13,POINT (-77.543157 37.499343)
4223,427991,301,154,147,7,2,5,46,13,33,181,100,81,61,34,27,0,0,0,Osceola Technical College,Kissimmee,FL,-81.349696,28.298648,6,POINT (-81.349696 28.298648)
4224,428000,49,19,30,1,1,0,5,1,4,11,6,5,14,5,9,17,6,11,Miami Ad School,Miami,FL,-80.190728,25.808818,1,POINT (-80.190728 25.808818)
4225,428019,111,50,61,0,0,0,17,8,9,2,1,1,58,25,33,0,0,0,Green Country Technology Center,Okmulgee,OK,-95.9365,35.63293,34,POINT (-95.9365 35.63293)
4226,428055,118,24,94,0,0,0,0,0,0,118,24,94,0,0,0,0,0,0,Nova College de Puerto Rico,Bayamon,PR,-66.160559,18.398358,0,POINT (-66.160559 18.398358)
4227,428125,26,18,8,1,1,0,5,3,2,19,13,6,0,0,0,0,0,0,John Wesley International Barber and Beauty College,Long Beach,CA,-118.18469,33.778235,1,POINT (-118.18469 33.778235)
4228,428143,74,9,65,0,0,0,18,3,15,5,0,5,34,3,31,0,0,0,Miller-Motte College-Platt College-Lawton,Lawton,OK,-98.389416,34.605627,17,POINT (-98.389416 34.605627)
4229,428170,270,29,241,7,0,7,93,7,86,121,12,109,24,5,19,0,0,0,Southeastern College-West Palm Beach,West Palm Beach,FL,-80.085966,26.702216,25,POINT (-80.085966 26.702216)
4230,428259,77,25,52,17,9,8,13,3,10,4,1,3,35,9,26,0,0,0,Ottawa University-Milwaukee,Brookfield,WI,-88.115185,43.02963,8,POINT (-88.115185 43.02963)
4231,428392,422,154,268,4,2,2,7,3,4,93,34,59,271,93,178,0,0,0,Klamath Community College,Klamath Falls,OR,-121.698855,42.195028,47,POINT (-121.698855 42.195028)
4232,429012,346,321,25,4,3,1,12,10,2,27,26,1,72,64,8,214,202,12,L3Harris Flight Academy,Sanford,FL,-81.251511,28.77858,17,POINT (-81.251511 28.77858)
4233,429085,44,12,32,11,4,7,3,0,3,7,1,6,10,2,8,8,5,3,American College of Acupuncture and Oriental Med,Houston,TX,-95.524765,29.735747,5,POINT (-95.524765 29.735747)
4234,429094,30,8,22,3,2,1,1,0,1,2,0,2,20,5,15,1,0,1,AOMA Graduate School of Integrative Medicine,Austin,TX,-97.800643,30.228551,3,POINT (-97.800643 30.228551)
4235,429128,126,5,121,15,0,15,28,2,26,80,3,77,3,0,3,0,0,0,Urban College of Boston,Boston,MA,-71.0642,42.352922,0,POINT (-71.0642 42.352922)
4236,430184,620,166,454,9,3,6,463,119,344,35,9,26,70,24,46,1,0,1,Strayer University-Maryland,Suitland,MD,-76.918039,38.827438,42,POINT (-76.918039 38.827438)
4237,430227,42,3,39,0,0,0,23,2,21,0,0,0,13,0,13,0,0,0,Empire Beauty School-Monroeville,Monroeville,PA,-79.785227,40.434651,6,POINT (-79.785227 40.434651)
4238,430245,373,29,344,0,0,0,32,2,30,274,19,255,62,6,56,0,0,0,Southern Careers Institute-San Antonio,San Antonio,TX,-98.494238,29.355774,5,POINT (-98.494238 29.355774)
4239,430306,33,6,27,0,0,0,4,2,2,0,0,0,29,4,25,0,0,0,Cayce/Reilly School of Massage,Virginia Beach,VA,-75.990945,36.892698,0,POINT (-75.990945 36.892698)
4240,430403,169,6,163,3,0,3,61,0,61,45,5,40,44,1,43,0,0,0,Prism Career Institute-West Atlantic City,West  Atlantic City,NJ,-74.493112,39.377288,16,POINT (-74.493112 39.377288)
4241,430564,52,21,31,6,2,4,6,1,5,10,5,5,30,13,17,0,0,0,Studio Jewelers,New York,NY,-73.983774,40.745464,0,POINT (-73.983774 40.745464)
4242,430582,332,140,192,0,0,0,0,0,0,332,140,192,0,0,0,0,0,0,Praxis Institute,Miami,FL,-80.225327,25.765385,0,POINT (-80.225327 25.765385)
4243,430670,72,27,45,0,0,0,0,0,0,70,27,43,1,0,1,0,0,0,San Juan Bautista School of Medicine,Caguas,PR,-66.050389,18.220528,1,POINT (-66.050389 18.220528)
4244,430704,38,12,26,4,2,2,2,0,2,1,0,1,8,3,5,17,5,12,Texas Health and Science University,Austin,TX,-97.785289,30.233143,6,POINT (-97.785289 30.233143)
4245,430795,72,24,48,0,0,0,7,2,5,1,0,1,61,20,41,0,0,0,Carver Career Center,Charleston,WV,-81.562988,38.289708,3,POINT (-81.562988 38.289708)
4246,430883,25,1,24,0,0,0,3,0,3,2,0,2,19,1,18,0,0,0,Cayuga Onondaga BOCES-Practical Nursing Program,Auburn,NY,-76.587981,42.9419,1,POINT (-76.587981 42.9419)
4247,430908,38,11,27,0,0,0,0,0,0,1,1,0,37,10,27,0,0,0,Clearfield County Career and Technology Center,Clearfield,PA,-78.418679,41.030572,0,POINT (-78.418679 41.030572)
4248,430935,172,120,52,0,0,0,0,0,0,172,120,52,0,0,0,0,0,0,Colegio de Cinematografía Artes y Television,Bayamon,PR,-66.155509,18.399507,0,POINT (-66.155509 18.399507)
4249,430971,46,6,40,0,0,0,40,6,34,0,0,0,5,0,5,0,0,0,Delaware County Technical School-Practical Nursing Program,Broomall,PA,-75.367229,39.988428,1,POINT (-75.367229 39.988428)
4250,431017,140,71,69,0,0,0,50,17,33,16,11,5,50,34,16,0,0,0,Mid-Del Technology Center,Midwest City,OK,-97.402578,35.455237,24,POINT (-97.402578 35.455237)
4251,431071,35,10,25,0,0,0,4,1,3,2,0,2,27,8,19,0,0,0,New York Institute of Massage Inc,Williamsville,NY,-78.695815,42.976035,2,POINT (-78.695815 42.976035)
4252,431105,45,2,43,1,0,1,24,0,24,4,1,3,11,0,11,0,0,0,Dutchess BOCES-Practical Nursing Program,Poughkeepsie,NY,-73.866875,41.743538,5,POINT (-73.866875 41.743538)
4253,431123,309,301,8,0,0,0,0,0,0,309,301,8,0,0,0,0,0,0,Escuela Tecnica de Electricidad,Ponce,PR,-66.619944,18.010451,0,POINT (-66.619944 18.010451)
4254,431141,822,284,538,37,15,22,32,15,17,353,132,221,304,89,215,1,1,0,Institute of Technology,Clovis,CA,-119.723249,36.83679,95,POINT (-119.723249 36.83679)
4255,431169,64,14,50,0,0,0,9,1,8,1,0,1,52,13,39,1,0,1,Garnet Career Center,Charleston,WV,-81.629876,38.351017,1,POINT (-81.629876 38.351017)
4256,431187,71,67,4,1,1,0,3,3,0,5,5,0,61,57,4,0,0,0,Bristol Technical Education Center,Bristol,CT,-72.990101,41.69004,1,POINT (-72.990101 41.69004)
4257,431196,74,5,69,1,0,1,32,2,30,2,1,1,34,2,32,0,0,0,Genesee Valley BOCES-Practical Nursing Program,Batavia,NY,-78.182909,43.014665,5,POINT (-78.182909 43.014665)
4258,431266,24,1,23,1,0,1,12,0,12,2,0,2,8,1,7,0,0,0,Henrico County-Saint Marys Hospital School of Practical Nursing,Henrico,VA,-77.533196,37.629016,1,POINT (-77.533196 37.629016)
4259,431275,36,3,33,1,0,1,5,1,4,2,0,2,26,1,25,2,1,1,Herkimer County BOCES-Practical Nursing Program,Ilion,NY,-75.029952,43.015797,0,POINT (-75.029952 43.015797)
4260,431284,72,3,69,9,1,8,23,0,23,31,1,30,8,1,7,0,0,0,International Beauty College,Garland,TX,-96.645638,32.945805,1,POINT (-96.645638 32.945805)
4261,431558,239,76,163,4,1,3,22,4,18,88,31,57,112,33,79,5,2,3,Cape Coral Technical College,Cape Coral,FL,-81.976156,26.658582,8,POINT (-81.976156 26.658582)
4262,431600,60,5,55,1,0,1,1,0,1,0,0,0,56,5,51,0,0,0,UPMC Mercy School of Nursing,Pittsburgh,PA,-79.986445,40.435584,2,POINT (-79.986445 40.435584)
4263,431716,230,141,89,1,0,1,22,13,9,32,17,15,167,107,60,0,0,0,Ocean County Vocational-Technical School,Toms River,NJ,-74.195622,39.985095,8,POINT (-74.195622 39.985095)
4264,431929,35,5,30,0,0,0,0,0,0,35,5,30,0,0,0,0,0,0,Trinity College of Puerto Rico,Ponce,PR,-66.620076,17.981978,0,POINT (-66.620076 17.981978)
4265,431983,23,23,0,0,0,0,0,0,0,0,0,0,23,23,0,0,0,0,Yeshiva of the Telshe Alumni,Riverdale,NY,-73.911096,40.896668,0,POINT (-73.911096 40.896668)
4266,432117,95,1,94,2,0,2,49,0,49,7,0,7,36,1,35,0,0,0,Kenneth Shuler School of Cosmetology-Rock Hill,Rock Hill,SC,-80.995498,34.969958,1,POINT (-80.995498 34.969958)
4267,432269,49,38,11,0,0,0,1,0,1,44,35,9,2,2,0,0,0,0,CET-El Paso,El Paso,TX,-106.323115,31.696199,2,POINT (-106.323115 31.696199)
4268,432348,57,26,31,4,0,4,4,3,1,3,2,1,41,18,23,0,0,0,Appalachian School of Law,Grundy,VA,-82.095648,37.277669,5,POINT (-82.095648 37.277669)
4269,432384,225,54,171,11,2,9,27,12,15,127,24,103,44,9,35,0,0,0,Platt College-Ontario,Ontario,CA,-117.571744,34.068595,16,POINT (-117.571744 34.068595)
4270,432524,38,12,26,0,0,0,5,0,5,5,3,2,13,2,11,0,0,0,Delaware College of Art and Design,Wilmington,DE,-75.549882,39.741947,15,POINT (-75.549882 39.741947)
4271,433004,92,18,74,57,11,46,9,3,6,14,0,14,2,1,1,2,0,2,American University of Health Sciences,Signal Hill,CA,-118.171366,33.796849,8,POINT (-118.171366 33.796849)
4272,433013,207,54,153,66,21,45,14,2,12,60,15,45,44,7,37,2,0,2,Career Networks Institute,Santa Ana,CA,-117.8478,33.721058,21,POINT (-117.8478 33.721058)
4273,433040,30,2,28,0,0,0,8,1,7,4,0,4,18,1,17,0,0,0,Monty Tech,Fitchburg,MA,-71.860827,42.560648,0,POINT (-71.860827 42.560648)
4274,433068,197,106,91,5,4,1,34,15,19,7,5,2,147,80,67,0,0,0,Okaloosa Technical College,Fort Walton Beach,FL,-86.614844,30.46866,4,POINT (-86.614844 30.46866)
4275,433101,456,35,421,7,0,7,139,21,118,109,7,102,137,6,131,0,0,0,Lincoln Technical Institute-Lincoln,Lincoln,RI,-71.47748,41.9385,64,POINT (-71.47748 41.9385)
4276,433138,113,19,94,0,0,0,3,1,2,1,0,1,104,18,86,0,0,0,Wayne County Schools Career Center,Smithville,OH,-81.868927,40.863781,5,POINT (-81.868927 40.863781)
4277,433174,186,26,160,9,1,8,20,2,18,10,3,7,133,18,115,0,0,0,Carolinas College of Health Sciences,Charlotte,NC,-80.927508,35.181863,14,POINT (-80.927508 35.181863)
4278,433387,49508,15094,34414,1950,757,1193,3523,1027,2496,3992,1343,2649,33079,9875,23204,53,27,26,Western Governors University,Salt Lake City,UT,-111.869752,40.68481,6911,POINT (-111.869752 40.68481)
4279,433420,11,7,4,0,0,0,1,1,0,2,1,1,7,5,2,0,0,0,California Aeronautical University,Bakersfield,CA,-119.049264,35.434905,1,POINT (-119.049264 35.434905)
4280,433536,115,15,100,0,0,0,64,8,56,5,0,5,40,7,33,0,0,0,Herzing University-New Orleans,Metairie,LA,-90.155851,30.019252,6,POINT (-90.155851 30.019252)
4281,433660,3510,1354,2156,61,14,47,245,77,168,735,280,455,2260,902,1358,60,20,40,Florida Gulf Coast University,Fort Myers,FL,-81.7726,26.463638,149,POINT (-81.7726 26.463638)
4282,434016,10,2,8,0,0,0,1,1,0,1,0,1,0,0,0,0,0,0,Little Priest Tribal College,Winnebago,NE,-96.467881,42.234983,8,POINT (-96.467881 42.234983)
4283,434061,1596,797,799,26,10,16,507,182,325,62,30,32,914,531,383,25,12,13,South Louisiana Community College,Lafayette,LA,-92.050933,30.218616,62,POINT (-92.050933 30.218616)
4284,434140,522,89,433,35,9,26,18,4,14,334,47,287,106,21,85,0,0,0,Pima Medical Institute-Chula Vista,Chula Vista,CA,-117.093388,32.619858,29,POINT (-117.093388 32.619858)
4285,434159,194,146,48,2,2,0,106,80,26,22,15,7,11,10,1,0,0,0,Lincoln College of Technology-Marietta,Marietta,GA,-84.483943,33.904619,53,POINT (-84.483943 33.904619)
4286,434274,46,9,37,1,0,1,12,5,7,6,1,5,22,2,20,0,0,0,Academy of Hair Design-Lufkin,Lufkin,TX,-94.718704,31.330724,5,POINT (-94.718704 31.330724)
4287,434283,19,0,19,1,0,1,8,0,8,5,0,5,5,0,5,0,0,0,Pathway Vocational Academy,Beaumont,TX,-94.122709,30.067103,0,POINT (-94.122709 30.067103)
4288,434292,4,0,4,0,0,0,3,0,3,0,0,0,1,0,1,0,0,0,Anson College of Cosmetology,Wadesboro,NC,-80.055083,34.963535,0,POINT (-80.055083 34.963535)
4289,434308,223,16,207,2,0,2,146,9,137,4,0,4,37,6,31,0,0,0,Cortiva Institute,Linthicum,MD,-76.672532,39.215919,34,POINT (-76.672532 39.215919)
4290,434344,209,4,205,3,1,2,10,0,10,28,1,27,160,2,158,0,0,0,Toni & Guy Hairdressing Academy-Worcester,Worcester,MA,-71.808255,42.284822,8,POINT (-71.808255 42.284822)
4291,434362,30,30,0,0,0,0,0,0,0,2,2,0,27,27,0,0,0,0,Northwest HVAC/R Training Center,Spokane,WA,-117.407702,47.67364,1,POINT (-117.407702 47.67364)
4292,434432,8,1,7,0,0,0,0,0,0,0,0,0,8,1,7,0,0,0,Myotherapy Institute,Lincoln,NE,-96.607025,40.811958,0,POINT (-96.607025 40.811958)
4293,434441,18,2,16,5,1,4,2,1,1,4,0,4,5,0,5,0,0,0,Florida College of Integrative Medicine,Orlando,FL,-81.401757,28.46359,2,POINT (-81.401757 28.46359)
4294,434469,89,9,80,0,0,0,0,0,0,89,9,80,0,0,0,0,0,0,New Professions Technical Institute,Miami,FL,-80.261873,25.771488,0,POINT (-80.261873 25.771488)
4295,434496,55,0,55,2,0,2,5,0,5,5,0,5,43,0,43,0,0,0,Strand College of Hair Design,Myrtle Beach,SC,-78.815961,33.748079,0,POINT (-78.815961 33.748079)
4296,434539,22,11,11,0,0,0,7,2,5,11,8,3,3,0,3,0,0,0,City College-Miami,Miami,FL,-80.316377,25.683673,1,POINT (-80.316377 25.683673)
4297,434584,44,9,35,0,0,0,0,0,0,0,0,0,8,2,6,0,0,0,Ilisagvik College,Barrow,AK,-156.679486,71.324702,36,POINT (-156.679486 71.324702)
4298,434672,2820,1134,1686,156,68,88,963,338,625,131,57,74,1149,456,693,301,162,139,Community College of Baltimore County,Baltimore,MD,-76.48211,39.352647,120,POINT (-76.48211 39.352647)
4299,434715,47,22,25,1,0,1,8,4,4,6,4,2,23,9,14,0,0,0,Florida Coastal School of Law,Jacksonville,FL,-81.550506,30.263653,9,POINT (-81.550506 30.263653)
4300,434751,21,5,16,0,0,0,0,0,0,0,0,0,3,0,3,0,0,0,White Earth Tribal and Community College,Mahnomen,MN,-95.953099,47.3175,18,POINT (-95.953099 47.3175)
4301,434821,511,17,494,3,1,2,424,12,412,26,2,24,50,2,48,0,0,0,Blue Cliff College-Metairie,Metairie,LA,-90.172771,30.002779,8,POINT (-90.172771 30.002779)
4302,434830,173,5,168,6,4,2,95,1,94,0,0,0,70,0,70,0,0,0,Creative Images Institute of Cosmetology-North Dayton,Dayton,OH,-84.188407,39.855992,2,POINT (-84.188407 39.855992)
4303,434900,59,12,47,0,0,0,0,0,0,59,12,47,0,0,0,0,0,0,Dewey University-Carolina,Carolina,PR,-65.958397,18.376596,0,POINT (-65.958397 18.376596)
4304,434937,8,8,0,0,0,0,0,0,0,0,0,0,8,8,0,0,0,0,Yeshiva College of the Nations Capital,Silver  Spring,MD,-77.030566,39.042404,0,POINT (-77.030566 39.042404)
4305,435000,251,75,176,11,6,5,9,1,8,6,4,2,216,61,155,4,2,2,Louisiana State University Health Sciences Center-Shreveport,Shreveport,LA,-93.761018,32.480683,5,POINT (-93.761018 32.480683)
4306,436003,47,6,41,2,2,0,9,0,9,32,3,29,4,1,3,0,0,0,Central Career Institute LLC,South Plainfield,NJ,-74.420235,40.54618,0,POINT (-74.420235 40.54618)
4307,436030,103,24,79,0,0,0,103,24,79,0,0,0,0,0,0,0,0,0,Hair Academy II,Hillcrest Heights,MD,-76.948572,38.839246,0,POINT (-76.948572 38.839246)
4308,436100,12,1,11,0,0,0,0,0,0,0,0,0,12,1,11,0,0,0,Mr Leon's School of Hair Design-Lewiston,Lewiston,ID,-117.020124,46.418215,0,POINT (-117.020124 46.418215)
4309,436261,11,3,8,0,0,0,0,0,0,0,0,0,10,2,8,0,0,0,Southwest Acupuncture College-Boulder,Boulder,CO,-105.199471,40.069443,1,POINT (-105.199471 40.069443)
4310,436304,495,314,181,2,1,1,110,53,57,25,14,11,282,202,80,2,2,0,River Parishes Community College,Gonzales,LA,-90.930804,30.191006,74,POINT (-90.930804 30.191006)
4311,436429,1257,934,323,29,24,5,40,28,12,71,51,20,66,54,12,59,41,18,Los Angeles Film School,Hollywood,CA,-118.3284,34.098338,992,POINT (-118.3284 34.098338)
4312,436553,302,54,248,0,0,0,0,0,0,302,54,248,0,0,0,0,0,0,Century College,San Juan,PR,-66.06559,18.40919,0,POINT (-66.06559 18.40919)
4313,436599,14,4,10,0,0,0,0,0,0,1,0,1,13,4,9,0,0,0,FINE Mortuary College,Norwood,MA,-71.19293,42.181479,0,POINT (-71.19293 42.181479)
4314,436614,17,10,7,0,0,0,0,0,0,3,3,0,14,7,7,0,0,0,International Baptist College and Seminary,Chandler,AZ,-111.879629,33.273788,0,POINT (-111.879629 33.273788)
4315,436632,92,11,81,2,1,1,55,3,52,7,0,7,21,6,15,0,0,0,Gwinnett College,Raleigh,NC,-78.586818,35.854605,7,POINT (-78.586818 35.854605)
4316,436641,66,25,41,0,0,0,22,10,12,4,1,3,40,14,26,0,0,0,Fortis College-Foley,Foley,AL,-87.681828,30.40611,0,POINT (-87.681828 30.40611)
4317,436650,160,8,152,0,0,0,86,4,82,7,0,7,58,2,56,0,0,0,Medical Training College,Baton Rouge,LA,-91.069449,30.427312,9,POINT (-91.069449 30.427312)
4318,436775,113,2,111,2,1,1,7,0,7,17,0,17,70,1,69,0,0,0,Toni & Guy Hairdressing Academy-Plano,Plano,TX,-96.797544,33.026159,17,POINT (-96.797544 33.026159)
4319,437097,530,330,200,17,12,5,50,30,20,19,16,3,58,45,13,0,0,0,University of Management and Technology,Arlington,VA,-77.072001,38.89743,386,POINT (-77.072001 38.89743)
4320,437103,1812,639,1173,48,20,28,709,200,509,87,28,59,766,318,448,55,23,32,Baton Rouge Community College,Baton Rouge,LA,-91.137935,30.448276,147,POINT (-91.137935 30.448276)
4321,437237,38,35,3,0,0,0,1,1,0,0,0,0,28,25,3,0,0,0,IYRS School of Technology & Trades,Newport,RI,-71.314724,41.480948,9,POINT (-71.314724 41.480948)
4322,437316,197,39,158,32,1,31,2,0,2,27,5,22,109,29,80,1,0,1,Linfield University-School of Nursing,Portland,OR,-122.524887,45.543942,26,POINT (-122.524887 45.543942)
4323,437325,106,14,92,5,0,5,1,0,1,17,1,16,66,11,55,0,0,0,Linfield University-Online and Continuing Education,McMinnville,OR,-123.199637,45.201148,17,POINT (-123.199637 45.201148)
4324,437556,1168,500,668,8,5,3,231,57,174,73,30,43,782,373,409,17,8,9,Midwest Technical Institute-Illinois,Springfield,IL,-89.595331,39.840996,57,POINT (-89.595331 39.840996)
4325,437608,57,39,18,0,0,0,0,0,0,57,39,18,0,0,0,0,0,0,Advanced Barber College and Hair Design,Weslaco,TX,-97.958247,26.131543,0,POINT (-97.958247 26.131543)
4326,437635,336,37,299,4,0,4,56,10,46,162,13,149,75,9,66,0,0,0,The College of Health Care Professions-Austin,Austin,TX,-97.699064,30.322978,39,POINT (-97.699064 30.322978)
4327,437723,66,34,32,0,0,0,58,30,28,8,4,4,0,0,0,0,0,0,New Community Career & Technical Institute,Newark,NJ,-74.19585,40.739017,0,POINT (-74.19585 40.739017)
4328,437732,58,6,52,1,1,0,34,3,31,1,0,1,17,1,16,0,0,0,Chicago School of Professional Psychology-College of Nursing,Richardson,TX,-96.75721,32.979753,5,POINT (-96.75721 32.979753)
4329,437750,40,38,2,1,1,0,1,1,0,2,2,0,31,29,2,3,3,0,Professional Golfers Career College,Temecula,CA,-117.163739,33.528952,2,POINT (-117.163739 33.528952)
4330,437769,104,7,97,0,0,0,76,6,70,6,0,6,22,1,21,0,0,0,Chester Career College,CHESTER,VA,-77.374112,37.348882,0,POINT (-77.374112 37.348882)
4331,437778,161,16,145,2,0,2,30,4,26,96,9,87,28,2,26,0,0,0,Milan Institute-San Antonio Ingram,San Antonio,TX,-98.624719,29.463767,5,POINT (-98.624719 29.463767)
4332,437857,72,5,67,3,0,3,10,0,10,4,1,3,51,4,47,0,0,0,Rudae's School of Beauty Culture-Ft Wayne,Fort Wayne,IN,-85.139946,41.128125,4,POINT (-85.139946 41.128125)
4333,437936,308,29,279,54,7,47,9,3,6,183,9,174,46,7,39,5,0,5,Carrington College-San Jose,San Jose,CA,-121.777062,37.248411,11,POINT (-121.777062 37.248411)
4334,438179,141,22,119,2,0,2,18,3,15,50,11,39,54,7,47,0,0,0,Brookline College-Tucson,Tucson,AZ,-110.876375,32.207932,17,POINT (-110.876375 32.207932)
4335,438221,91,14,77,0,0,0,5,3,2,6,1,5,73,10,63,0,0,0,Miller-Motte College-McCann-Lewisburg,Lewisburg,PA,-76.885311,40.98239,7,POINT (-76.885311 40.98239)
4336,438258,154,39,115,25,15,10,11,1,10,55,7,48,44,10,34,1,0,1,Carrington College-Pleasant Hill Campus,Pleasant Hill,CA,-122.072153,37.962649,18,POINT (-122.072153 37.962649)
4337,438285,142,12,130,1,0,1,27,5,22,46,1,45,37,3,34,0,0,0,Cortiva Institute,Maitland,FL,-81.397179,28.629921,31,POINT (-81.397179 28.629921)
4338,438337,205,80,125,0,0,0,0,0,0,205,80,125,0,0,0,0,0,0,Modern Hairstyling Institute-Carolina,Carolina,PR,-65.963611,18.379812,0,POINT (-65.963611 18.379812)
4339,438498,579,190,389,29,11,18,243,59,184,41,8,33,87,37,50,84,52,32,Stratford University,Alexandria,VA,-77.083035,38.801799,95,POINT (-77.083035 38.801799)
4340,438504,522,504,18,13,12,1,21,21,0,312,304,8,98,95,3,0,0,0,Universal Technical Institute of California Inc,Rancho Cucamonga,CA,-117.576366,34.082782,78,POINT (-117.576366 34.082782)
4341,438586,466,142,324,4,4,0,278,71,207,1,1,0,42,17,25,0,0,0,American InterContinental University-Atlanta,Atlanta,GA,-84.354907,33.938779,141,POINT (-84.354907 33.938779)
4342,438674,20,0,20,0,0,0,16,0,16,0,0,0,4,0,4,0,0,0,The Academy of Hair Design Six,Hattiesburg,MS,-89.316607,31.311055,0,POINT (-89.316607 31.311055)
4343,438708,63,21,42,1,0,1,1,0,1,0,0,0,60,21,39,0,0,0,Eastern West Virginia Community and Technical College,Moorefield,WV,-78.932546,39.075562,1,POINT (-78.932546 39.075562)
4344,438735,76,71,5,3,3,0,24,22,2,7,7,0,30,28,2,0,0,0,Aviation Institute of Maintenance-Indianapolis,Indianapolis,IN,-86.288273,39.753062,12,POINT (-86.288273 39.753062)
4345,438984,22,7,15,0,0,0,0,0,0,22,7,15,0,0,0,0,0,0,IVAEM College,Caguas,PR,-66.033732,18.23502,0,POINT (-66.033732 18.23502)
4346,439020,10,2,8,0,0,0,0,0,0,3,0,3,7,2,5,0,0,0,Midwest College of Oriental Medicine-Skokie,Skokie,IL,-87.754597,42.044312,0,POINT (-87.754597 42.044312)
4347,439118,255,33,222,4,1,3,8,0,8,28,5,23,188,23,165,0,0,0,Carrington College-Spokane,Spokane,WA,-117.268126,47.675918,27,POINT (-117.268126 47.675918)
4348,439190,598,279,319,87,36,51,9,4,5,72,29,43,273,139,134,61,34,27,Cascadia College,Bothell,WA,-122.191572,47.760915,96,POINT (-122.191572 47.760915)
4349,439367,318,93,225,57,23,34,23,6,17,103,29,74,60,14,46,0,0,0,CBD College,Los Angeles,CA,-118.306221,34.06231,75,POINT (-118.306221 34.06231)
4350,439394,27,7,20,2,1,1,1,0,1,4,0,4,20,6,14,0,0,0,East West College of Natural Medicine,Sarasota,FL,-82.551571,27.368451,0,POINT (-82.551571 27.368451)
4351,439446,30,5,25,4,0,4,3,0,3,3,1,2,19,3,16,0,0,0,Atlantic Institute of Oriental Medicine,Fort Lauderdale,FL,-80.142235,26.121964,1,POINT (-80.142235 26.121964)
4352,439455,106,3,103,2,0,2,98,3,95,2,0,2,2,0,2,0,0,0,MDT College of Health Sciences,Chicago,IL,-87.626495,41.882931,2,POINT (-87.626495 41.882931)
4353,439473,75,9,66,0,0,0,70,9,61,4,0,4,0,0,0,0,0,0,Bennett Career Institute,Washington,DC,-76.995965,38.93264,1,POINT (-76.995965 38.93264)
4354,439491,193,18,175,0,0,0,121,12,109,5,0,5,64,6,58,0,0,0,Blue Cliff College-Lafayette,Lafayette,LA,-92.011131,30.18811,3,POINT (-92.011131 30.18811)
4355,439507,260,21,239,4,0,4,60,9,51,160,9,151,29,3,26,2,0,2,Quest College,San Antonio,TX,-98.563006,29.507453,5,POINT (-98.563006 29.507453)
4356,439570,455,21,434,11,1,10,68,5,63,41,1,40,228,10,218,0,0,0,Community Care College,Tulsa,OK,-95.905178,36.101615,107,POINT (-95.905178 36.101615)
4357,439622,409,173,236,13,9,4,92,13,79,20,9,11,280,141,139,0,0,0,Erie 1 BOCES,West Seneca,NY,-78.78642,42.851567,4,POINT (-78.78642 42.851567)
4358,439668,212,202,10,5,5,0,18,17,1,51,47,4,66,61,5,0,0,0,HDS Truck Driving Institute,Tucson,AZ,-110.856474,32.13887,72,POINT (-110.856474 32.13887)
4359,439686,78,5,73,0,0,0,0,0,0,78,5,73,0,0,0,0,0,0,International Training Careers,Miami,FL,-80.314727,25.746905,0,POINT (-80.314727 25.746905)
4360,439701,89,43,46,1,0,1,12,8,4,8,4,4,53,24,29,4,2,2,The King's University,Southlake,TX,-97.121526,32.93973,11,POINT (-97.121526 32.93973)
4361,439738,186,44,142,1,0,1,147,35,112,5,1,4,32,8,24,0,0,0,Fortis College-Baton Rouge,Baton Rouge,LA,-91.024833,30.366448,1,POINT (-91.024833 30.366448)
4362,439747,193,34,159,188,34,154,2,0,2,1,0,1,2,0,2,0,0,0,My Le's Beauty College,Sacramento,CA,-121.452325,38.494851,0,POINT (-121.452325 38.494851)
4363,439774,44,10,34,0,0,0,0,0,0,44,10,34,0,0,0,0,0,0,New Concept Massage and Beauty School,Miami,FL,-80.228547,25.77128,0,POINT (-80.228547 25.77128)
4364,439783,54,17,37,39,16,23,0,0,0,2,0,2,8,0,8,5,1,4,New York College of Traditional Chinese Medicine,Mineola,NY,-73.638911,40.73945,0,POINT (-73.638911 40.73945)
4365,439792,204,20,184,5,0,5,61,6,55,19,0,19,96,11,85,0,0,0,Fortis College-Orange Park,Orange Park,FL,-81.759035,30.148278,23,POINT (-81.759035 30.148278)
4366,439817,28,15,13,1,1,0,9,2,7,3,0,3,15,12,3,0,0,0,Northeastern Seminary,Rochester,NY,-77.8007,43.122873,0,POINT (-77.8007 43.122873)
4367,439844,35,0,35,0,0,0,0,0,0,1,0,1,30,0,30,0,0,0,Omega Institute of Cosmetology,Houma,LA,-90.752356,29.602712,4,POINT (-90.752356 29.602712)
4368,439862,10,3,7,0,0,0,0,0,0,0,0,0,0,0,0,0,0,0,Pacific Islands University,Mangilao,GU,144.835821,13.465046,10,POINT (144.835821 13.465046)
4369,439871,45,0,45,6,0,6,2,0,2,29,0,29,5,0,5,0,0,0,PCI College,Cerritos,CA,-118.100169,33.87475,3,POINT (-118.100169 33.87475)
4370,439899,20,10,10,0,0,0,0,0,0,0,0,0,20,10,10,0,0,0,Rosedale Bible College,Irwin,OH,-83.456645,40.077583,0,POINT (-83.456645 40.077583)
4371,439914,10,4,6,0,0,0,0,0,0,0,0,0,4,2,2,0,0,0,Seattle Institute of East Asian Medicine,Seattle,WA,-122.331171,47.552127,6,POINT (-122.331171 47.552127)
4372,439932,32,4,28,0,0,0,4,1,3,0,0,0,25,2,23,0,0,0,Shawnee Beauty College,Shawnee,OK,-96.912574,35.356032,3,POINT (-96.912574 35.356032)
4373,439969,77,21,56,1,0,1,6,2,4,55,15,40,13,4,9,0,0,0,Acupuncture and Massage College,Miami,FL,-80.364141,25.686382,2,POINT (-80.364141 25.686382)
4374,440004,42,18,24,0,0,0,0,0,0,0,0,0,38,16,22,0,0,0,Upper Valley Educators Institute,Lebanon,NH,-72.230822,43.637595,4,POINT (-72.230822 43.637595)
4375,440031,337,125,212,108,47,61,25,8,17,45,13,32,47,16,31,75,23,52,Keck Graduate Institute,Claremont,CA,-117.72351,34.093329,37,POINT (-117.72351 34.093329)
4376,440059,356,324,32,21,20,1,147,134,13,48,41,7,95,89,6,1,1,0,Aviation Institute of Maintenance-Atlanta,Duluth,GA,-84.147864,33.948914,44,POINT (-84.147864 33.948914)
4377,440101,35,2,33,0,0,0,18,1,17,4,0,4,10,1,9,0,0,0,Empire Beauty School-Kennesaw,Kennesaw,GA,-84.56688,34.012704,3,POINT (-84.56688 34.012704)
4378,440217,27,1,26,1,0,1,0,0,0,0,0,0,26,1,25,0,0,0,Huntingdon County Career and Technology Center,Mill Creek,PA,-77.927438,40.434249,0,POINT (-77.927438 40.434249)
4379,440226,39,0,39,3,0,3,5,0,5,1,0,1,29,0,29,0,0,0,Missouri College of Cosmetology North,Springfield,MO,-93.234613,37.179314,1,POINT (-93.234613 37.179314)
4380,440262,178,170,8,20,20,0,73,69,4,58,54,4,14,14,0,0,0,0,New York Automotive and Diesel Institute,Jamaica,NY,-73.780592,40.705073,13,POINT (-73.780592 40.705073)
4381,440271,44,32,12,0,0,0,39,29,10,0,0,0,5,3,2,0,0,0,Remington College-Baton Rouge Campus,Baton Rouge,LA,-91.052999,30.411857,0,POINT (-91.052999 30.411857)
4382,440396,33,16,17,1,0,1,0,0,0,0,0,0,23,10,13,0,0,0,New Saint Andrews College,Moscow,ID,-117.001804,46.731422,9,POINT (-117.001804 46.731422)
4383,440402,747,352,395,2,1,1,130,43,87,36,13,23,510,242,268,0,0,0,Arkansas State University-Newport,Newport,AR,-91.188846,35.638722,69,POINT (-91.188846 35.638722)
4384,440651,111,21,90,0,0,0,0,0,0,111,21,90,0,0,0,0,0,0,Atenas College,Manati,PR,-66.488422,18.429776,0,POINT (-66.488422 18.429776)
4385,440730,293,120,173,6,2,4,63,20,43,11,4,7,207,93,114,0,0,0,Onondaga Cortland Madison BOCES,Liverpool,NY,-76.174381,43.096302,6,POINT (-76.174381 43.096302)
4386,440749,25,20,5,1,1,0,4,4,0,2,2,0,17,12,5,0,0,0,National American University-Ellsworth AFB Extension,Ellsworth Air Force Base,SD,-103.079296,44.140362,1,POINT (-103.079296 44.140362)
4387,440776,17,1,16,0,0,0,2,1,1,12,0,12,3,0,3,0,0,0,Interactive College of Technology,Pasadena,TX,-95.213765,29.690435,0,POINT (-95.213765 29.690435)
4388,440794,137,31,106,2,1,1,36,9,27,87,16,71,3,2,1,0,0,0,Pillar College,Newark,NJ,-74.169153,40.738539,9,POINT (-74.169153 40.738539)
4389,440819,21,10,11,1,1,0,1,1,0,1,0,1,16,7,9,2,1,1,Miami Ad School-San Francisco,San Francisco,CA,-122.401198,37.795155,0,POINT (-122.401198 37.795155)
4390,440855,71,5,66,0,0,0,9,3,6,45,2,43,14,0,14,0,0,0,Milan Institute-Amarillo,Amarillo,TX,-101.916984,35.185278,3,POINT (-101.916984 35.185278)
4391,440989,101,86,15,1,1,0,78,68,10,19,15,4,3,2,1,0,0,0,Texas Barber College,Houston,TX,-95.532975,29.69036,0,POINT (-95.532975 29.69036)
4392,441025,254,117,137,0,0,0,179,78,101,7,3,4,51,27,24,0,0,0,Miller-Motte College-Charleston,Charleston,SC,-80.044585,32.953274,17,POINT (-80.044585 32.953274)
4393,441052,700,141,559,139,56,83,40,9,31,398,53,345,68,7,61,0,0,0,American Career College-Anaheim,Anaheim,CA,-117.975599,33.849912,55,POINT (-117.975599 33.849912)
4394,441070,13,4,9,0,0,0,0,0,0,0,0,0,3,1,2,0,0,0,Saginaw Chippewa Tribal College,Mount Pleasant,MI,-84.731862,43.607747,10,POINT (-84.731862 43.607747)
4395,441104,87,24,63,2,0,2,7,1,6,3,1,2,70,21,49,0,0,0,Richmont Graduate University,Chattanooga,TN,-85.274642,35.036337,5,POINT (-85.274642 35.036337)
4396,441131,56,15,41,4,2,2,1,0,1,1,1,0,48,12,36,0,0,0,The Seattle School of Theology & Psychology,Seattle,WA,-122.350945,47.613373,2,POINT (-122.350945 47.613373)
4397,441168,17,1,16,0,0,0,0,0,0,4,0,4,13,1,12,0,0,0,Northwest College-Hillsboro,Hillsboro,OR,-123.001688,45.520534,0,POINT (-123.001688 45.520534)
4398,441210,197,75,122,5,4,1,16,2,14,62,23,39,103,43,60,0,0,0,East Valley Institute of Technology,Mesa,AZ,-111.863966,33.412268,11,POINT (-111.863966 33.412268)
4399,441229,434,197,237,26,17,9,32,23,9,185,85,100,191,72,119,0,0,0,Triad Education,Los Angeles,CA,-118.302836,34.061409,0,POINT (-118.302836 34.061409)
4400,441238,13,4,9,3,0,3,0,0,0,2,1,1,4,2,2,3,1,2,Irell & Manella Graduate School of Biological Sciences at City of Hope,Duarte,CA,-117.972791,34.129048,1,POINT (-117.972791 34.129048)
4401,441256,51,1,50,0,0,0,1,0,1,18,0,18,30,1,29,0,0,0,Design's School of Cosmetology,Paso Robles,CA,-120.672526,35.648459,2,POINT (-120.672526 35.648459)
4402,441371,7682,278,7404,50,7,43,4010,122,3888,45,3,42,2264,55,2209,0,0,0,Ultimate Medical Academy,Clearwater,FL,-82.78558,27.965294,1313,POINT (-82.78558 27.965294)
4403,441380,219,69,150,1,0,1,150,50,100,55,15,40,13,4,9,0,0,0,Florida Barber Academy,Plantation,FL,-80.203691,26.122056,0,POINT (-80.203691 26.122056)
4404,441414,230,35,195,0,0,0,4,0,4,162,23,139,5,1,4,58,11,47,M-DCPS The English Center,Miami,FL,-80.25167,25.74027,1,POINT (-80.25167 25.74027)
4405,441423,194,54,140,1,1,0,2,1,1,191,52,139,0,0,0,0,0,0,Florida Education Institute,Miami,FL,-80.290496,25.76325,0,POINT (-80.290496 25.76325)
4406,441487,38,2,36,0,0,0,0,0,0,3,0,3,35,2,33,0,0,0,Texas County Technical College,Houston,MO,-91.964963,37.300967,0,POINT (-91.964963 37.300967)
4407,441496,69,63,6,1,1,0,18,16,2,9,9,0,35,33,2,0,0,0,Aviation Institute of Maintenance-Kansas City,Kansas City,MO,-94.498289,39.049869,6,POINT (-94.498289 39.049869)
4408,441502,152,6,146,1,0,1,82,4,78,9,0,9,57,1,56,0,0,0,Blue Cliff College-Gulfport,Gulfport,MS,-89.039348,30.442482,3,POINT (-89.039348 30.442482)
4409,441548,38,13,25,2,2,0,4,1,3,7,4,3,20,6,14,0,0,0,Institute for Therapeutic Massage,HASKELL,NJ,-74.297239,41.029337,5,POINT (-74.297239 41.029337)
4410,441575,150,14,136,108,12,96,0,0,0,39,2,37,3,0,3,0,0,0,Metropolitan Learning Institute,Rego Park,NY,-73.858364,40.729169,0,POINT (-73.858364 40.729169)
4411,441609,11,11,0,0,0,0,0,0,0,0,0,0,11,11,0,0,0,0,Yeshiva Shaarei Torah of Rockland,Suffern,NY,-74.090159,41.12362,0,POINT (-74.090159 41.12362)
4412,441618,11,0,11,0,0,0,1,0,1,0,0,0,10,0,10,0,0,0,Leon Studio One School of Beauty Knowledge,Williamsville,NY,-78.752161,42.961017,0,POINT (-78.752161 42.961017)
4413,441636,269,46,223,5,1,4,217,36,181,9,2,7,28,5,23,0,0,0,American Institute of Alternative Medicine,Columbus,OH,-82.988733,40.102442,10,POINT (-82.988733 40.102442)
4414,441645,101,3,98,1,0,1,21,0,21,4,0,4,71,3,68,0,0,0,Brown Aveda Institute-Mentor,Mentor,OH,-81.324318,41.672002,4,POINT (-81.324318 41.672002)
4415,441663,260,20,240,7,1,6,6,1,5,67,5,62,110,6,104,0,0,0,Institute of Technology,Salem,OR,-122.967715,44.969198,70,POINT (-122.967715 44.969198)
4416,441672,33,3,30,0,0,0,0,0,0,0,0,0,33,3,30,0,0,0,Susquehanna County Career and Technology Center,Springville,PA,-75.9558,41.7386,0,POINT (-75.9558 41.7386)
4417,441690,33,19,14,0,0,0,0,0,0,33,19,14,0,0,0,0,0,0,Universidad Pentecostal Mizpa,Rio Piedras,PR,-66.085117,18.358258,0,POINT (-66.085117 18.358258)
4418,441706,28,7,21,0,0,0,0,0,0,28,7,21,0,0,0,0,0,0,Caribbean Forensic and Technical College,San Juan,PR,-66.074179,18.450952,0,POINT (-66.074179 18.450952)
4419,441742,532,53,479,5,0,5,134,18,116,108,6,102,34,6,28,0,0,0,Concorde Career College-Grand Prairie,Grand Prairie,TX,-97.05498,32.675369,251,POINT (-97.05498 32.675369)
4420,441760,854,443,411,15,10,5,224,95,129,194,102,92,389,223,166,0,0,0,Lamar Institute of Technology,Beaumont,TX,-94.077126,30.047885,32,POINT (-94.077126 30.047885)
4421,441788,159,151,8,7,7,0,39,36,3,51,50,1,45,41,4,0,0,0,Aviation Institute of Maintenance-Dallas,Irving,TX,-96.941822,32.836068,17,POINT (-96.941822 32.836068)
4422,441830,69,12,57,2,0,2,0,0,0,4,0,4,60,11,49,0,0,0,Healing Mountain Massage School,Salt Lake City,UT,-111.876409,40.761391,3,POINT (-111.876409 40.761391)
4423,441858,120,13,107,2,0,2,34,7,27,13,1,12,60,5,55,0,0,0,Eastern Virginia Career College,Fredericksburg,VA,-77.495581,38.24116,11,POINT (-77.495581 38.24116)
4424,441876,86,5,81,2,0,2,16,1,15,9,1,8,52,1,51,0,0,0,"Rudy & Kelly Academy, A Paul Mitchell Partner School",Virginia Beach,VA,-76.189382,36.779382,7,POINT (-76.189382 36.779382)
4425,441900,763,154,609,97,24,73,50,12,38,250,45,205,241,41,200,1,0,1,Nevada State College,Henderson,NV,-114.938044,35.982345,124,POINT (-114.938044 35.982345)
4426,441937,2187,766,1421,121,46,75,39,15,24,1107,330,777,642,255,387,78,29,49,California State University-Channel Islands,Camarillo,CA,-119.04356,34.162949,200,POINT (-119.04356 34.162949)
4427,441982,76,35,41,11,3,8,5,5,0,7,4,3,37,16,21,7,4,3,Franklin W Olin College of Engineering,Needham,MA,-71.263378,42.293527,9,POINT (-71.263378 42.293527)
4428,442064,60,17,43,13,7,6,3,1,2,2,1,1,38,8,30,0,0,0,Won Institute of Graduate Studies,Warminster,PA,-75.078944,40.201117,4,POINT (-75.078944 40.201117)
4429,442073,346,113,233,18,8,10,98,23,75,152,43,109,57,31,26,0,0,0,Lincoln Technical Institute-Paramus,Paramus,NJ,-74.057574,40.915145,21,POINT (-74.057574 40.915145)
4430,442134,371,48,323,15,2,13,31,6,25,112,13,99,185,26,159,0,0,0,Pima Medical Institute-Colorado Springs,Colorado Springs,CO,-104.820989,38.914019,28,POINT (-104.820989 38.914019)
4431,442213,16,0,16,0,0,0,2,0,2,0,0,0,9,0,9,2,0,2,Birthwise Midwifery School,Bridgton,ME,-70.713985,44.052323,3,POINT (-70.713985 44.052323)
4432,442240,221,37,184,16,2,14,9,1,8,83,20,63,103,12,91,0,0,0,Paul Mitchell the School-Costa Mesa,Costa Mesa,CA,-117.927468,33.695103,10,POINT (-117.927468 33.695103)
4433,442295,66,31,35,1,1,0,3,2,1,18,7,11,42,20,22,0,0,0,Ave Maria School of Law,Naples,FL,-81.731358,26.242138,2,POINT (-81.731358 26.242138)
4434,442329,754,701,53,4,4,0,177,157,20,102,97,5,416,393,23,0,0,0,Tulsa Welding School-Jacksonville,Jacksonville,FL,-81.560428,30.282647,55,POINT (-81.560428 30.282647)
4435,442356,597,70,527,20,3,17,47,7,40,51,7,44,441,45,396,0,0,0,Pennsylvania College of Health Sciences,Lancaster,PA,-76.247035,40.060419,38,POINT (-76.247035 40.060419)
4436,442383,55,15,40,0,0,0,2,0,2,0,0,0,53,15,38,0,0,0,West Virginia Junior College-Bridgeport,Bridgeport,WV,-80.271826,39.284512,0,POINT (-80.271826 39.284512)
4437,442426,217,19,198,2,0,2,90,6,84,3,0,3,111,11,100,0,0,0,St Louis College of Health Careers-Fenton,Fenton,MO,-90.470904,38.544635,11,POINT (-90.470904 38.544635)
4438,442435,1,0,1,0,0,0,0,0,0,1,0,1,0,0,0,0,0,0,Interactive College of Technology-Gainesville,Gainesville,GA,-83.855524,34.276597,0,POINT (-83.855524 34.276597)
4439,442444,483,296,187,27,12,15,24,15,9,271,161,110,56,36,20,0,0,0,San Joaquin Valley College-Ontario,Ontario,CA,-117.55038,34.068584,105,POINT (-117.55038 34.068584)
4440,442523,11,3,8,1,1,0,0,0,0,0,0,0,1,0,1,0,0,0,Alaska Christian College,Soldotna,AK,-151.136005,60.490459,9,POINT (-151.136005 60.490459)
4441,442569,1952,1023,929,38,24,14,591,221,370,169,101,68,739,434,305,0,0,0,Grantham University,Lenexa,KS,-94.771491,38.92258,415,POINT (-94.771491 38.92258)
4442,442602,194,16,178,0,0,0,3,1,2,102,9,93,35,4,31,2,0,2,Carrington College-Albuquerque,Albuquerque,NM,-106.633361,35.110048,52,POINT (-106.633361 35.110048)
4443,442611,497,473,24,7,7,0,60,56,4,78,76,2,309,294,15,0,0,0,NASCAR Technical Institute,Mooresville,NC,-80.855128,35.605305,43,POINT (-80.855128 35.605305)
4444,442639,115,80,35,6,3,3,2,1,1,0,0,0,2,1,1,104,74,30,University of the Potomac-VA Campus,FALLS CHURCH,VA,-77.216062,38.906944,1,POINT (-77.216062 38.906944)
4445,442657,88,9,79,0,0,0,3,1,2,80,7,73,4,1,3,0,0,0,Milan Institute-Palm Desert,Palm Desert,CA,-116.353268,33.783343,1,POINT (-116.353268 33.783343)
4446,442781,30,5,25,0,0,0,2,2,0,0,0,0,2,1,1,0,0,0,Tohono O'odham Community College,Sells,AZ,-111.715445,31.989869,26,POINT (-111.715445 31.989869)
4447,442806,475,233,242,78,36,42,25,11,14,46,15,31,320,168,152,0,0,0,Edward Via College of Osteopathic Medicine,Blacksburg,VA,-80.406018,37.199659,6,POINT (-80.406018 37.199659)
4448,442842,54,5,49,4,0,4,8,0,8,7,2,5,26,2,24,0,0,0,Pacific College of Health Science-Chicago,Chicago,IL,-87.625488,41.886588,9,POINT (-87.625488 41.886588)
4449,442879,423,22,401,3,0,3,31,2,29,80,4,76,250,12,238,0,0,0,Southwest Institute of Healing Arts,Tempe,AZ,-111.913584,33.39428,59,POINT (-111.913584 33.39428)
4450,442888,52,50,2,1,1,0,6,5,1,27,26,1,15,15,0,0,0,0,InterCoast Colleges-Riverside,Riverside,CA,-117.344752,33.993598,3,POINT (-117.344752 33.993598)
4451,442930,283,120,163,9,3,6,43,13,30,97,42,55,51,25,26,9,4,5,University of Antelope Valley,Lancaster,CA,-118.134968,34.683587,74,POINT (-118.134968 34.683587)
4452,442949,3,0,3,0,0,0,0,0,0,0,0,0,3,0,3,0,0,0,Birthingway College of Midwifery,Beaverton,OR,-122.824926,45.483729,0,POINT (-122.824926 45.483729)
4453,442967,49,8,41,0,0,0,4,0,4,20,3,17,12,3,9,0,0,0,Pima Medical Institute-Albuquerque West,Albuquerque,NM,-106.687874,35.181571,13,POINT (-106.687874 35.181571)
4454,442976,40,4,36,1,0,1,15,1,14,1,0,1,19,2,17,0,0,0,Brighton Center's Center for Employment Training,Newport,KY,-84.490096,39.092904,4,POINT (-84.490096 39.092904)
4455,442985,100,13,87,2,2,0,17,2,15,68,5,63,3,1,2,0,0,0,California Healing Arts College,Carson,CA,-118.265919,33.844718,10,POINT (-118.265919 33.844718)
4456,443021,46,36,10,0,0,0,42,32,10,3,3,0,1,1,0,0,0,0,Dallas Barber & Stylist College,Dallas,TX,-96.737009,32.909891,0,POINT (-96.737009 32.909891)
4457,443030,24,10,14,4,3,1,0,0,0,0,0,0,17,6,11,0,0,0,NorthShore University HealthSystem School of Nurse Anesthesia,Evanston,IL,-87.684445,42.065549,3,POINT (-87.684445 42.065549)
4458,443049,114,60,54,25,3,22,26,19,7,5,4,1,36,19,17,12,10,2,Faith International University,Tacoma,WA,-122.51687,47.280168,10,POINT (-122.51687 47.280168)
4459,443058,11,4,7,0,0,0,0,0,0,0,0,0,8,3,5,1,1,0,Family of Faith Christian University,Shawnee,OK,-96.901413,35.462234,2,POINT (-96.901413 35.462234)
4460,443076,28,18,10,0,0,0,25,16,9,1,1,0,2,1,1,0,0,0,Hood Theological Seminary,Salisbury,NC,-80.480643,35.644603,0,POINT (-80.480643 35.644603)
4461,443100,14,12,2,0,0,0,0,0,0,14,12,2,0,0,0,0,0,0,Colegio Educativo Tecnologico Industrial Inc,Arecibo,PR,-66.714906,18.471007,0,POINT (-66.714906 18.471007)
4462,443128,156,75,81,0,0,0,0,0,0,0,0,0,0,0,0,156,75,81,International Technological University,Santa Clara,CA,-121.963426,37.377192,0,POINT (-121.963426 37.377192)
4463,443137,91,21,70,1,0,1,9,2,7,3,0,3,73,17,56,0,0,0,Irene's Myomassology Institute,Southfield,MI,-83.287169,42.480113,5,POINT (-83.287169 42.480113)
4464,443146,60,48,12,0,0,0,41,30,11,19,18,1,0,0,0,0,0,0,Jay's Technical Institute,Houston,TX,-95.525281,29.64877,0,POINT (-95.525281 29.64877)
4465,443207,124,120,4,23,23,0,5,3,2,75,74,1,13,12,1,0,0,0,NTMA Training Centers of Southern California,Santa Fe Springs,CA,-118.074231,33.94302,8,POINT (-118.074231 33.94302)
4466,443216,111,104,7,23,20,3,26,26,0,43,39,4,18,18,0,0,0,0,P C Age-Jersey City,Jersey City,NJ,-74.06691,40.732114,1,POINT (-74.06691 40.732114)
4467,443225,59,54,5,11,10,1,17,15,2,10,9,1,19,19,0,0,0,0,PC AGE-Metropark,Iselin,NJ,-74.325692,40.561771,2,POINT (-74.325692 40.561771)
4468,443234,141,8,133,1,0,1,80,7,73,48,1,47,6,0,6,0,0,0,Hollywood Institute,Margate,FL,-80.199738,26.243429,6,POINT (-80.199738 26.243429)
4469,443252,1761,1217,544,0,0,0,0,0,0,1761,1217,544,0,0,0,0,0,0,South Florida Institute of Technology,Miami,FL,-80.239586,25.780018,0,POINT (-80.239586 25.780018)
4470,443261,148,14,134,1,0,1,83,6,77,3,1,2,48,4,44,0,0,0,Southeastern College-Charleston,North Charleston,SC,-80.027313,32.900527,13,POINT (-80.027313 32.900527)
4471,443289,50,3,47,0,0,0,1,0,1,5,0,5,39,1,38,0,0,0,Tigi Hairdressing Academy-Colorado Springs,Colorado Springs,CO,-104.777572,38.905898,5,POINT (-104.777572 38.905898)
4472,443298,19,17,2,0,0,0,17,15,2,2,2,0,0,0,0,0,0,0,Trend Barber College,Houston,TX,-95.522116,29.65621,0,POINT (-95.522116 29.65621)
4473,443322,110,12,98,0,0,0,0,0,0,110,12,98,0,0,0,0,0,0,Valley Grande Institute for Academic Studies,Weslaco,TX,-97.990391,26.158256,0,POINT (-97.990391 26.158256)
4474,443331,778,185,593,206,55,151,17,6,11,201,46,155,269,54,215,0,0,0,West Coast University-Los Angeles,North Hollywood,CA,-118.39941,34.187134,85,POINT (-118.39941 34.187134)
4475,443340,17,7,10,0,0,0,1,0,1,4,1,3,12,6,6,0,0,0,Williamson Christian College,Franklin,TN,-86.828311,35.95616,0,POINT (-86.828311 35.95616)
4476,443377,66,61,5,0,0,0,2,2,0,2,2,0,61,56,5,0,0,0,Triangle Tech Inc-Sunbury,Sunbury,PA,-76.765478,40.855276,1,POINT (-76.765478 40.855276)
4477,443410,243,189,54,18,10,8,3,3,0,11,10,1,107,86,21,60,46,14,DigiPen Institute of Technology,Redmond,WA,-122.150603,47.68871,44,POINT (-122.150603 47.68871)
4478,443492,500,246,254,12,4,8,12,4,8,0,0,0,454,225,229,0,0,0,Pierpont Community and Technical College,Fairmont,WV,-80.192304,39.432199,22,POINT (-80.192304 39.432199)
4479,443562,151,31,120,0,0,0,0,0,0,151,31,120,0,0,0,0,0,0,Dewey University-Hato Rey,Hato Rey,PR,-66.043033,18.417614,0,POINT (-66.043033 18.417614)
4480,443571,155,89,66,6,5,1,12,4,8,77,54,23,43,19,24,0,0,0,InterCoast Colleges-West Covina,W. Covina,CA,-117.89763,34.073416,17,POINT (-117.89763 34.073416)
4481,443599,346,24,322,2,0,2,51,4,47,36,3,33,236,15,221,0,0,0,American College of Healthcare Sciences,Portland,OR,-122.675858,45.486902,21,POINT (-122.675858 45.486902)
4482,443632,88,70,18,0,0,0,24,21,3,10,6,4,48,39,9,0,0,0,Colorado Media School,Lakewood,CO,-105.077863,39.708979,6,POINT (-105.077863 39.708979)
4483,443641,36,2,34,1,0,1,2,0,2,1,0,1,27,1,26,0,0,0,Paul Mitchell the School-Rhode Island,Cranston,RI,-71.459056,41.755208,5,POINT (-71.459056 41.755208)
4484,443650,146,44,102,0,0,0,45,15,30,6,4,2,83,21,62,0,0,0,Miller-Motte College-Chattanooga,Chattanooga,TN,-85.181925,35.034287,12,POINT (-85.181925 35.034287)
4485,443669,77,11,66,3,1,2,1,0,1,41,2,39,27,7,20,0,0,0,Milan Institute-Sparks,Sparks,NV,-119.757909,39.524564,5,POINT (-119.757909 39.524564)
4486,443702,20,7,13,1,0,1,1,0,1,1,0,1,17,7,10,0,0,0,"Bexley Hall Seabury Western Theological Seminary Federation, Inc.",Chicago,IL,-87.591173,41.785693,0,POINT (-87.591173 41.785693)
4487,443748,416,98,318,22,9,13,239,47,192,101,21,80,36,17,19,0,0,0,Altierus Career College-Norcross,Norcross,GA,-84.155475,33.934121,18,POINT (-84.155475 33.934121)
4488,443766,377,62,315,3,0,3,292,35,257,6,0,6,50,21,29,0,0,0,Strayer University-Tennessee,Memphis,TN,-89.899255,35.077513,26,POINT (-89.899255 35.077513)
4489,443784,301,85,216,10,5,5,164,39,125,25,7,18,90,32,58,1,1,0,Strayer University-Pennsylvania,Trevose,PA,-74.965749,40.137976,11,POINT (-74.965749 40.137976)
4490,443951,29,13,16,0,0,0,0,0,0,29,13,16,0,0,0,0,0,0,Charlie's Guard-Detective Bureau and Academy Inc,Aguadilla,PR,-67.153612,18.469662,0,POINT (-67.153612 18.469662)
4491,443979,63,2,61,4,0,4,5,1,4,5,0,5,44,1,43,0,0,0,PCI Academy-Plymouth,Plymouth,MN,-93.508453,45.033765,5,POINT (-93.508453 45.033765)
4492,444051,97,5,92,6,3,3,38,2,36,2,0,2,47,0,47,0,0,0,Creative Images Institute of Cosmetology-South Dayton,Dayton,OH,-84.174179,39.627019,4,POINT (-84.174179 39.627019)
4493,444088,191,31,160,4,0,4,10,3,7,122,16,106,31,7,24,0,0,0,Brookline College-Albuquerque,Albuquerque,NM,-106.68749,35.08781,24,POINT (-106.68749 35.08781)
4494,444103,7,7,0,0,0,0,0,0,0,0,0,0,4,4,0,0,0,0,Byzantine Catholic Seminary of Saints Cyril and Methodius,Pittsburgh,PA,-80.015825,40.484409,3,POINT (-80.015825 40.484409)
4495,444130,2145,615,1530,51,19,32,642,186,456,166,50,116,771,204,567,0,0,0,Northcentral University,La Jolla,CA,-117.243889,32.910805,515,POINT (-117.243889 32.910805)
4496,444194,128,8,120,0,0,0,0,0,0,128,8,120,0,0,0,0,0,0,Bayamon Community College,Bayamon,PR,-66.155908,18.398313,0,POINT (-66.155908 18.398313)
4497,444219,1137,429,708,131,44,87,41,19,22,198,70,128,650,254,396,5,1,4,Folsom Lake College,Folsom,CA,-121.127486,38.661372,112,POINT (-121.127486 38.661372)
4498,444228,12,0,12,0,0,0,4,0,4,0,0,0,8,0,8,0,0,0,LeGrand Institute of Cosmetology Inc,Camden,SC,-80.609117,34.271931,0,POINT (-80.609117 34.271931)
4499,444255,21,2,19,0,0,0,7,1,6,1,0,1,7,1,6,0,0,0,Hussian College-Daymar College Murfreesboro,Murfreesboro,TN,-86.40237,35.815421,6,POINT (-86.40237 35.815421)
4500,444264,40,8,32,0,0,0,0,0,0,40,8,32,0,0,0,0,0,0,Cambridge Technical Institute,Caguas,PR,-66.041133,18.222782,0,POINT (-66.041133 18.222782)
4501,444282,24,0,24,0,0,0,6,0,6,0,0,0,3,0,3,0,0,0,Empire Beauty School-Midlothian,Midlothian,VA,-77.593651,37.43843,15,POINT (-77.593651 37.43843)
4502,444291,17,0,17,2,0,2,14,0,14,0,0,0,0,0,0,0,0,0,Empire Beauty School-Owings Mills,Owings Mills,MD,-76.761993,39.403672,1,POINT (-76.761993 39.403672)
4503,444307,42,0,42,2,0,2,16,0,16,0,0,0,13,0,13,0,0,0,Empire Beauty School-West Mifflin,West Mifflin,PA,-79.946147,40.344669,11,POINT (-79.946147 40.344669)
4504,444325,20,5,15,4,1,3,1,0,1,10,4,6,4,0,4,0,0,0,ATI College-Whittier,Whitter,CA,-118.003687,33.948364,1,POINT (-118.003687 33.948364)
4505,444334,15,2,13,0,0,0,0,0,0,15,2,13,0,0,0,0,0,0,Advance Science International College,Miami Lakes,FL,-80.284567,25.924708,0,POINT (-80.284567 25.924708)
4506,444343,21,3,18,2,1,1,8,2,6,9,0,9,1,0,1,0,0,0,Advanced College,South Gate,CA,-118.15794,33.915383,1,POINT (-118.15794 33.915383)
4507,444361,73,14,59,2,1,1,6,2,4,32,6,26,31,5,26,0,0,0,ATA College,El Cajon,CA,-116.981781,32.819023,2,POINT (-116.981781 32.819023)
4508,444370,17,17,0,0,0,0,0,0,0,17,17,0,0,0,0,0,0,0,American Advanced Technicians Institute,Hialeah,FL,-80.323025,25.884901,0,POINT (-80.323025 25.884901)
4509,444398,22,12,10,0,0,0,0,0,0,12,7,5,1,1,0,9,4,5,Baptist University of the Americas,San Antonio,TX,-98.546081,29.34998,0,POINT (-98.546081 29.34998)
4510,444404,14,11,3,0,0,0,5,5,0,7,4,3,2,2,0,0,0,0,The Beauty Institute,West  Palm Beach,FL,-80.111689,26.710119,0,POINT (-80.111689 26.710119)
4511,444413,19,19,0,0,0,0,0,0,0,0,0,0,19,19,0,0,0,0,Beis Medrash Heichal Dovid,Far Rockaway,NY,-73.751633,40.596845,0,POINT (-73.751633 40.596845)
4512,444440,50,2,48,4,0,4,12,0,12,2,0,2,31,2,29,0,0,0,Blue Cliff Career College,Mobile,AL,-88.114952,30.670281,1,POINT (-88.114952 30.670281)
4513,444468,5,0,5,0,0,0,0,0,0,0,0,0,5,0,5,0,0,0,Career Beauty College,Lawrenceburg,TN,-87.335851,35.239905,0,POINT (-87.335851 35.239905)
4514,444486,163,11,152,0,0,0,49,4,45,14,1,13,88,4,84,0,0,0,Paul Mitchell the School-Gastonia,Gastonia,NC,-81.178335,35.255515,12,POINT (-81.178335 35.255515)
4515,444510,31,2,29,0,0,0,1,1,0,8,0,8,22,1,21,0,0,0,CES College,Burbank,CA,-118.303297,34.180401,0,POINT (-118.303297 34.180401)
4516,444529,28,2,26,1,0,1,0,0,0,17,2,15,10,0,10,0,0,0,Stellar Career College,Modesto,CA,-121.071015,37.701963,0,POINT (-121.071015 37.701963)
4517,444556,249,117,132,7,4,3,44,18,26,57,22,35,96,48,48,2,2,0,Auguste Escoffier School of Culinary Arts-Austin,Austin,TX,-97.717865,30.326455,43,POINT (-97.717865 30.326455)
4518,444565,111,52,59,5,2,3,23,9,14,54,27,27,27,13,14,0,0,0,Culinary Institute Inc,Houston,TX,-95.378633,29.823623,2,POINT (-95.378633 29.823623)
4519,444583,297,136,161,0,0,0,0,0,0,297,136,161,0,0,0,0,0,0,Escuela Hotelera de San Juan,Hato Rey,PR,-66.046598,18.417008,0,POINT (-66.046598 18.417008)
4520,444635,52,8,44,0,0,0,11,2,9,4,0,4,37,6,31,0,0,0,Orion Institute,Perrysburg,OH,-83.598514,41.556265,0,POINT (-83.598514 41.556265)
4521,444662,28,28,0,0,0,0,24,24,0,0,0,0,4,4,0,0,0,0,Moore Career College,Baton Rouge,LA,-91.024786,30.367301,0,POINT (-91.024786 30.367301)
4522,444671,103,53,50,0,0,0,0,0,0,103,53,50,0,0,0,0,0,0,Industrial Technical College,Humacao,PR,-65.828111,18.149582,0,POINT (-65.828111 18.149582)
4523,444699,14,1,13,4,0,4,0,0,0,1,0,1,8,1,7,0,0,0,Institute of Clinical Acupuncture & Oriental Med,Honolulu,HI,-157.86111,21.313602,1,POINT (-157.86111 21.313602)
4524,444714,69,7,62,3,0,3,43,6,37,8,0,8,4,0,4,0,0,0,Gwinnett College-Marietta Campus,Marietta,GA,-84.479102,33.928592,11,POINT (-84.479102 33.928592)
4525,444732,48,10,38,0,0,0,0,0,0,48,10,38,0,0,0,0,0,0,Leston College,Bayamon,PR,-66.154995,18.399291,0,POINT (-66.154995 18.399291)
4526,444778,35,8,27,0,0,0,34,8,26,1,0,1,0,0,0,0,0,0,Charlotte Christian College and Theological Seminary,Charlotte,NC,-80.737194,35.159664,0,POINT (-80.737194 35.159664)
4527,444787,244,27,217,20,3,17,29,2,27,33,3,30,138,16,122,0,0,0,Nightingale College,Salt Lake City,UT,-111.890777,40.76528,24,POINT (-111.890777 40.76528)
4528,444796,55,39,16,0,0,0,53,37,16,1,1,0,0,0,0,0,0,0,Omnitech Institute,Atlanta,GA,-84.447546,33.613691,1,POINT (-84.447546 33.613691)
4529,444811,61,2,59,0,0,0,55,2,53,1,0,1,3,0,3,0,0,0,PITC Institute,Wyncote,PA,-75.145122,40.097592,2,POINT (-75.145122 40.097592)
4530,444857,83,0,83,3,0,3,1,0,1,21,0,21,50,0,50,0,0,0,Skinworks School of Advanced Skincare,Salt Lake City,UT,-111.884177,40.724925,8,POINT (-111.884177 40.724925)
4531,444866,97,14,83,0,0,0,70,8,62,3,0,3,22,6,16,0,0,0,Southeastern College-Columbia,Columbia,SC,-81.105042,34.034284,2,POINT (-81.105042 34.034284)
4532,444893,112,3,109,0,0,0,105,3,102,5,0,5,0,0,0,0,0,0,Technical Learning Centers Inc,Washington,DC,-77.043844,38.906679,2,POINT (-77.043844 38.906679)
4533,444936,174,44,130,142,40,102,6,0,6,12,1,11,5,0,5,0,0,0,Turning Point Beauty College,Casa Grande,AZ,-111.689601,32.87795,9,POINT (-111.689601 32.87795)
4534,444945,331,23,308,1,0,1,165,10,155,4,0,4,115,9,106,0,0,0,Unitech Training Academy-Lafayette,Lafayette,LA,-92.074298,30.182982,46,POINT (-92.074298 30.182982)
4535,444954,344,153,191,0,0,0,8,5,3,2,0,2,291,124,167,0,0,0,Mountwest Community and Technical College,Huntington,WV,-82.458186,38.392635,43,POINT (-82.458186 38.392635)
4536,445027,4406,2211,2195,106,63,43,1454,621,833,437,290,147,1344,765,579,0,0,0,American InterContinental University,Chandler,AZ,-111.804036,33.278816,1065,POINT (-111.804036 33.278816)
4537,445054,3,3,0,0,0,0,0,0,0,0,0,0,0,0,0,3,3,0,Toyota Technological Institute at Chicago,Chicago,IL,-87.592682,41.784721,0,POINT (-87.592682 41.784721)
4538,445133,124,56,68,10,3,7,70,31,39,4,2,2,12,7,5,0,0,0,American InterContinental University-Houston,Houston,TX,-95.548302,29.728216,28,POINT (-95.548302 29.728216)
4539,445188,2021,941,1080,392,223,169,96,42,54,1008,425,583,234,122,112,198,82,116,University of California-Merced,Merced,CA,-120.424944,37.366237,93,POINT (-120.424944 37.366237)
4540,445203,199,17,182,3,0,3,84,9,75,80,7,73,23,1,22,0,0,0,Remington College-North Houston Campus,Houston,TX,-95.424881,29.946769,9,POINT (-95.424881 29.946769)
4541,445212,120,25,95,2,1,1,14,5,9,30,9,21,49,7,42,0,0,0,Paul Mitchell the School-Orlando,Oviedo,FL,-81.234215,28.663679,25,POINT (-81.234215 28.663679)
4542,445230,526,109,417,68,25,43,52,14,38,223,33,190,147,30,117,0,0,0,Pima Medical Institute-Las Vegas,Las Vegas,NV,-115.102238,36.114105,36,POINT (-115.102238 36.114105)
4543,445249,178,36,142,3,2,1,70,15,55,15,3,12,81,16,65,0,0,0,Remington College-Nashville Campus,Nashville,TN,-86.665629,36.152337,9,POINT (-86.665629 36.152337)
4544,445258,97,9,88,1,0,1,38,4,34,16,1,15,28,2,26,0,0,0,Miller-Motte College Platt College-OKC-Memorial,Oklahoma City,OK,-97.563751,35.611128,14,POINT (-97.563751 35.611128)
4545,445267,765,170,595,9,5,4,35,8,27,25,8,17,670,138,532,5,4,1,Central Methodist University-College of Graduate and Extended Studies,Fayette,MO,-92.685253,39.150497,21,POINT (-92.685253 39.150497)
4546,445364,299,27,272,18,6,12,13,0,13,207,14,193,37,5,32,0,0,0,North-West College-Riverside,Riverside,CA,-117.485881,33.9145,24,POINT (-117.485881 33.9145)
4547,445461,361,136,225,15,7,8,119,34,85,182,78,104,26,11,15,0,0,0,Altierus Career College-Bissonnet,Houston,TX,-95.544702,29.677415,19,POINT (-95.544702 29.677415)
4548,445498,13,13,0,0,0,0,0,0,0,13,13,0,0,0,0,0,0,0,Colegio Tecnico de Electricidad Galloza,Aguada,PR,-67.176343,18.354438,0,POINT (-67.176343 18.354438)
4549,445540,40,1,39,0,0,0,8,1,7,0,0,0,32,0,32,0,0,0,Arthur's Beauty College,Conway,AR,-92.445479,35.109764,0,POINT (-92.445479 35.109764)
4550,445638,71,3,68,2,0,2,2,0,2,3,0,3,59,3,56,0,0,0,Spa Tech Institute-Ipswich,Ipswich,MA,-70.849391,42.688622,5,POINT (-70.849391 42.688622)
4551,445647,130,5,125,4,0,4,6,0,6,32,0,32,78,5,73,1,0,1,Spa Tech Institute-Westboro,Westborough,MA,-71.635686,42.285984,9,POINT (-71.635686 42.285984)
4552,445656,143,7,136,4,0,4,6,1,5,7,0,7,106,5,101,0,0,0,Spa Tech Institute-Plymouth,Plymouth,MA,-70.704453,41.958481,20,POINT (-70.704453 41.958481)
4553,445692,106,91,15,1,1,0,3,2,1,22,20,2,66,56,10,0,0,0,Neumont College of Computer Science,Salt Lake City,UT,-111.890573,40.766096,14,POINT (-111.890573 40.766096)
4554,445708,412,129,283,7,5,2,186,50,136,37,15,22,154,51,103,3,1,2,Johnson & Wales University-Charlotte,Charlotte,NC,-80.851208,35.233502,25,POINT (-80.851208 35.233502)
4555,445735,594,239,355,196,74,122,27,10,17,72,28,44,235,109,126,7,1,6,Roseman University of Health Sciences,Henderson,NV,-115.064633,36.073182,57,POINT (-115.064633 36.073182)
4556,445744,180,51,129,1,0,1,63,13,50,46,16,30,56,17,39,0,0,0,Fortis Institute-Port Saint Lucie,Port Saint Lucie,FL,-80.303751,27.3016,14,POINT (-80.303751 27.3016)
4557,445762,61,61,0,6,6,0,22,22,0,14,14,0,7,7,0,0,0,0,Aviation Institute of Maintenance-Manassas,Manassas,VA,-77.514594,38.794493,12,POINT (-77.514594 38.794493)
4558,445780,22,3,19,0,0,0,0,0,0,10,2,8,11,1,10,0,0,0,Cosmetology School of Arts & Sciences,Burley,ID,-113.78718,42.561068,1,POINT (-113.78718 42.561068)
4559,445799,403,382,21,7,7,0,23,22,1,56,55,1,292,277,15,0,0,0,Universal Technical Institute of Pennsylvania Inc,Exton,PA,-75.685133,40.070513,25,POINT (-75.685133 40.070513)
4560,445841,86,3,83,1,0,1,38,2,36,1,0,1,46,1,45,0,0,0,Kenneth Shuler School of Cosmetology-Spartanburg,Spartanburg,SC,-81.972727,34.923366,0,POINT (-81.972727 34.923366)
4561,445850,81,0,81,0,0,0,59,0,59,1,0,1,21,0,21,0,0,0,Kenneth Shuler School of Cosmetology-Columbia,Columbia,SC,-80.942005,33.964545,0,POINT (-80.942005 33.964545)
4562,445869,92,36,56,3,2,1,5,2,3,11,2,9,64,23,41,3,3,0,Divine Mercy University,Sterling,VA,-77.437576,38.979728,6,POINT (-77.437576 38.979728)
4563,445911,390,143,247,10,2,8,87,22,65,88,30,58,118,59,59,0,0,0,Lincoln Technical Institute-Shelton,Shelton,CT,-73.132014,41.271974,87,POINT (-73.132014 41.271974)
4564,445948,1078,126,952,82,22,60,257,16,241,394,55,339,230,21,209,1,0,1,Northwest Career College,Las Vegas,NV,-115.255585,36.203875,114,POINT (-115.255585 36.203875)
4565,445957,184,53,131,3,1,2,56,11,45,45,11,34,45,16,29,0,0,0,Soma Institute-The National School of Clinical Massage Therapy,Chicago,IL,-87.62572,41.878063,35,POINT (-87.62572 41.878063)
4566,446002,35,13,22,8,5,3,0,0,0,1,0,1,24,8,16,1,0,1,American Academy of Health and Wellness,Roseville,MN,-93.157929,45.008212,1,POINT (-93.157929 45.008212)
4567,446039,14,4,10,4,2,2,0,0,0,1,0,1,6,1,5,0,0,0,Arizona School of Acupuncture and Oriental Medicine,Tucson,AZ,-110.929118,32.264559,3,POINT (-110.929118 32.264559)
4568,446048,365,154,211,13,5,8,16,12,4,50,28,22,237,92,145,5,4,1,Ave Maria University,Ave Maria,FL,-81.438945,26.335983,44,POINT (-81.438945 26.335983)
4569,446084,50,8,42,0,0,0,18,1,17,1,0,1,29,7,22,0,0,0,CALC Institute of Technology,Alton,IL,-90.175979,38.927494,2,POINT (-90.175979 38.927494)
4570,446093,84,1,83,13,0,13,2,0,2,46,0,46,18,0,18,0,0,0,Sutter County Career Training Center,Yuba City,CA,-121.620372,39.14216,5,POINT (-121.620372 39.14216)
4571,446109,193,9,184,2,1,1,109,4,105,44,2,42,27,2,25,0,0,0,Cambridge Institute of Allied Health & Technology,Altamonte Springs,FL,-81.375722,28.66306,11,POINT (-81.375722 28.66306)
4572,446118,210,38,172,17,4,13,26,7,19,126,24,102,33,3,30,0,0,0,Career Care Institute,Lancaster,CA,-118.15638,34.678236,8,POINT (-118.15638 34.678236)
4573,446127,143,11,132,1,0,1,40,0,40,18,5,13,64,3,61,0,0,0,ATA Career Education,Spring Hill,FL,-82.595376,28.452699,20,POINT (-82.595376 28.452699)
4574,446163,14,6,8,0,0,0,5,4,1,6,0,6,3,2,1,0,0,0,Community Christian College,Redlands,CA,-117.217101,34.068664,0,POINT (-117.217101 34.068664)
4575,446206,21,1,20,0,0,0,1,0,1,3,0,3,16,1,15,0,0,0,Culpeper Cosmetology Training Center,Culpeper,VA,-77.994727,38.471182,1,POINT (-77.994727 38.471182)
4576,446224,21,8,13,6,2,4,0,0,0,0,0,0,15,6,9,0,0,0,Eastern School of Acupuncture and Traditional Medicine,Bloomfield,NJ,-74.19716,40.79361,0,POINT (-74.19716 40.79361)
4577,446233,42,17,25,1,0,1,8,3,5,8,3,5,20,8,12,4,2,2,Ecclesia College,Springdale,AR,-94.236643,36.2141,1,POINT (-94.236643 36.2141)
4578,446242,45,14,31,0,0,0,23,9,14,1,0,1,20,5,15,0,0,0,Employment Solutions-College for Technical Education,Lexington,KY,-84.483346,37.982131,1,POINT (-84.483346 37.982131)
4579,446251,44,11,33,12,2,10,3,1,2,5,2,3,16,4,12,7,1,6,Estelle Medical Academy,Skokie,IL,-87.74816,42.059097,1,POINT (-87.74816 42.059097)
4580,446260,556,16,540,54,2,52,51,2,49,70,0,70,291,8,283,0,0,0,Evergreen Beauty and Barber College-Everett,Everett,WA,-122.221962,47.909189,90,POINT (-122.221962 47.909189)
4581,446288,36,1,35,0,0,0,2,0,2,2,0,2,32,1,31,0,0,0,Paul Mitchell the School-Great Lakes,Port Huron,MI,-82.458848,42.978839,0,POINT (-82.458848 42.978839)
4582,446303,40,3,37,4,2,2,20,0,20,9,0,9,7,1,6,0,0,0,Healthcare Training Institute,Union,NJ,-74.268253,40.696519,0,POINT (-74.268253 40.696519)
4583,446349,12,0,12,0,0,0,1,0,1,0,0,0,11,0,11,0,0,0,John D Rockefeller IV Career Center,New Cumberland,WV,-80.620719,40.53276,0,POINT (-80.620719 40.53276)
4584,446385,74,49,25,6,6,0,1,1,0,12,8,4,26,17,9,26,16,10,Los Angeles College of Music,Pasadena,CA,-118.150113,34.139293,3,POINT (-118.150113 34.139293)
4585,446394,11,5,6,0,0,0,11,5,6,0,0,0,0,0,0,0,0,0,Maple Springs Baptist Bible College and Seminary,Capitol Heights,MD,-76.942465,38.86348,0,POINT (-76.942465 38.86348)
4586,446455,36,30,6,0,0,0,1,1,0,0,0,0,35,29,6,0,0,0,Precision Manufacturing Institute,Meadville,PA,-80.157484,41.644301,0,POINT (-80.157484 41.644301)
4587,446516,9,2,7,0,0,0,0,0,0,9,2,7,0,0,0,0,0,0,Rosslyn Training Academy of Cosmetology,Aguada,PR,-67.18791,18.37922,0,POINT (-67.18791 18.37922)
4588,446525,102,79,23,0,0,0,48,41,7,6,4,2,42,30,12,0,0,0,SAE Institute of Technology-Nashville,Nashville,TN,-86.790448,36.15039,6,POINT (-86.790448 36.15039)
4589,446552,926,417,509,7,4,3,210,106,104,385,161,224,297,134,163,1,1,0,Southern Technical College,Orlando,FL,-81.399661,28.44862,26,POINT (-81.399661 28.44862)
4590,446561,403,106,297,70,45,25,8,2,6,113,21,92,112,12,100,0,0,0,Stanbridge University,Irvine,CA,-117.857636,33.678879,100,POINT (-117.857636 33.678879)
4591,446589,217,44,173,0,0,0,0,0,0,214,43,171,3,1,2,0,0,0,Universal Career School,Sweetwater,FL,-80.370117,25.767091,0,POINT (-80.370117 25.767091)
4592,446598,13,2,11,0,0,0,1,0,1,0,0,0,12,2,10,0,0,0,Universal College of Healing Arts,Omaha,NE,-95.961539,41.339162,0,POINT (-95.961539 41.339162)
4593,446604,413,413,0,0,0,0,0,0,0,0,0,0,413,413,0,0,0,0,Uta Mesivta of Kiryas Joel,Monroe,NY,-74.161179,41.333864,0,POINT (-74.161179 41.333864)
4594,446613,8,1,7,0,0,0,8,1,7,0,0,0,0,0,0,0,0,0,W L Bonner College,Columbia,SC,-81.033046,34.039816,0,POINT (-81.033046 34.039816)
4595,446640,1126,602,524,15,10,5,33,19,14,15,6,9,60,32,28,999,534,465,Harrisburg University of Science and Technology,Harrisburg,PA,-76.880261,40.26193,4,POINT (-76.880261 40.26193)
4596,446774,544,188,356,6,2,4,47,14,33,43,12,31,418,150,268,0,0,0,Blue Ridge Community and Technical College,Martinsburg,WV,-78.001918,39.43529,30,POINT (-78.001918 39.43529)
4597,447014,131,10,121,1,0,1,38,2,36,16,3,13,69,5,64,1,0,1,Daytona College,Ormond Beach,FL,-81.080155,29.270088,6,POINT (-81.080155 29.270088)
4598,447023,1101,574,527,6,3,3,875,445,430,25,14,11,165,92,73,5,4,1,Delta Technical College-Mississippi,Horn Lake,MS,-89.99937,34.955269,25,POINT (-89.99937 34.955269)
4599,447050,506,96,410,125,23,102,87,11,76,82,16,66,184,38,146,11,4,7,United States University,San Diego,CA,-117.154904,32.7769,17,POINT (-117.154904 32.7769)
4600,447148,46,1,45,0,0,0,8,0,8,19,1,18,11,0,11,0,0,0,Empire Beauty School-Avondale,Avondale,AZ,-112.274477,33.463388,8,POINT (-112.274477 33.463388)
4601,447166,24,1,23,0,0,0,1,0,1,6,0,6,13,0,13,0,0,0,Empire Beauty School-Littleton,Littleton,CO,-105.097089,39.608128,4,POINT (-105.097089 39.608128)
4602,447175,23,2,21,0,0,0,11,0,11,8,2,6,2,0,2,0,0,0,Empire Beauty School-Aurora,Aurora,CO,-104.792572,39.695935,2,POINT (-104.792572 39.695935)
4603,447263,551,83,468,5,0,5,7,0,7,40,6,34,460,71,389,0,0,0,AmeriTech College-Draper,Draper,UT,-111.892792,40.527932,39,POINT (-111.892792 40.527932)
4604,447351,222,118,104,13,12,1,5,0,5,118,56,62,35,22,13,1,0,1,San Joaquin Valley College-Modesto,Salida,CA,-121.092991,37.717403,50,POINT (-121.092991 37.717403)
4605,447379,137,47,90,1,1,0,31,12,19,38,9,29,44,20,24,0,0,0,Miller-Motte College Platt College-Moore,Moore,OK,-97.478449,35.339154,23,POINT (-97.478449 35.339154)
4606,447421,53,13,40,0,0,0,1,0,1,4,1,3,45,11,34,0,0,0,Eagle Gate College-Layton,Layton,UT,-111.973885,41.073374,3,POINT (-111.973885 41.073374)
4607,447449,29,2,27,0,0,0,10,2,8,0,0,0,19,0,19,0,0,0,Academy of Hair Design-Jasper,Jasper,TX,-94.004879,30.908648,0,POINT (-94.004879 30.908648)
4608,447458,93,77,16,5,4,1,27,20,7,26,23,3,16,14,2,1,1,0,SAE Expression College,Emeryville,CA,-122.2954,37.847631,18,POINT (-122.2954 37.847631)
4609,447467,210,11,199,0,0,0,110,4,106,0,0,0,89,7,82,0,0,0,Unitech Training Academy-West Monroe,West Monroe,LA,-92.129419,32.506463,11,POINT (-92.129419 32.506463)
4610,447582,209,65,144,0,0,0,9,3,6,2,0,2,196,62,134,0,0,0,New River Community and Technical College,Beaver,WV,-81.136085,37.76767,2,POINT (-81.136085 37.76767)
4611,447591,429,30,399,7,0,7,113,8,105,237,14,223,35,2,33,0,0,0,The College of Health Care Professions-Southwest Houston,Houston,TX,-95.517146,29.701897,37,POINT (-95.517146 29.701897)
4612,447607,686,367,319,11,8,3,36,24,12,193,91,102,24,18,6,0,0,0,United Education Institute-Chula Vista,Chula Vista,CA,-117.065355,32.608605,422,POINT (-117.065355 32.608605)
4613,447616,558,364,194,10,6,4,11,10,1,221,149,72,17,10,7,0,0,0,United Education Institute-West Covina,West Covina,CA,-117.90946,34.075984,299,POINT (-117.90946 34.075984)
4614,447689,1203,469,734,138,61,77,321,106,215,236,75,161,421,187,234,33,17,16,Georgia Gwinnett College,Lawrenceville,GA,-84.00459,33.979409,54,POINT (-84.00459 33.979409)
4615,447698,15,5,10,0,0,0,0,0,0,3,1,2,7,1,6,0,0,0,Phoenix Institute of Herbal Medicine & Acupuncture,Phoenix,AZ,-112.068783,33.52289,5,POINT (-112.068783 33.52289)
4616,447704,89,2,87,0,0,0,1,0,1,25,1,24,14,0,14,0,0,0,Tucson College of Beauty,Tucson,AZ,-110.996047,32.278944,49,POINT (-110.996047 32.278944)
4617,447713,36,7,29,11,3,8,2,2,0,12,2,10,11,0,11,0,0,0,California Career College,Canoga Park,CA,-118.601794,34.197566,0,POINT (-118.601794 34.197566)
4618,447722,14,3,11,2,1,1,0,0,0,11,2,9,1,0,1,0,0,0,Palladium Technical Academy Inc,Temple City,CA,-118.04358,34.091838,0,POINT (-118.04358 34.091838)
4619,447731,291,25,266,108,10,98,25,0,25,37,2,35,9,2,7,109,11,98,Palace Beauty College,Los Angeles,CA,-118.309491,34.044739,3,POINT (-118.309491 34.044739)
4620,447759,92,28,64,23,7,16,8,5,3,51,10,41,10,6,4,0,0,0,National Polytechnic College,Lakewood,CA,-118.143809,33.860528,0,POINT (-118.143809 33.860528)
4621,447768,749,116,633,72,25,47,58,5,53,462,56,406,99,19,80,0,0,0,American Career College-Ontario,Ontario,CA,-117.583814,34.068204,58,POINT (-117.583814 34.068204)
4622,447777,281,171,110,56,36,20,80,40,40,39,27,12,87,58,29,0,0,0,Asher College,Sacramento,CA,-121.415767,38.587784,19,POINT (-121.415767 38.587784)
4623,447795,53,9,44,31,4,27,4,1,3,2,0,2,16,4,12,0,0,0,American Institute of Massage Therapy,Santa Ana,CA,-117.848291,33.71488,0,POINT (-117.848291 33.71488)
4624,447801,41,12,29,40,12,28,0,0,0,0,0,0,1,0,1,0,0,0,University of East-West Medicine,Sunnyvale,CA,-121.997011,37.3864,0,POINT (-121.997011 37.3864)
4625,447810,202,14,188,33,8,25,18,1,17,70,2,68,39,2,37,1,0,1,Blake Austin College,Vacaville,CA,-121.945606,38.378548,41,POINT (-121.945606 38.378548)
4626,447847,81,76,5,4,4,0,3,3,0,31,30,1,22,21,1,16,14,2,Aviator College of Aeronautical Science and Technology,Fort Pierce,FL,-80.367303,27.48718,5,POINT (-80.367303 27.48718)
4627,447865,10,5,5,0,0,0,8,5,3,0,0,0,2,0,2,0,0,0,Trendsetters School of Beauty & Barbering,Jacksonville,FL,-81.717211,30.31194,0,POINT (-81.717211 30.31194)
4628,447874,248,241,7,1,0,1,28,24,4,28,28,0,181,179,2,0,0,0,CDA Technical Institute,Jacksonville,FL,-81.646792,30.392267,10,POINT (-81.646792 30.392267)
4629,447883,244,21,223,9,1,8,76,8,68,43,3,40,113,9,104,0,0,0,American Institute of Beauty,Largo,FL,-82.749094,27.915072,3,POINT (-82.749094 27.915072)
4630,447892,97,10,87,0,0,0,81,8,73,1,0,1,12,2,10,0,0,0,North Florida Cosmetology Institute,Tallahassee,FL,-84.294583,30.476972,3,POINT (-84.294583 30.476972)
4631,447908,55,2,53,0,0,0,50,1,49,4,1,3,1,0,1,0,0,0,Florida Academy of Health & Beauty,Oakland Park,FL,-80.181569,26.16627,0,POINT (-80.181569 26.16627)
4632,447917,18,4,14,1,0,1,6,2,4,0,0,0,9,2,7,0,0,0,Augusta School of Massage,Evans,GA,-82.135503,33.529159,2,POINT (-82.135503 33.529159)
4633,447935,128,7,121,1,0,1,52,1,51,3,0,3,50,4,46,0,0,0,ATA College,Louisville,KY,-85.563365,38.223667,22,POINT (-85.563365 38.223667)
4634,447953,105,60,45,10,6,4,38,23,15,13,6,7,40,23,17,0,0,0,SUM Bible College and Theological Seminary,El Dorado Hills,CA,-121.054758,38.620833,4,POINT (-121.054758 38.620833)
4635,447962,115,25,90,0,0,0,62,12,50,8,1,7,45,12,33,0,0,0,Compass Career College,Hammond,LA,-90.479356,30.476327,0,POINT (-90.479356 30.476327)
4636,447971,74,2,72,1,0,1,27,2,25,19,0,19,23,0,23,0,0,0,Hair Expressions Academy,Rockville,MD,-77.115852,39.061372,4,POINT (-77.115852 39.061372)
4637,447980,26,0,26,0,0,0,5,0,5,0,0,0,21,0,21,0,0,0,Nuvo College of Cosmetology,Norton Shores,MI,-86.266315,43.190304,0,POINT (-86.266315 43.190304)
4638,447999,136,26,110,3,0,3,32,9,23,6,0,6,91,16,75,0,0,0,WellSpring School of Allied Health-Kansas City,Kansas City,MO,-94.604997,38.963226,4,POINT (-94.604997 38.963226)
4639,448017,37,4,33,0,0,0,27,3,24,0,0,0,10,1,9,0,0,0,Institute of Health & Technology,Hattiesburg,MS,-89.349842,31.319765,0,POINT (-89.349842 31.319765)
4640,448026,116,2,114,3,0,3,11,0,11,5,0,5,89,2,87,0,0,0,The Salon Professional Academy-Fargo,Fargo,ND,-96.858729,46.859013,8,POINT (-96.858729 46.859013)
4641,448044,1,0,1,0,0,0,0,0,0,0,0,0,1,0,1,0,0,0,Institute of Professional Careers,Las Vegas,NV,-115.118081,36.108349,0,POINT (-115.118081 36.108349)
4642,448071,159,8,151,4,1,3,50,3,47,50,2,48,36,2,34,0,0,0,Aveda Arts & Sciences Institute-New York,New York,NY,-74.00497,40.725861,19,POINT (-74.00497 40.725861)
4643,448123,56,8,48,0,0,0,1,0,1,54,8,46,1,0,1,0,0,0,MyrAngel Beauty Institute,San Lorenzo,PR,-65.961757,18.188811,0,POINT (-65.961757 18.188811)
4644,448196,121,15,106,4,1,3,60,5,55,41,7,34,14,2,12,0,0,0,Texas Health School,Houston,TX,-95.586269,29.783709,2,POINT (-95.586269 29.783709)
4645,448220,90,1,89,1,0,1,0,0,0,9,1,8,62,0,62,0,0,0,Paul Mitchell the School-Logan,Logan,UT,-111.831152,41.756122,18,POINT (-111.831152 41.756122)
4646,448239,59,0,59,2,0,2,0,0,0,1,0,1,55,0,55,0,0,0,Careers Unlimited,Orem,UT,-111.731006,40.275775,1,POINT (-111.731006 40.275775)
4647,448248,2145,849,1296,18,6,12,15,8,7,372,152,220,1672,654,1018,0,0,0,Mountainland Technical College,Lehi,UT,-111.886031,40.419941,68,POINT (-111.886031 40.419941)
4648,448257,43,1,42,4,1,3,11,0,11,6,0,6,13,0,13,0,0,0,Avi Career Training,Great Falls,VA,-77.296823,38.974295,9,POINT (-77.296823 38.974295)
4649,448275,22,4,18,0,0,0,2,1,1,0,0,0,20,3,17,0,0,0,Mountain State School of Massage,Charleston,WV,-81.579417,38.317659,0,POINT (-81.579417 38.317659)
4650,448354,79,13,66,6,0,6,38,9,29,22,3,19,12,1,11,0,0,0,Eastern International College-Belleville,Belleville,NJ,-74.152439,40.789635,1,POINT (-74.152439 40.789635)
4651,448372,100,41,59,19,10,9,2,1,1,15,4,11,60,23,37,0,0,0,San Joaquin Valley College-Rancho Cordova,Rancho Cordova,CA,-121.28191,38.595187,4,POINT (-121.28191 38.595187)
4652,448424,61,2,59,0,0,0,6,0,6,2,1,1,40,0,40,0,0,0,Broken Arrow Beauty College,Tulsa,OK,-95.852816,36.060431,13,POINT (-95.852816 36.060431)
4653,448433,515,500,15,30,29,1,11,11,0,248,241,7,131,129,2,0,0,0,Universal Technical Institute of Northern California Inc,Sacramento,CA,-121.529503,38.64575,95,POINT (-121.529503 38.64575)
4654,448594,811,228,583,39,10,29,38,11,27,522,140,382,157,53,104,0,0,0,West Hills College-Lemoore,Lemoore,CA,-119.823866,36.292431,55,POINT (-119.823866 36.292431)
4655,448600,137,13,124,1,1,0,34,4,30,6,0,6,92,8,84,0,0,0,Stautzenberger College-Brecksville,Brecksville,OH,-81.645056,41.288862,4,POINT (-81.645056 41.288862)
4656,448619,122,9,113,0,0,0,66,3,63,31,3,28,17,3,14,0,0,0,Stone Academy-East Hartford,East Hartford,CT,-72.606686,41.779013,8,POINT (-72.606686 41.779013)
4657,448646,169,7,162,0,0,0,60,3,57,3,0,3,99,4,95,0,0,0,Unitech Training Academy-Houma,Houma,LA,-90.75482,29.633202,7,POINT (-90.75482 29.633202)
4658,448673,1042,84,958,34,5,29,297,15,282,177,12,165,346,45,301,0,0,0,Rasmussen University-Illinois,Rockford,IL,-88.998854,42.267628,188,POINT (-88.998854 42.267628)
4659,448691,77,14,63,0,0,0,9,5,4,1,0,1,47,5,42,8,1,7,International Institute for Restorative Practices,Bethlehem,PA,-75.382203,40.621324,12,POINT (-75.382203 40.621324)
4660,448707,48,13,35,0,0,0,0,0,0,48,13,35,0,0,0,0,0,0,Educational Technical College-Recinto de Coamo,Coamo,PR,-66.358512,18.080656,0,POINT (-66.358512 18.080656)
4661,448770,91,87,4,8,8,0,13,12,1,19,18,1,50,48,2,0,0,0,Automotive Training Center-Warminster,Warminster,PA,-75.075375,40.200656,1,POINT (-75.075375 40.200656)
4662,448798,42,1,41,1,0,1,22,1,21,5,0,5,4,0,4,0,0,0,Empire Beauty School-Milwaukee,Milwaukee,WI,-87.950452,42.94256,10,POINT (-87.950452 42.94256)
4663,448859,96,88,8,3,2,1,7,7,0,16,16,0,70,63,7,0,0,0,Triangle Tech Inc-Bethlehem,Bethlehem,PA,-75.428281,40.65445,0,POINT (-75.428281 40.65445)
4664,448895,251,32,219,24,3,21,7,1,6,151,25,126,52,2,50,0,0,0,Milan Institute-Clovis,Clovis,CA,-119.725573,36.810625,17,POINT (-119.725573 36.810625)
4665,449038,364,132,232,7,5,2,164,46,118,88,39,49,81,33,48,6,3,3,Strayer University-Florida,Tampa,FL,-82.35991,27.997442,18,POINT (-82.35991 27.997442)
4666,449074,584,61,523,92,11,81,59,4,55,154,8,146,219,31,188,0,0,0,Pima Medical Institute-Renton,Renton,WA,-122.211383,47.469017,60,POINT (-122.211383 47.469017)
4667,449083,174,174,0,0,0,0,4,4,0,166,166,0,3,3,0,0,0,0,CBT Technology Institute-Main Campus,Miami,FL,-80.329161,25.769052,1,POINT (-80.329161 25.769052)
4668,449092,184,181,3,0,0,0,26,24,2,155,154,1,2,2,0,0,0,0,CBT Technology Institute-Hialeah,Hialeah,FL,-80.302213,25.867003,1,POINT (-80.302213 25.867003)
4669,449135,54,31,23,0,0,0,0,0,0,54,31,23,0,0,0,0,0,0,Dewey University-Juana Díaz,Juana Diaz,PR,-66.509285,18.057023,0,POINT (-66.509285 18.057023)
4670,449250,325,62,263,8,2,6,37,12,25,207,30,177,60,15,45,0,0,0,The College of Health Care Professions-San Antonio,San Antonio,TX,-98.576627,29.488876,13,POINT (-98.576627 29.488876)
4671,449311,102,0,102,0,0,0,36,0,36,62,0,62,1,0,1,2,0,2,Brittany Beauty Academy,Bronx,NY,-73.897121,40.860976,1,POINT (-73.897121 40.860976)
4672,449320,257,242,15,18,16,2,68,64,4,119,110,9,27,27,0,1,1,0,Lincoln Technical Institute-Whitestone,Whitestone,NY,-73.82885,40.784113,24,POINT (-73.82885 40.784113)
4673,449339,13714,8844,4870,327,205,122,2147,1203,944,1810,1192,618,7523,5044,2479,134,69,65,American Public University System,Charles Town,WV,-77.860121,39.287826,1773,POINT (-77.860121 39.287826)
4674,449348,15,7,8,0,0,0,15,7,8,0,0,0,0,0,0,0,0,0,Huntsville Bible College,Huntsville,AL,-86.594888,34.750363,0,POINT (-86.594888 34.750363)
4675,449357,54,7,47,2,0,2,12,0,12,34,6,28,6,1,5,0,0,0,Beaumont Adult School,Beaumont,CA,-116.964728,33.951365,0,POINT (-116.964728 33.951365)
4676,449384,73,56,17,9,8,1,3,2,1,8,8,0,29,23,6,10,5,5,Gnomon,Hollywood,CA,-118.329083,34.089501,14,POINT (-118.329083 34.089501)
4677,449393,41,10,31,4,2,2,0,0,0,34,8,26,1,0,1,1,0,1,Coachella Valley Beauty College,La Quinta,CA,-116.278254,33.708193,1,POINT (-116.278254 33.708193)
4678,449445,36,8,28,3,2,1,4,0,4,21,5,16,8,1,7,0,0,0,Valley College of Medical Careers,West Hills,CA,-118.606731,34.221839,0,POINT (-118.606731 34.221839)
4679,449454,22,2,20,0,0,0,0,0,0,5,1,4,17,1,16,0,0,0,Academy of Natural Therapy Inc,Greeley,CO,-104.691075,40.426259,0,POINT (-104.691075 40.426259)
4680,449463,123,17,106,4,1,3,29,2,27,28,8,20,62,6,56,0,0,0,Academy Di Capelli-School of Cosmetology,Wallingford,CT,-72.806335,41.490402,0,POINT (-72.806335 41.490402)
4681,449472,59,1,58,1,0,1,9,0,9,7,0,7,42,1,41,0,0,0,Delaware Learning Institute of Cosmetology,Dagsboro,DE,-75.256051,38.541187,0,POINT (-75.256051 38.541187)
4682,449481,4,1,3,1,0,1,0,0,0,0,0,0,3,1,2,0,0,0,Dragon Rises College of Oriental Medicine,Gainesville,FL,-82.312769,29.667368,0,POINT (-82.312769 29.667368)
4683,449490,90,13,77,0,0,0,42,11,31,10,2,8,24,0,24,0,0,0,Palm Beach Academy of Health & Beauty,Lake Park,FL,-80.074979,26.803621,14,POINT (-80.074979 26.803621)
4684,449506,17,8,9,0,0,0,0,0,0,17,8,9,0,0,0,0,0,0,SABER College,Miami,FL,-80.261299,25.771518,0,POINT (-80.261299 25.771518)
4685,449524,70,5,65,1,0,1,24,1,23,8,1,7,36,3,33,0,0,0,Taylor College,Belleview,FL,-82.062418,29.039971,1,POINT (-82.062418 29.039971)
4686,449533,59,6,53,1,0,1,21,4,17,3,0,3,32,2,30,0,0,0,Pensacola School of Massage Therapy & Health Careers,Pensacola,FL,-87.195529,30.494755,2,POINT (-87.195529 30.494755)
4687,449597,5,0,5,0,0,0,1,0,1,0,0,0,4,0,4,0,0,0,Ideal Beauty Academy,Jeffersonville,IN,-85.730456,38.288401,0,POINT (-85.730456 38.288401)
4688,449603,67,42,25,0,0,0,32,16,16,18,16,2,15,9,6,0,0,0,Denmark College,Merrillville,IN,-87.357915,41.469921,2,POINT (-87.357915 41.469921)
4689,449612,53,20,33,0,0,0,28,8,20,2,0,2,23,12,11,0,0,0,Louisiana Culinary Institute,Baton Rouge,LA,-91.066085,30.409979,0,POINT (-91.066085 30.409979)
4690,449658,17,17,0,0,0,0,0,0,0,0,0,0,15,15,0,2,2,0,Bais Medrash Toras Chesed,Lakewood,NJ,-74.21127,40.099704,0,POINT (-74.21127 40.099704)
4691,449676,112,49,63,22,8,14,29,16,13,44,19,25,8,4,4,0,0,0,Ace Institute of Technology,New York,NY,-73.993385,40.753658,9,POINT (-73.993385 40.753658)
4692,449685,439,43,396,9,3,6,200,15,185,176,14,162,23,8,15,0,0,0,New Age Training,New York,NY,-73.991591,40.748345,31,POINT (-73.991591 40.748345)
4693,449700,293,41,252,3,2,1,89,14,75,5,0,5,168,21,147,0,0,0,Dayton School of Medical Massage,Dayton,OH,-84.168901,39.682932,28,POINT (-84.168901 39.682932)
4694,449719,67,2,65,3,0,3,23,1,22,0,0,0,33,0,33,0,0,0,Northcoast Medical Training Academy,Kent,OH,-81.328959,41.152861,8,POINT (-81.328959 41.152861)
4695,449728,38,4,34,0,0,0,0,0,0,1,0,1,17,2,15,0,0,0,ATA College,Tulsa,OK,-95.856621,36.098554,20,POINT (-95.856621 36.098554)
4696,449764,192,96,96,5,1,4,15,7,8,24,16,8,129,66,63,2,0,2,Visible Music College,Memphis,TN,-90.049381,35.144586,17,POINT (-90.049381 35.144586)
4697,449773,143,40,103,11,3,8,66,19,47,27,8,19,26,7,19,0,0,0,CCI Training Center-Arlington,Arlington,TX,-97.101289,32.755006,13,POINT (-97.101289 32.755006)
4698,449782,20,2,18,1,0,1,8,1,7,3,0,3,8,1,7,0,0,0,Champion Beauty College,Houston,TX,-95.489161,29.99352,0,POINT (-95.489161 29.99352)
4699,449807,73,3,70,1,0,1,8,0,8,0,0,0,64,3,61,0,0,0,Southeast Texas Career Institute,Silsbee,TX,-94.169885,30.341896,0,POINT (-94.169885 30.341896)
4700,449816,373,198,175,4,2,2,4,2,2,34,22,12,312,161,151,0,0,0,Southwest Technical College,Cedar City,UT,-113.069916,37.664147,19,POINT (-113.069916 37.664147)
4701,449834,4,4,0,0,0,0,0,0,0,0,0,0,4,4,0,0,0,0,Virginia Beach Theological Seminary,Virginia Beach,VA,-76.189475,36.765993,0,POINT (-76.189475 36.765993)
4702,449861,132,11,121,3,0,3,39,3,36,26,0,26,55,8,47,0,0,0,Milwaukee Career College,Milwaukee,WI,-88.048714,43.074192,9,POINT (-88.048714 43.074192)
4703,449870,70,29,41,12,6,6,0,0,0,8,5,3,8,4,4,42,14,28,University of the West,Rosemead,CA,-118.082964,34.045985,0,POINT (-118.082964 34.045985)
4704,449889,4005,1002,3003,93,19,74,270,63,207,366,70,296,2979,775,2204,102,31,71,American College of Education,Indianapolis,IN,-86.160161,39.76975,195,POINT (-86.160161 39.76975)
4705,449898,322,77,245,16,5,11,84,24,60,90,17,73,113,24,89,9,3,6,South University-Tampa,Tampa,FL,-82.500357,27.982269,10,POINT (-82.500357 27.982269)
4706,449904,86,1,85,0,0,0,19,1,18,64,0,64,2,0,2,0,0,0,Milan Institute of Cosmetology-San Antonio Military,San Antonio,TX,-98.500738,29.358241,1,POINT (-98.500738 29.358241)
4707,449922,55,23,32,2,0,2,12,5,7,0,0,0,40,18,22,0,0,0,Appalachian College of Pharmacy,Oakwood,VA,-82.006195,37.211629,1,POINT (-82.006195 37.211629)
4708,449959,124,21,103,0,0,0,12,2,10,24,5,19,53,9,44,0,0,0,Paul Mitchell the School-Tampa,Tampa,FL,-82.574571,28.06864,35,POINT (-82.574571 28.06864)
4709,449968,94,19,75,2,0,2,12,3,9,28,10,18,39,2,37,0,0,0,Paul Mitchell the School-San Diego,San Diego,CA,-117.160838,32.719128,13,POINT (-117.160838 32.719128)
4710,449977,107,6,101,1,0,1,18,1,17,2,0,2,75,3,72,0,0,0,Paul Mitchell the School-Michigan,Sterling Heights,MI,-83.028804,42.593439,11,POINT (-83.028804 42.593439)
4711,449986,107,16,91,2,0,2,10,1,9,46,12,34,35,3,32,0,0,0,Paul Mitchell the School-Sherman Oaks,Sherman Oaks,CA,-118.467369,34.155811,14,POINT (-118.467369 34.155811)
4712,449995,78,6,72,7,0,7,20,2,18,9,0,9,26,2,24,3,1,2,Paul Mitchell the School-Tysons Corner,McLean,VA,-77.222536,38.916957,13,POINT (-77.222536 38.916957)
4713,450021,117,24,93,0,0,0,45,12,33,4,1,3,61,11,50,0,0,0,Blue Cliff College-Houma,Houma,LA,-90.718451,29.59157,7,POINT (-90.718451 29.59157)
4714,450058,392,88,304,32,10,22,194,38,156,9,3,6,113,26,87,0,0,0,Fortis College-Columbus,Westerville,OH,-82.900188,40.083063,44,POINT (-82.900188 40.083063)
4715,450067,234,90,144,23,6,17,146,56,90,4,0,4,50,20,30,0,0,0,Fortis College-Cincinnati,Cincinnati,OH,-84.444969,39.283312,11,POINT (-84.444969 39.283312)
4716,450119,94,12,82,1,0,1,6,2,4,13,3,10,64,5,59,0,0,0,Blue Cliff College-Fayetteville,Fayetteville,AR,-94.144491,36.11393,10,POINT (-94.144491 36.11393)
4717,450128,261,7,254,0,0,0,131,4,127,7,0,7,102,3,99,0,0,0,Blue Cliff College-Alexandria,Alexandria,LA,-92.475371,31.276699,21,POINT (-92.475371 31.276699)
4718,450298,55,12,43,2,2,0,30,3,27,6,2,4,11,4,7,0,0,0,Strayer University-Delaware,Wilmington,DE,-75.547914,39.743357,6,POINT (-75.547914 39.743357)
4719,450304,22,10,12,0,0,0,5,3,2,2,0,2,15,7,8,0,0,0,Brite Divinity School,Fort Worth,TX,-97.359137,32.710145,0,POINT (-97.359137 32.710145)
4720,450377,191,45,146,0,0,0,145,26,119,6,3,3,34,14,20,0,0,0,Strayer University-Alabama,Birmingham,AL,-86.80574,33.513375,6,POINT (-86.80574 33.513375)
4721,450395,113,3,110,3,0,3,15,1,14,8,0,8,79,2,77,0,0,0,Brown Aveda Institute-Strongsville,Strongsville,OH,-81.826226,41.312522,8,POINT (-81.826226 41.312522)
4722,450401,300,10,290,6,0,6,40,4,36,25,0,25,141,4,137,0,0,0,Clary Sage College,Tulsa,OK,-95.903835,36.117058,88,POINT (-95.903835 36.117058)
4723,450571,349,35,314,12,2,10,11,1,10,7,0,7,255,28,227,0,0,0,Rasmussen University-Wisconsin,Green Bay,WI,-88.080783,44.526244,64,POINT (-88.080783 44.526244)
4724,450599,27,1,26,0,0,0,12,0,12,0,0,0,8,1,7,0,0,0,Empire Beauty School-Richmond,Richmond,VA,-77.550607,37.634052,7,POINT (-77.550607 37.634052)
4725,450605,39,0,39,0,0,0,20,0,20,0,0,0,17,0,17,0,0,0,Empire Beauty School-North Hills,Pittsburgh,PA,-80.004389,40.51987,2,POINT (-80.004389 40.51987)
4726,450614,32,0,32,0,0,0,26,0,26,1,0,1,5,0,5,0,0,0,Empire Beauty School-Concord,Concord,NC,-80.712059,35.364022,0,POINT (-80.712059 35.364022)
4727,450632,57,11,46,0,0,0,6,4,2,3,1,2,39,3,36,0,0,0,Lexington Healing Arts Academy,Lexington,KY,-84.522938,38.013756,9,POINT (-84.522938 38.013756)
4728,450641,128,9,119,1,0,1,2,0,2,8,0,8,109,9,100,0,0,0,Empire Beauty School-Hooksett,Hooksett,NH,-71.44412,43.054992,8,POINT (-71.44412 43.054992)
4729,450650,276,10,266,6,0,6,71,5,66,58,1,57,126,3,123,0,0,0,The Institute of Beauty and Wellness,Milwaukee,WI,-87.906535,43.03494,15,POINT (-87.906535 43.03494)
4730,450696,189,17,172,19,2,17,20,1,19,109,12,97,33,1,32,2,0,2,Carrington College-Stockton,Stockton,CA,-121.323199,37.998992,6,POINT (-121.323199 37.998992)
4731,450702,120,10,110,6,0,6,9,0,9,28,1,27,64,7,57,2,0,2,Carrington College-Citrus Heights,Citrus Heights,CA,-121.29421,38.679983,11,POINT (-121.29421 38.679983)
4732,450711,46,40,6,0,0,0,40,35,5,5,4,1,1,1,0,0,0,0,Trend Barber College,Houston,TX,-95.435485,29.982205,0,POINT (-95.435485 29.982205)
4733,450720,634,25,609,50,6,44,149,4,145,182,3,179,147,9,138,0,0,0,Euphoria Institute of Beauty Arts & Sciences-Summerlin,Las Vegas,NV,-115.298988,36.147552,106,POINT (-115.298988 36.147552)
4734,450933,7022,4369,2653,113,69,44,1229,541,688,307,215,92,3187,2255,932,5,4,1,Columbia Southern University,Orange Beach,AL,-87.653162,30.329288,2181,POINT (-87.653162 30.329288)
4735,450951,138,89,49,4,2,2,15,9,6,28,17,11,84,56,28,0,0,0,Arizona Culinary Institute,Scottsdale,AZ,-111.831237,33.581935,7,POINT (-111.831237 33.581935)
4736,450960,379,50,329,25,6,19,87,7,80,241,30,211,19,5,14,0,0,0,Healthcare Career College,Paramount,CA,-118.149645,33.889719,7,POINT (-118.149645 33.889719)
4737,450988,195,16,179,173,15,158,1,0,1,14,1,13,5,0,5,1,0,1,Coastline Beauty College,Fountain Valley,CA,-117.921471,33.728821,1,POINT (-117.921471 33.728821)
4738,451042,19,3,16,0,0,0,6,1,5,7,2,5,6,0,6,0,0,0,Branford Academy of Hair and Cosmetology,Branford,CT,-72.8537,41.277187,0,POINT (-72.8537 41.277187)
4739,451051,94,8,86,2,0,2,30,1,29,11,1,10,38,6,32,0,0,0,Academy of Massage and Bodywork,Bear,DE,-75.666786,39.628779,13,POINT (-75.666786 39.628779)
4740,451079,19,2,17,2,1,1,0,0,0,3,0,3,14,1,13,0,0,0,Academy for Five Element Acupuncture,Gainesville,FL,-82.321994,29.650075,0,POINT (-82.321994 29.650075)
4741,451097,76,15,61,2,2,0,7,3,4,39,8,31,28,2,26,0,0,0,Academy of Career Training,Kissimmee,FL,-81.439569,28.306092,0,POINT (-81.439569 28.306092)
4742,451103,665,229,436,0,0,0,31,5,26,627,223,404,7,1,6,0,0,0,Miami Regional University,Miami Springs,FL,-80.267007,25.810667,0,POINT (-80.267007 25.810667)
4743,451121,50,6,44,0,0,0,7,0,7,33,6,27,5,0,5,0,0,0,Paul Mitchell the School-Miami,Miami,FL,-80.313201,25.68739,5,POINT (-80.313201 25.68739)
4744,451149,386,21,365,1,0,1,72,4,68,159,9,150,129,6,123,0,0,0,Aveda Institute-South Florida,Davie,FL,-80.251766,26.070447,25,POINT (-80.251766 26.070447)
4745,451158,363,12,351,8,0,8,81,3,78,60,2,58,190,7,183,0,0,0,Aveda Institute-Tallahassee,Tallahassee,FL,-84.317892,30.442037,24,POINT (-84.317892 30.442037)
4746,451167,65,11,54,4,0,4,17,3,14,40,5,35,3,2,1,0,0,0,Shear Excellence Hair Academy,Tampa,FL,-82.503396,28.027145,1,POINT (-82.503396 28.027145)
4747,451194,21,3,18,0,0,0,3,1,2,0,0,0,15,2,13,0,0,0,Carlson College of Massage Therapy,Anamosa,IA,-91.356196,42.103958,3,POINT (-91.356196 42.103958)
4748,451228,205,163,42,4,3,1,57,43,14,12,9,3,121,97,24,0,0,0,MyComputerCareer.com,Indianapolis,IN,-86.25478,39.729314,11,POINT (-86.25478 39.729314)
4749,451237,96,4,92,0,0,0,6,0,6,1,0,1,87,4,83,0,0,0,Z Hair Academy,Overland Park,KS,-94.666351,38.867002,2,POINT (-94.666351 38.867002)
4750,451255,27,1,26,0,0,0,1,0,1,8,0,8,18,1,17,0,0,0,DiGrigoli School of Cosmetology,West Springfield,MA,-72.630272,42.146311,0,POINT (-72.630272 42.146311)
4751,451264,103,16,87,9,2,7,24,5,19,22,2,20,36,5,31,4,2,2,Millennium Training Institute,Woburn,MA,-71.12582,42.496202,8,POINT (-71.12582 42.496202)
4752,451282,123,3,120,6,0,6,34,0,34,3,0,3,73,2,71,0,0,0,Elevate Salon Institute,Royal Oak,MI,-83.164514,42.525165,7,POINT (-83.164514 42.525165)
4753,451291,15,1,14,0,0,0,1,0,1,2,0,2,12,1,11,0,0,0,Lakewood School of Therapeutic Massage,Port Huron,MI,-82.425714,42.97236,0,POINT (-82.425714 42.97236)
4754,451307,18,1,17,1,0,1,3,0,3,1,0,1,13,1,12,0,0,0,The Salon Professional Academy-Battle Creek,Battle Creek,MI,-85.224127,42.297776,0,POINT (-85.224127 42.297776)
4755,451316,57,15,42,0,0,0,16,7,9,0,0,0,40,7,33,0,0,0,Trend Setters School,Cape Girardeau,MO,-89.556451,37.285482,1,POINT (-89.556451 37.285482)
4756,451334,194,69,125,0,0,0,21,14,7,33,15,18,110,22,88,0,0,0,Academy of Hair Design-Springfield,Springfield,MO,-93.261354,37.180584,30,POINT (-93.261354 37.180584)
4757,451343,35,1,34,1,0,1,12,0,12,0,0,0,21,1,20,0,0,0,Corinth Academy of Cosmetology,Corinth,MS,-88.520546,34.934036,1,POINT (-88.520546 34.934036)
4758,451352,250,29,221,5,0,5,153,19,134,28,3,25,48,6,42,0,0,0,Southeastern College-Charlotte,Charlotte,NC,-80.894622,35.152455,16,POINT (-80.894622 35.152455)
4759,451370,18,18,0,0,0,0,0,0,0,0,0,0,18,18,0,0,0,0,Yeshivas Be'er Yitzchok,Elizabeth,NJ,-74.213255,40.682465,0,POINT (-74.213255 40.682465)
4760,451398,17,17,0,0,0,0,0,0,0,0,0,0,15,15,0,2,2,0,Yeshiva Toras Chaim,Lakewood,NJ,-74.182143,40.098692,0,POINT (-74.182143 40.098692)
4761,451404,77,77,0,0,0,0,0,0,0,0,0,0,77,77,0,0,0,0,Talmudical Seminary of Bobov,Brooklyn,NY,-73.995378,40.634485,0,POINT (-73.995378 40.634485)
4762,451413,223,75,148,24,10,14,26,10,16,32,6,26,92,22,70,0,0,0,Center for Allied Health Education,Brooklyn,NY,-73.958977,40.608783,49,POINT (-73.958977 40.608783)
4763,451459,109,24,85,4,0,4,38,7,31,10,2,8,43,13,30,0,0,0,Monroe 2 Orleans BOCES-Center for Workforce Development,Rochester,NY,-77.751816,43.138048,14,POINT (-77.751816 43.138048)
4764,451468,267,7,260,3,0,3,32,0,32,3,0,3,212,7,205,0,0,0,Aveda Fredric's Institute-Cincinnati,West Chester,OH,-84.361091,39.35541,17,POINT (-84.361091 39.35541)
4765,451477,2710,2255,455,58,54,4,1047,787,260,275,243,32,1144,1021,123,0,0,0,MyComputerCareer.edu-Columbus,Westerville,OH,-82.941874,40.147019,186,POINT (-82.941874 40.147019)
4766,451495,144,16,128,0,0,0,91,14,77,35,2,33,15,0,15,0,0,0,CDE Career Institute,Tannersville,PA,-75.303611,41.033423,3,POINT (-75.303611 41.033423)
4767,451501,245,51,194,0,0,0,0,0,0,245,51,194,0,0,0,0,0,0,Instituto Educativo Premier,Ponce,PR,-66.61498,18.010734,0,POINT (-66.61498 18.010734)
4768,451510,189,79,110,2,1,1,28,6,22,12,2,10,135,64,71,0,0,0,Charleston School of Law,Charleston,SC,-79.938357,32.790288,12,POINT (-79.938357 32.790288)
4769,451529,37,1,36,0,0,0,2,0,2,1,0,1,34,1,33,0,0,0,Elite College of Cosmetology,Lexington,TN,-88.409149,35.657876,0,POINT (-88.409149 35.657876)
4770,451547,20,1,19,0,0,0,3,0,3,9,1,8,8,0,8,0,0,0,Manuel and Theresa's School of Hair Design-Bryan,Bryan,TX,-96.370573,30.667077,0,POINT (-96.370573 30.667077)
4771,451556,773,288,485,10,2,8,31,16,15,681,238,443,44,28,16,0,0,0,Southwest University at El Paso,El Paso,TX,-106.413158,31.788346,7,POINT (-106.413158 31.788346)
4772,451565,128,3,125,0,0,0,18,0,18,33,1,32,72,1,71,1,0,1,Paul Mitchell the School-Austin,Austin,TX,-97.740293,30.386375,4,POINT (-97.740293 30.386375)
4773,451574,84,7,77,1,0,1,2,0,2,13,1,12,65,5,60,0,0,0,Aveda Institute-Provo,Provo,UT,-111.658335,40.236621,3,POINT (-111.658335 40.236621)
4774,451583,539,332,207,5,3,2,3,3,0,66,40,26,436,271,165,0,0,0,Dixie Technical College,Saint George,UT,-113.591475,37.098418,29,POINT (-113.591475 37.098418)
4775,451626,55,10,45,0,0,0,2,2,0,27,6,21,20,2,18,0,0,0,Victoria's Academy of Cosmetology,Kennewick,WA,-119.118142,46.206992,6,POINT (-119.118142 46.206992)
4776,451714,152,13,139,1,0,1,13,1,12,81,8,73,43,3,40,0,0,0,Paul Mitchell the School-San Antonio,San Antonio,TX,-98.465779,29.610611,14,POINT (-98.465779 29.610611)
4777,451741,142,43,99,0,0,0,0,0,0,142,43,99,0,0,0,0,0,0,CEM College-Bayamon,Bayamón,PR,-66.155406,18.398651,0,POINT (-66.155406 18.398651)
4778,451750,423,44,379,13,0,13,135,8,127,34,5,29,211,26,185,0,0,0,Bryant & Stratton College-Wauwatosa,Wauwatosa,WI,-88.050983,43.043215,30,POINT (-88.050983 43.043215)
4779,451820,63,35,28,1,1,0,11,7,4,27,17,10,17,7,10,2,0,2,The Art Institute of Austin,Bastrop,TX,-97.313486,30.110905,5,POINT (-97.313486 30.110905)
4780,451857,75,8,67,1,0,1,19,1,18,28,4,24,22,3,19,0,0,0,Remington College-Houston Southeast Campus,Webster,TX,-95.123503,29.52528,5,POINT (-95.123503 29.52528)
4781,451866,142,13,129,0,0,0,96,8,88,0,0,0,43,5,38,0,0,0,Remington College-Shreveport Campus,Shreveport,LA,-93.793578,32.403166,3,POINT (-93.793578 32.403166)
4782,451918,89,9,80,1,0,1,5,0,5,1,0,1,77,7,70,0,0,0,Jenny Lea Academy of Cosmetology,Johnson City,TN,-82.354566,36.32439,5,POINT (-82.354566 36.32439)
4783,451927,61,33,28,4,2,2,1,0,1,2,1,1,53,30,23,0,0,0,Patrick Henry College,Purcellville,VA,-77.690939,39.138687,1,POINT (-77.690939 39.138687)
4784,452009,33,0,33,1,0,1,1,0,1,1,0,1,26,0,26,0,0,0,The Hair Academy,Bismarck,ND,-100.76032,46.805857,4,POINT (-100.76032 46.805857)
4785,452072,65,2,63,0,0,0,7,0,7,5,0,5,49,2,47,0,0,0,Ross Medical Education Center-New Baltimore,New Baltimore,MI,-82.751334,42.677429,4,POINT (-82.751334 42.677429)
4786,452081,342,18,324,2,0,2,66,1,65,26,2,24,161,6,155,1,0,1,Ross College-Sylvania,Sylvania,OH,-83.680536,41.714006,86,POINT (-83.680536 41.714006)
4787,452106,15,15,0,0,0,0,0,0,0,15,15,0,0,0,0,0,0,0,Escuela De Troqueleria Y Herramentaje,Bayamon,PR,-66.143939,18.374732,0,POINT (-66.143939 18.374732)
4788,452124,197,53,144,9,3,6,86,21,65,14,5,9,75,20,55,0,0,0,Fortis Institute-Nashville,Nashville,TN,-86.696299,36.084542,13,POINT (-86.696299 36.084542)
4789,452373,149,4,145,5,0,5,98,2,96,1,0,1,34,2,32,0,0,0,ATA College-Cincinnati,Cincinnati,OH,-84.478867,39.29671,11,POINT (-84.478867 39.29671)
4790,452771,44,4,40,2,1,1,9,1,8,3,0,3,25,2,23,0,0,0,Dental Assistant Pro LLC-Columbus,Westerville,OH,-82.932055,40.109752,5,POINT (-82.932055 40.109752)
4791,452780,50,1,49,1,0,1,4,1,3,2,0,2,41,0,41,0,0,0,Dental Assistant Pro-Lebanon,Lebanon,OH,-84.190385,39.445803,2,POINT (-84.190385 39.445803)
4792,452887,62,59,3,0,0,0,3,3,0,0,0,0,56,53,3,0,0,0,Elite Welding Academy LLC,Cincinnati,OH,-84.468434,39.313738,3,POINT (-84.468434 39.313738)
4793,452948,226,20,206,6,3,3,40,2,38,3,0,3,163,14,149,0,0,0,Galen College of Nursing-Cincinnati,Cincinnati,OH,-84.365946,39.283693,14,POINT (-84.365946 39.283693)
4794,453163,675,160,515,5,3,2,522,112,410,15,4,11,89,31,58,2,1,1,Strayer University-North Carolina,Greensboro,NC,-79.882713,36.051694,42,POINT (-79.882713 36.051694)
4795,453215,140,35,105,6,2,4,73,13,60,13,4,9,33,12,21,4,2,2,Strayer University-New Jersey,Piscataway,NJ,-74.474974,40.554506,11,POINT (-74.474974 40.554506)
4796,453297,21,10,11,0,0,0,3,1,2,0,0,0,18,9,9,0,0,0,International Culinary Arts and Sciences Institute,Chesterland,OH,-81.331711,41.523821,0,POINT (-81.331711 41.523821)
4797,453756,162,95,67,0,0,0,114,70,44,8,5,3,33,19,14,0,0,0,Ohio Media School-Columbus,Columbus,OH,-82.8554,39.955294,7,POINT (-82.8554 39.955294)
4798,453792,61,5,56,0,0,0,49,4,45,0,0,0,12,1,11,0,0,0,Ohio Medical Career College,Dayton,OH,-84.195816,39.742339,0,POINT (-84.195816 39.742339)
4799,454184,116,32,84,5,1,4,7,2,5,15,3,12,75,22,53,3,1,2,The King's College,New York,NY,-74.012342,40.706677,11,POINT (-74.012342 40.706677)
4800,454227,12779,1311,11468,799,129,670,1970,137,1833,1465,195,1270,7354,722,6632,39,3,36,Chamberlain University-Illinois,Addison,IL,-88.038558,41.949727,1152,POINT (-88.038558 41.949727)
4801,454236,126,13,113,7,1,6,30,4,26,6,0,6,82,8,74,0,0,0,Chamberlain University-Ohio,Columbus,OH,-82.912163,40.054055,1,POINT (-82.912163 40.054055)
4802,454245,211,24,187,23,3,20,9,1,8,50,7,43,121,12,109,0,0,0,Chamberlain University-Arizona,Phoenix,AZ,-112.104601,33.565758,8,POINT (-112.104601 33.565758)
4803,454458,30,7,23,0,0,0,2,1,1,9,1,8,17,4,13,0,0,0,Bryan University,Rogers,AR,-94.17008,36.334163,2,POINT (-94.17008 36.334163)
4804,454537,57,0,57,4,0,4,2,0,2,3,0,3,48,0,48,0,0,0,The Salon Professional Academy-Appleton,Appleton,WI,-88.457898,44.26019,0,POINT (-88.457898 44.26019)
4805,454546,27,1,26,2,0,2,12,0,12,4,1,3,6,0,6,0,0,0,Milan Institute of Cosmetology-Vacaville,Vacaville,CA,-121.960688,38.370051,3,POINT (-121.960688 38.370051)
4806,454555,146,2,144,3,1,2,3,0,3,63,0,63,64,0,64,0,0,0,Milan Institute of Cosmetology-Reno,Reno,NV,-119.788456,39.485964,13,POINT (-119.788456 39.485964)
4807,454582,81,28,53,1,0,1,12,5,7,6,1,5,48,14,34,0,0,0,Ottawa University-Online,Ottawa,KS,-95.264165,38.602351,14,POINT (-95.264165 38.602351)
4808,454607,167,8,159,4,1,3,57,2,55,18,0,18,73,5,68,0,0,0,Paul Mitchell the School-Esani,Roswell,GA,-84.333674,34.042224,15,POINT (-84.333674 34.042224)
4809,454616,54,46,8,2,2,0,3,3,0,3,2,1,43,36,7,1,1,0,Institute of Production and Recording,Minneapolis,MN,-93.272011,44.982063,2,POINT (-93.272011 44.982063)
4810,454652,66,1,65,0,0,0,16,0,16,3,0,3,46,1,45,0,0,0,Paul Mitchell the School-Birmingham,Hoover,AL,-86.808018,33.388978,1,POINT (-86.808018 33.388978)
4811,454689,81,48,33,7,4,3,18,11,7,2,0,2,37,23,14,0,0,0,Taft University System,Lakewood,CO,-105.083815,39.656632,17,POINT (-105.083815 39.656632)
4812,454698,284,87,197,2,0,2,12,6,6,224,55,169,45,25,20,0,0,0,Mayfield College,Cathedral City,CA,-116.458827,33.790822,1,POINT (-116.458827 33.790822)
4813,454722,8,1,7,0,0,0,0,0,0,8,1,7,0,0,0,0,0,0,Academy of Esthetics and Cosmetology,San Fernando,CA,-118.444228,34.285043,0,POINT (-118.444228 34.285043)
4814,454759,2,2,0,0,0,0,2,2,0,0,0,0,0,0,0,0,0,0,Borner's Barber College,Los Angeles,CA,-118.309291,33.95588,0,POINT (-118.309291 33.95588)
4815,454768,115,14,101,7,3,4,9,1,8,68,7,61,17,3,14,0,0,0,Paul Mitchell the School-Pasadena,Pasadena,CA,-118.133403,34.144765,14,POINT (-118.133403 34.144765)
4816,454777,92,7,85,16,1,15,22,0,22,17,1,16,28,4,24,0,0,0,San Francisco Institute of Esthetics & Cosmetology Inc,San Francisco,CA,-122.407083,37.777043,9,POINT (-122.407083 37.777043)
4817,454786,129,78,51,24,17,7,14,12,2,29,13,16,41,21,20,0,0,0,Laurus College,San Luis Obispo,CA,-120.669519,35.2682,21,POINT (-120.669519 35.2682)
4818,454795,98,14,84,16,3,13,5,1,4,22,3,19,35,4,31,0,0,0,Healing Hands School of Holistic Health,Escondido,CA,-117.086211,33.129652,20,POINT (-117.086211 33.129652)
4819,454801,53,11,42,5,3,2,15,2,13,16,3,13,11,1,10,0,0,0,Career Development Institute Inc,Los Angeles,CA,-118.386067,34.045817,6,POINT (-118.386067 34.045817)
4820,454810,2358,767,1591,35,16,19,743,220,523,275,88,187,965,342,623,55,19,36,Auguste Escoffier School of Culinary Arts-Boulder,Boulder,CO,-105.250075,39.983475,285,POINT (-105.250075 39.983475)
4821,454829,2187,329,1858,116,28,88,363,51,312,165,33,132,939,120,819,0,0,0,Aspen University,Phoenix,AZ,-104.939111,39.68614,604,POINT (-104.939111 39.68614)
4822,454838,4,0,4,0,0,0,0,0,0,0,0,0,4,0,4,0,0,0,Institute of Taoist Education and Acupuncture,Louisville,CO,-105.139444,39.987288,0,POINT (-105.139444 39.987288)
4823,454856,444,64,380,28,6,22,33,3,30,52,7,45,269,41,228,5,0,5,Denver College of Nursing,Denver,CO,-104.994725,39.75303,57,POINT (-104.994725 39.75303)
4824,454865,181,12,169,12,2,10,77,4,73,26,1,25,53,3,50,0,0,0,Cambridge College of Healthcare & Technology,Delray Beach,FL,-80.123788,26.438379,13,POINT (-80.123788 26.438379)
4825,454874,37,2,35,0,0,0,2,0,2,17,2,15,17,0,17,0,0,0,Cozmo Beauty School,Bonita Springs,FL,-81.780821,26.330412,1,POINT (-81.780821 26.330412)
4826,454917,527,49,478,2,0,2,45,0,45,387,40,347,37,4,33,53,4,49,Celebrity School of Beauty,Miami,FL,-80.333114,25.76084,3,POINT (-80.333114 25.76084)
4827,454926,105,7,98,3,0,3,70,4,66,9,0,9,19,2,17,0,0,0,Paul Mitchell the School-Atlanta,Atlanta,GA,-84.414967,33.781326,4,POINT (-84.414967 33.781326)
4828,454935,34,0,34,0,0,0,0,0,0,1,0,1,32,0,32,0,0,0,Evans Hairstyling College-Rexburg,Rexburg,ID,-111.812372,43.824716,1,POINT (-111.812372 43.824716)
4829,454944,117,22,95,0,0,0,0,0,0,19,9,10,96,13,83,0,0,0,Paul Mitchell the School-Rexburg,Rexburg,ID,-111.803591,43.814348,2,POINT (-111.803591 43.814348)
4830,454953,31,0,31,0,0,0,12,0,12,2,0,2,9,0,9,0,0,0,University of Aesthetics & Cosmetology,Chicago,IL,-87.671255,41.906602,8,POINT (-87.671255 41.906602)
4831,454962,29,1,28,0,0,0,6,0,6,7,0,7,16,1,15,0,0,0,The University of Aesthetics & Cosmetology,Downers Grove,IL,-88.011242,41.79354,0,POINT (-88.011242 41.79354)
4832,454971,135,17,118,4,0,4,32,1,31,65,10,55,27,5,22,0,0,0,Tricoci University of Beauty Culture-Chicago NW,Chicago,IL,-87.806767,41.97766,7,POINT (-87.806767 41.97766)
4833,454980,68,1,67,2,0,2,21,1,20,20,0,20,22,0,22,0,0,0,Tricoci University of Beauty Culture-Glendale Heights,Glendale Heights,IL,-88.065213,41.90467,3,POINT (-88.065213 41.90467)
4834,454999,55,2,53,2,0,2,17,1,16,2,0,2,29,0,29,0,0,0,Tricoci University of Beauty Culture-Peoria,Peoria,IL,-89.601356,40.746311,5,POINT (-89.601356 40.746311)
4835,455008,108,13,95,4,0,4,28,6,22,23,7,16,38,0,38,0,0,0,Tricoci University of Beauty Culture-Rockford,Rockford,IL,-89.009435,42.263898,15,POINT (-89.009435 42.263898)
4836,455026,49,44,5,4,4,0,19,17,2,7,7,0,16,14,2,0,0,0,Omega Studios' School of Applied Recording Arts & Sciences,Rockville,MD,-77.113268,39.06427,3,POINT (-77.113268 39.06427)
4837,455062,48,2,46,1,0,1,10,0,10,4,0,4,26,1,25,3,0,3,French Academy of Cosmetology,Spring Lake,MI,-86.198004,43.075898,4,POINT (-86.198004 43.075898)
4838,455071,87,18,69,0,0,0,16,2,14,1,0,1,61,13,48,0,0,0,Healing Arts Center,St. Louis,MO,-90.387718,38.603239,9,POINT (-90.387718 38.603239)
4839,455080,161,23,138,0,0,0,5,1,4,7,2,5,145,19,126,0,0,0,Paul Mitchell the School-Springfield,Springfield,MO,-93.31815,37.159135,4,POINT (-93.31815 37.159135)
4840,455099,25,14,11,0,0,0,2,0,2,4,3,1,17,9,8,1,1,0,Urshan Graduate School of Theology,Wentzville,MO,-90.830252,38.808034,1,POINT (-90.830252 38.808034)
4841,455105,73,0,73,0,0,0,17,0,17,2,0,2,53,0,53,0,0,0,Mississippi Institute of Aesthetics Nails & Cosmetology,Clinton,MS,-90.327649,32.330039,1,POINT (-90.327649 32.330039)
4842,455114,1520,658,862,41,18,23,19,8,11,264,109,155,1067,468,599,14,5,9,College of Western Idaho,Nampa,ID,-116.507314,43.614106,115,POINT (-116.507314 43.614106)
4843,455141,181,5,176,2,0,2,56,2,54,14,1,13,81,2,79,0,0,0,Aveda Institute-Chapel Hill,Chapel Hill,NC,-79.026769,35.927944,28,POINT (-79.026769 35.927944)
4844,455178,33,7,26,3,1,2,1,0,1,0,0,0,29,6,23,0,0,0,Daoist Traditions College of Chinese Medical Arts,Asheville,NC,-82.568537,35.606831,0,POINT (-82.568537 35.606831)
4845,455187,232,9,223,0,0,0,4,2,2,167,5,162,6,2,4,55,0,55,Total Image Beauty Academy,Union City,NJ,-74.026091,40.77578,0,POINT (-74.026091 40.77578)
4846,455196,903,73,830,46,6,40,518,34,484,126,14,112,163,15,148,0,0,0,Jersey College,Teterboro,NJ,-74.057936,40.862137,50,POINT (-74.057936 40.862137)
4847,455202,337,49,288,65,12,53,46,5,41,105,15,90,110,16,94,4,0,4,American Institute of Medical Sciences & Education,Piscataway,NJ,-74.437251,40.56114,7,POINT (-74.437251 40.56114)
4848,455211,242,6,236,17,0,17,33,0,33,66,0,66,71,3,68,0,0,0,Casal Institute of Nevada,Las Vegas,NV,-115.117387,36.101143,55,POINT (-115.117387 36.101143)
4849,455220,56,3,53,0,0,0,20,2,18,17,1,16,19,0,19,0,0,0,Career School of NY,Staten Island,NY,-74.078168,40.641352,0,POINT (-74.078168 40.641352)
4850,455257,112,112,0,0,0,0,0,0,0,0,0,0,105,105,0,7,7,0,Yeshiva of Machzikai Hadas,Brooklyn,NY,-73.987855,40.638194,0,POINT (-73.987855 40.638194)
4851,455275,184,4,180,3,0,3,61,0,61,5,0,5,102,4,98,0,0,0,Aveda Institute-Columbus,Columbus,OH,-83.043021,40.062719,13,POINT (-83.043021 40.062719)
4852,455284,125,2,123,1,0,1,16,0,16,4,0,4,96,2,94,0,0,0,Paul Mitchell the School-Cincinnati,Cincinnati,OH,-84.392501,39.291618,8,POINT (-84.392501 39.291618)
4853,455327,35,4,31,0,0,0,14,2,12,8,0,8,13,2,11,0,0,0,Hands on Therapy,Mesquite,TX,-96.60627,32.787719,0,POINT (-96.60627 32.787719)
4854,455336,80,64,16,3,3,0,40,28,12,13,12,1,24,21,3,0,0,0,MediaTech Institute-Dallas,Dallas,TX,-96.902721,32.92427,0,POINT (-96.902721 32.92427)
4855,455354,214,6,208,5,0,5,8,0,8,127,4,123,65,1,64,0,0,0,Aveda Arts & Sciences Institute-San Antonio,San Antonio,TX,-98.452126,29.637354,9,POINT (-98.452126 29.637354)
4856,455381,124,2,122,1,0,1,3,0,3,7,0,7,100,2,98,0,0,0,Skin Science Institute,Sandy,UT,-111.851628,40.564549,13,POINT (-111.851628 40.564549)
4857,455406,137,63,74,19,6,13,3,0,3,8,5,3,94,46,48,2,0,2,Pacific Northwest University of Health Sciences,Yakima,WA,-120.45598,46.602872,11,POINT (-120.45598 46.602872)
4858,455433,87,21,66,15,3,12,10,2,8,21,5,16,31,7,24,3,1,2,The Chicago School of Professional Psychology at Anaheim,Anaheim,CA,-117.882312,33.804604,7,POINT (-117.882312 33.804604)
4859,455460,96,19,77,0,0,0,73,13,60,1,1,0,21,4,17,0,0,0,Fortis College-Dothan,Dothan,AL,-85.37446,31.243014,1,POINT (-85.37446 31.243014)
4860,455479,226,23,203,1,0,1,66,9,57,18,1,17,123,13,110,0,0,0,Fortis Institute-Pensacola,Pensacola,FL,-87.183112,30.510415,18,POINT (-87.183112 30.510415)
4861,455488,177,48,129,2,1,1,138,36,102,3,1,2,32,10,22,0,0,0,Fortis College-Montgomery,Montgomery,AL,-86.252163,32.384006,2,POINT (-86.252163 32.384006)
4862,455512,373,111,262,27,8,19,7,1,6,230,65,165,82,26,56,0,0,0,Woodland Community College,Woodland,CA,-121.73533,38.660392,27,POINT (-121.73533 38.660392)
4863,455558,33,13,20,0,0,0,25,8,17,0,0,0,6,4,2,0,0,0,Dorsey College-Roseville,Roseville,MI,-82.915541,42.527764,2,POINT (-82.915541 42.527764)
4864,455628,240,74,166,4,3,1,193,50,143,8,2,6,29,17,12,0,0,0,Fortis Institute-Birmingham,Birmingham,AL,-86.862659,33.442921,6,POINT (-86.862659 33.442921)
4865,455664,691,136,555,36,7,29,160,26,134,115,23,92,292,60,232,17,5,12,The Chicago School of Professional Psychology at Los Angeles,Los Angeles,CA,-118.257045,34.049478,71,POINT (-118.257045 34.049478)
4866,455707,42,11,31,2,0,2,7,1,6,0,0,0,33,10,23,0,0,0,Cardiac and Vascular Institute of Ultrasound,Mobile,AL,-88.112324,30.650045,0,POINT (-88.112324 30.650045)
4867,455725,482,15,467,10,0,10,63,4,59,188,6,182,169,3,166,0,0,0,Studio Academy of Beauty,Chandler,AZ,-111.860316,33.314894,52,POINT (-111.860316 33.314894)
4868,455734,130,30,100,10,7,3,4,0,4,95,17,78,18,5,13,0,0,0,California Nurses Educational Institute,Palm Springs,CA,-116.490142,33.816672,3,POINT (-116.490142 33.816672)
4869,455761,297,21,276,17,0,17,30,7,23,62,7,55,79,2,77,0,0,0,Paul Mitchell the School-Sacramento,Sacramento,CA,-121.41594,38.594752,109,POINT (-121.41594 38.594752)
4870,455770,28,17,11,0,0,0,1,1,0,9,6,3,12,6,6,3,3,0,Providence Christian College,Pasadena,CA,-118.141062,34.149327,3,POINT (-118.141062 34.149327)
4871,455798,61,5,56,0,0,0,6,0,6,20,2,18,30,3,27,0,0,0,Oxford Academy of Hair Design Inc,Seymour,CT,-73.061063,41.397798,5,POINT (-73.061063 41.397798)
4872,455804,45,31,14,3,2,1,1,0,1,2,2,0,36,25,11,0,0,0,Institute of World Politics,Washington,DC,-77.036112,38.910537,3,POINT (-77.036112 38.910537)
4873,455813,17,6,11,0,0,0,0,0,0,3,1,2,10,2,8,4,3,1,Pontifical John Paul II Institute for Studies on Marriage and Family,Washington,DC,-76.998606,38.933246,0,POINT (-76.998606 38.933246)
4874,455831,297,33,264,1,1,0,128,14,114,121,11,110,41,7,34,0,0,0,Medical Institute of Palm Beach,Greenacres,FL,-80.134959,26.620478,6,POINT (-80.134959 26.620478)
4875,455859,211,6,205,4,0,4,6,0,6,32,1,31,154,4,150,1,0,1,Oliver Finley Academy of Cosmetology,Boise,ID,-116.281478,43.667102,14,POINT (-116.281478 43.667102)
4876,455868,163,19,144,12,2,10,4,1,3,126,12,114,14,4,10,3,0,3,National Career College,Panorama City,CA,-118.446211,34.22245,4,POINT (-118.446211 34.22245)
4877,455877,105,1,104,2,0,2,20,0,20,18,1,17,54,0,54,0,0,0,Aveda Institute-Chicago,Chicago,IL,-87.645838,41.933493,11,POINT (-87.645838 41.933493)
4878,455886,101,2,99,1,0,1,14,0,14,32,2,30,48,0,48,0,0,0,Tricoci University of Beauty Culture-Libertyville,Libertyville,IL,-87.942702,42.28167,6,POINT (-87.942702 42.28167)
4879,455895,171,16,155,0,0,0,73,9,64,61,6,55,32,1,31,0,0,0,Tricoci University of Beauty Culture-Bridgeview,Bridgeview,IL,-87.80309,41.734829,5,POINT (-87.80309 41.734829)
4880,455901,80,2,78,1,0,1,5,0,5,8,0,8,61,2,59,0,0,0,The Temple-A Paul Mitchell Partner School,Frederick,MD,-77.411651,39.415249,5,POINT (-77.411651 39.415249)
4881,455910,44,11,33,0,0,0,1,0,1,1,1,0,42,10,32,0,0,0,Center for Massage,Asheville,NC,-82.550571,35.594,0,POINT (-82.550571 35.594)
4882,455929,43,0,43,0,0,0,3,0,3,1,0,1,33,0,33,0,0,0,Academy of Hair Design-Oklahoma City,Oklahoma City,OK,-97.557189,35.612955,6,POINT (-97.557189 35.612955)
4883,455965,81,3,78,4,1,3,1,0,1,11,1,10,63,1,62,0,0,0,Toni & Guy Hairdressing Academy-Cranston,Cranston,RI,-71.478386,41.734598,2,POINT (-71.478386 41.734598)
4884,455974,193,18,175,0,0,0,1,0,1,192,18,174,0,0,0,0,0,0,South Texas Training Center,San Benito,TX,-97.652989,26.156604,0,POINT (-97.652989 26.156604)
4885,455983,268,105,163,144,77,67,6,3,3,31,5,26,58,12,46,8,5,3,Columbia College,Vienna,VA,-77.249152,38.928425,21,POINT (-77.249152 38.928425)
4886,455992,134,29,105,3,0,3,5,3,2,2,0,2,95,22,73,11,1,10,Vermont College of Fine Arts,Montpelier,VT,-72.567616,44.25521,18,POINT (-72.567616 44.25521)
4887,456001,65,60,5,0,0,0,2,2,0,1,1,0,62,57,5,0,0,0,Advanced Welding Institute,South Burlington,VT,-73.139437,44.45588,0,POINT (-73.139437 44.45588)
4888,456029,113,6,107,1,0,1,64,1,63,5,0,5,42,5,37,0,0,0,Paul Mitchell the School-Memphis,Memphis,TN,-89.947956,35.129595,1,POINT (-89.947956 35.129595)
4889,456038,355,31,324,4,0,4,15,4,11,122,7,115,165,15,150,1,0,1,Pima Medical Institute-East Valley,Mesa,AZ,-111.689497,33.376378,48,POINT (-111.689497 33.376378)
4890,456065,109,6,103,1,0,1,51,3,48,4,0,4,51,2,49,0,0,0,Paul Mitchell the School-Cleveland,Twinsburg,OH,-81.463033,41.330927,2,POINT (-81.463033 41.330927)
4891,456074,102,3,99,1,0,1,17,1,16,1,0,1,74,1,73,0,0,0,Paul Mitchell the School-Columbus,Columbus,OH,-82.938765,40.059575,9,POINT (-82.938765 40.059575)
4892,456135,29,0,29,1,0,1,15,0,15,5,0,5,6,0,6,0,0,0,Empire Beauty School-Spring Lake Park,Spring Lake Park,MN,-93.26237,45.117185,2,POINT (-93.26237 45.117185)
4893,456153,38,35,3,0,0,0,23,20,3,2,2,0,12,12,0,0,0,0,MediaTech Institute-Houston,Houston,TX,-95.568341,29.724809,1,POINT (-95.568341 29.724809)
4894,456205,173,50,123,5,4,1,97,28,69,30,6,24,25,10,15,0,0,0,Miller-Motte College-Raleigh,Raleigh,NC,-78.585676,35.834569,16,POINT (-78.585676 35.834569)
4895,456214,323,187,136,1,1,0,48,28,20,202,118,84,61,33,28,0,0,0,Lamson Institute,San Antonio,TX,-98.607504,29.481426,11,POINT (-98.607504 29.481426)
4896,456287,69,5,64,0,0,0,2,0,2,6,0,6,54,5,49,0,0,0,College of Hair Design-East Campus,Lincoln,NE,-96.596462,40.732974,7,POINT (-96.596462 40.732974)
4897,456454,213,77,136,13,6,7,5,2,3,52,17,35,122,43,79,0,0,0,Fortis College-Salt Lake City,Salt Lake City,UT,-111.870502,40.685819,21,POINT (-111.870502 40.685819)
4898,456481,33,17,16,0,0,0,0,0,0,31,17,14,0,0,0,0,0,0,Polytechnic University of Puerto Rico-Miami,Miami,FL,-80.328482,25.80915,2,POINT (-80.328482 25.80915)
4899,456490,29,21,8,0,0,0,1,0,1,28,21,7,0,0,0,0,0,0,Polytechnic University of Puerto Rico-Orlando,Orlando,FL,-81.253943,28.55158,0,POINT (-81.253943 28.55158)
4900,456506,104,6,98,2,0,2,23,1,22,20,3,17,50,2,48,0,0,0,Ross Medical Education Center-Fort Wayne,Fort Wayne,IN,-85.14454,41.115114,9,POINT (-85.14454 41.115114)
4901,456515,36,0,36,1,0,1,10,0,10,3,0,3,18,0,18,0,0,0,Ross Medical Education Center-Battle Creek,Battle Creek,MI,-85.20031,42.247801,4,POINT (-85.20031 42.247801)
4902,456542,181,72,109,37,19,18,32,5,27,10,2,8,94,44,50,0,0,0,Geisinger Commonwealth School of Medicine,Scranton,PA,-75.655478,41.413415,8,POINT (-75.655478 41.413415)
4903,456551,46,0,46,0,0,0,4,0,4,0,0,0,41,0,41,0,0,0,"Josef's School of Hair, Skin & Body-Fargo",Fargo,ND,-96.83183,46.86216,1,POINT (-96.83183 46.86216)
4904,456579,221,125,96,2,2,0,35,22,13,113,61,52,52,29,23,0,0,0,Miller-Motte College-McCann-Allentown,Allentown,PA,-75.448981,40.64006,19,POINT (-75.448981 40.64006)
4905,456588,33,0,33,2,0,2,2,0,2,26,0,26,0,0,0,0,0,0,Salon Success Academy-Fontana,Fontana,CA,-117.437904,34.099087,3,POINT (-117.437904 34.099087)
4906,456597,129,2,127,1,0,1,9,0,9,38,1,37,12,1,11,0,0,0,Salon Success Academy-Redlands,Redlands,CA,-117.218933,34.062342,69,POINT (-117.218933 34.062342)
4907,456621,29,9,20,0,0,0,3,1,2,0,0,0,25,8,17,0,0,0,Strayer University-West Virginia,Scott Depot,WV,-81.92619,38.454588,1,POINT (-81.92619 38.454588)
4908,456825,66,0,66,2,0,2,23,0,23,2,0,2,38,0,38,0,0,0,Vanguard College of Cosmetology-Baton Rouge,Baton Rouge,LA,-91.044491,30.41107,1,POINT (-91.044491 30.41107)
4909,456852,234,46,188,2,0,2,28,8,20,140,26,114,50,7,43,1,0,1,San Joaquin Valley College-Hesperia,Hesperia,CA,-117.383116,34.420693,13,POINT (-117.383116 34.420693)
4910,456922,218,80,138,1,0,1,0,0,0,195,72,123,17,7,10,0,0,0,South Texas Vocational Technical Institute-Brownsville,Brownsville,TX,-97.502052,25.944046,5,POINT (-97.502052 25.944046)
4911,456931,205,110,95,2,1,1,7,3,4,151,79,72,42,26,16,0,0,0,Miller-Motte College-STVT-Corpus Christi,Corpus Christi,TX,-97.433269,27.739649,3,POINT (-97.433269 27.739649)
4912,456959,129,27,102,22,5,17,21,3,18,8,3,5,73,14,59,0,0,0,University of Minnesota-Rochester,Rochester,MN,-92.463471,44.022339,5,POINT (-92.463471 44.022339)
4913,456968,306,11,295,7,1,6,184,6,178,37,3,34,63,1,62,5,0,5,Health And Style Institute,Greensboro,NC,-79.840799,36.037762,10,POINT (-79.840799 36.037762)
4914,456977,59,46,13,1,0,1,3,1,2,49,40,9,1,1,0,0,0,0,CBT Technology Institute-Cutler Bay,Cutler Bay,FL,-80.356565,25.590468,5,POINT (-80.356565 25.590468)
4915,457031,45,1,44,0,0,0,1,0,1,2,0,2,42,1,41,0,0,0,Capri Beauty College,New Lenox,IL,-87.927816,41.509958,0,POINT (-87.927816 41.509958)
4916,457077,140,10,130,1,0,1,7,0,7,70,7,63,48,2,46,0,0,0,Milan Institute-Bakersfield,Bakersfield,CA,-119.023088,35.385513,14,POINT (-119.023088 35.385513)
4917,457086,136,30,106,49,13,36,52,12,40,33,5,28,2,0,2,0,0,0,Homestead Schools,Torrance,CA,-118.35009,33.809096,0,POINT (-118.35009 33.809096)
4918,457101,180,47,133,37,19,18,29,4,25,63,12,51,27,6,21,3,1,2,Carrington College-Las Vegas,Las Vegas,NV,-115.118231,36.08486,21,POINT (-115.118231 36.08486)
4919,457110,252,39,213,14,4,10,6,0,6,66,9,57,149,23,126,2,0,2,Carrington College-Reno,Reno,NV,-119.786947,39.463165,15,POINT (-119.786947 39.463165)
4920,457129,305,44,261,17,7,10,107,11,96,86,14,72,81,9,72,0,0,0,Chamberlain University-Florida,Jacksonville,FL,-81.586421,30.243517,14,POINT (-81.586421 30.243517)
4921,457192,19,9,10,0,0,0,18,9,9,0,0,0,0,0,0,0,0,0,Washington Barber College Inc,Little Rock,AR,-92.335352,34.69065,1,POINT (-92.335352 34.69065)
4922,457208,93,88,5,9,8,1,13,11,2,18,18,0,36,35,1,0,0,0,InterCoast Colleges-Rancho Cordova,Rancho Cordova,CA,-121.334243,38.561309,17,POINT (-121.334243 38.561309)
4923,457226,10,5,5,0,0,0,2,1,1,2,0,2,5,3,2,0,0,0,Horizon University,Indianapolis,IN,-85.986809,39.894654,1,POINT (-85.986809 39.894654)
4924,457253,56,4,52,2,0,2,2,0,2,42,3,39,8,1,7,1,0,1,Beyond 21st Century Beauty Academy,Santa Fe Springs,CA,-118.041477,33.916443,1,POINT (-118.041477 33.916443)
4925,457271,10,4,6,0,0,0,0,0,0,0,0,0,10,4,6,0,0,0,Academy for Jewish Religion-California,Los Angeles,CA,-118.438495,34.070281,0,POINT (-118.438495 34.070281)
4926,457299,194,38,156,65,10,55,14,1,13,60,10,50,3,0,3,47,15,32,Angeles College,Los Angeles,CA,-118.29903,34.061223,5,POINT (-118.29903 34.061223)
4927,457314,33,5,28,8,0,8,3,1,2,16,3,13,4,1,3,0,0,0,Angeles Institute,ARTESIA,CA,-118.080741,33.875772,2,POINT (-118.080741 33.875772)
4928,457323,175,8,167,7,0,7,9,1,8,73,1,72,62,3,59,0,0,0,Paul Mitchell the School-Temecula,Temecula,CA,-117.146674,33.507316,24,POINT (-117.146674 33.507316)
4929,457332,26,2,24,1,0,1,1,0,1,1,0,1,22,2,20,0,0,0,TIGI Hairdressing Academy Guilford,Guilford,CT,-72.677612,41.28773,1,POINT (-72.677612 41.28773)
4930,457341,77,2,75,1,0,1,10,0,10,14,0,14,52,2,50,0,0,0,International Institute of Cosmetology,Wethersfield,CT,-72.661782,41.707932,0,POINT (-72.661782 41.707932)
4931,457350,14,0,14,2,0,2,2,0,2,1,0,1,9,0,9,0,0,0,Florida School of Traditional Midwifery,Gainesville,FL,-82.31585,29.652269,0,POINT (-82.31585 29.652269)
4932,457378,116,61,55,1,1,0,10,3,7,4,2,2,96,52,44,1,1,0,Emerald Coast Technical College,DeFuniak Springs,FL,-86.128061,30.73209,4,POINT (-86.128061 30.73209)
4933,457387,114,61,53,0,0,0,20,9,11,63,33,30,26,16,10,4,3,1,Immokalee Technical College,Immokalee,FL,-81.425148,26.426526,1,POINT (-81.425148 26.426526)
4934,457396,91,16,75,4,3,1,31,10,21,14,2,12,42,1,41,0,0,0,American Academy of Cosmetology,Orange Park,FL,-81.798803,30.123757,0,POINT (-81.798803 30.123757)
4935,457402,10,1,9,0,0,0,9,0,9,1,1,0,0,0,0,0,0,0,University of Fort Lauderdale,Lauderhill,FL,-80.204938,26.147098,0,POINT (-80.204938 26.147098)
4936,457411,126,121,5,2,2,0,21,19,2,59,56,3,39,39,0,0,0,0,Aviation Institute of Maintenance-Orlando,Casselberry,FL,-81.334196,28.680653,5,POINT (-81.334196 28.680653)
4937,457420,151,6,145,0,0,0,21,0,21,45,3,42,80,3,77,0,0,0,Summit Salon Academy,Tampa,FL,-82.525411,28.051825,5,POINT (-82.525411 28.051825)
4938,457439,62,1,61,1,0,1,19,0,19,7,0,7,31,1,30,0,0,0,Summit Salon Academy-Gainesville,Gainesville,FL,-82.416921,29.654808,4,POINT (-82.416921 29.654808)
4939,457448,61,1,60,1,0,1,9,0,9,7,0,7,43,1,42,0,0,0,Tenaj Salon Institute,The Villages,FL,-82.028094,28.929944,1,POINT (-82.028094 28.929944)
4940,457466,14,12,2,0,0,0,14,12,2,0,0,0,0,0,0,0,0,0,Profile Institute of Barber-Styling,Atlanta,GA,-84.388057,33.681424,0,POINT (-84.388057 33.681424)
4941,457475,76,4,72,2,0,2,9,0,9,14,2,12,49,1,48,0,0,0,Keune Academy by 124,Lawrenceville,GA,-84.02253,33.96488,2,POINT (-84.02253 33.96488)
4942,457484,33,17,16,5,3,2,2,1,1,5,2,3,11,7,4,1,0,1,Pacific Rim Christian University,Honolulu,HI,-157.888379,21.328198,9,POINT (-157.888379 21.328198)
4943,457493,8,1,7,1,0,1,0,0,0,2,1,1,4,0,4,0,0,0,Paul Mitchell the School-Twin Falls,TWIN FALLS,ID,-114.469533,42.555761,1,POINT (-114.469533 42.555761)
4944,457527,50,4,46,13,3,10,1,0,1,17,0,17,17,0,17,0,0,0,Ambria College of Nursing,Hoffman Estates,IL,-88.2109,42.075628,2,POINT (-88.2109 42.075628)
4945,457536,189,24,165,5,1,4,67,3,64,44,7,37,27,5,22,31,6,25,Midwestern Career College,Chicago,IL,-87.63739,41.88053,15,POINT (-87.63739 41.88053)
4946,457545,61,3,58,1,0,1,7,0,7,1,0,1,52,3,49,0,0,0,Paul Mitchell the School-Normal,Normal,IL,-88.959619,40.50938,0,POINT (-88.959619 40.50938)
4947,457554,14,1,13,0,0,0,0,0,0,0,0,0,14,1,13,0,0,0,Innovations Design Academy,Canton,IL,-90.033,40.558545,0,POINT (-90.033 40.558545)
4948,457563,229,5,224,1,0,1,25,0,25,11,0,11,185,5,180,0,0,0,Aveda Fredric's Institute-Indianapolis,Carmel,IN,-86.117678,39.959878,7,POINT (-86.117678 39.959878)
4949,457572,96,2,94,0,0,0,1,0,1,2,0,2,91,2,89,0,0,0,Summit Salon Academy,Anderson,IN,-85.654184,40.063021,2,POINT (-85.654184 40.063021)
4950,457581,141,5,136,3,0,3,4,0,4,24,3,21,101,1,100,1,0,1,Eric Fisher Academy,Wichita,KS,-97.422011,37.693713,8,POINT (-97.422011 37.693713)
4951,457606,135,16,119,76,16,60,45,0,45,5,0,5,8,0,8,0,0,0,My Le's Beauty College,Gretna,LA,-90.029931,29.902428,1,POINT (-90.029931 29.902428)
4952,457615,19,0,19,0,0,0,3,0,3,2,0,2,13,0,13,0,0,0,Blackstone Valley Vocational Regional School District,Upton,MA,-71.616243,42.16382,1,POINT (-71.616243 42.16382)
4953,457624,23,0,23,1,0,1,6,0,6,5,0,5,11,0,11,0,0,0,Southern Worcester County Regional Vocational School District,Charlton,MA,-71.957564,42.133623,0,POINT (-71.957564 42.133623)
4954,457633,174,1,173,2,0,2,77,1,76,11,0,11,70,0,70,0,0,0,L'esprit Academy,Canton,MI,-83.457386,42.321904,14,POINT (-83.457386 42.321904)
4955,457642,50,1,49,2,0,2,12,0,12,3,0,3,30,1,29,0,0,0,Marketti Academy of Cosmetology,Waterford,MI,-83.374733,42.683352,3,POINT (-83.374733 42.683352)
4956,457679,17,3,14,4,1,3,0,0,0,4,2,2,9,0,9,0,0,0,Avalon School of Cosmetology,Worthington,MN,-95.602503,43.631842,0,POINT (-95.602503 43.631842)
4957,457688,100,77,23,2,1,1,22,16,6,17,15,2,42,35,7,0,0,0,American Business and Technology University,St Joseph,MO,-94.819797,39.779095,17,POINT (-94.819797 39.779095)
4958,457697,41,16,25,0,0,0,7,3,4,1,0,1,32,13,19,0,0,0,City Vision University,Kansas City,MO,-94.569475,39.101164,1,POINT (-94.569475 39.101164)
4959,457721,19,0,19,0,0,0,0,0,0,1,0,1,18,0,18,0,0,0,Bitterroot School of Cosmetology,Hamilton,MT,-114.159449,46.273475,0,POINT (-114.159449 46.273475)
4960,457749,81,10,71,0,0,0,1,0,1,3,1,2,57,3,54,0,0,0,Montana Academy of Salons,Great Falls,MT,-111.303922,47.49941,20,POINT (-111.303922 47.49941)
4961,457767,71,38,33,0,0,0,56,31,25,14,7,7,0,0,0,0,0,0,National Career Institute,East Orange,NJ,-74.222091,40.76137,1,POINT (-74.222091 40.76137)
4962,457776,92,4,88,0,0,0,1,0,1,43,3,40,33,0,33,0,0,0,Toni & Guy Hairdressing Academy-Albuquerque,Albuquerque,NM,-106.566537,35.102306,15,POINT (-106.566537 35.102306)
4963,457785,96,1,95,1,1,0,2,0,2,47,0,47,39,0,39,0,0,0,International Academy of Style,Reno,NV,-119.783208,39.516281,7,POINT (-119.783208 39.516281)
4964,457794,94,4,90,38,1,37,2,0,2,2,1,1,52,2,50,0,0,0,EDP School,Brooklyn,NY,-73.952901,40.58605,0,POINT (-73.952901 40.58605)
4965,457800,226,8,218,96,5,91,38,2,36,67,1,66,15,0,15,0,0,0,New York Medical Career Training Center,Flushing,NY,-73.829753,40.7608,10,POINT (-73.829753 40.7608)
4966,457819,335,154,181,29,16,13,32,15,17,79,43,36,156,69,87,25,7,18,Institute of Culinary Education,New York,NY,-74.015637,40.712449,14,POINT (-74.015637 40.712449)
4967,457837,134,10,124,1,0,1,35,1,34,7,1,6,83,8,75,0,0,0,The Salon Professional Academy-Tonawanda,Tonawanda,NY,-78.824364,42.981584,8,POINT (-78.824364 42.981584)
4968,457846,44,12,32,0,0,0,2,0,2,3,1,2,35,10,25,0,0,0,Onondaga School of Therapeutic Massage-Syracuse,Syracuse,NY,-76.140431,43.0477,4,POINT (-76.140431 43.0477)
4969,457855,23,2,21,0,0,0,1,0,1,4,0,4,14,2,12,0,0,0,Academy of Cosmetology and Esthetics NYC,Staten Island,NY,-74.114517,40.573227,4,POINT (-74.114517 40.573227)
4970,457873,135,78,57,0,0,0,2,0,2,9,4,5,122,73,49,0,0,0,Four County Career Center,Archbold,OH,-84.303115,41.452808,2,POINT (-84.303115 41.452808)
4971,457916,67,0,67,2,0,2,9,0,9,6,0,6,46,0,46,0,0,0,Summit Salon Academy-Perrysburg,Perrysburg,OH,-83.620281,41.54424,4,POINT (-83.620281 41.54424)
4972,457925,7,2,5,0,0,0,0,0,0,1,0,1,5,2,3,0,0,0,Portland Actors Conservatory,Portland,OR,-122.681845,45.524258,1,POINT (-122.681845 45.524258)
4973,457943,36,8,28,0,0,0,0,0,0,0,0,0,36,8,28,0,0,0,Somerset County Technology Center,Somerset,PA,-79.029641,40.00475,0,POINT (-79.029641 40.00475)
4974,457952,115,3,112,3,0,3,5,0,5,22,1,21,65,2,63,0,0,0,Metro Beauty Academy,Allentown,PA,-75.555591,40.56865,20,POINT (-75.555591 40.56865)
4975,457989,14,0,14,0,0,0,13,0,13,0,0,0,1,0,1,0,0,0,Academy for Careers and Technology,Mullins,SC,-79.340157,34.186433,0,POINT (-79.340157 34.186433)
4976,457998,16,0,16,0,0,0,6,0,6,0,0,0,10,0,10,0,0,0,Aiken School of Cosmetology and Barbering,Aiken,SC,-81.71728,33.559545,0,POINT (-81.71728 33.559545)
4977,458007,24,0,24,0,0,0,0,0,0,4,0,4,20,0,20,0,0,0,Love Beauty School Inc,Manchester,TN,-86.093863,35.488524,0,POINT (-86.093863 35.488524)
4978,458034,14,3,11,4,0,4,2,0,2,4,3,1,4,0,4,0,0,0,Houston International College Cardiotech Ultrasound School,Houston,TX,-95.592909,29.675203,0,POINT (-95.592909 29.675203)
4979,458043,80,0,80,3,0,3,15,0,15,17,0,17,41,0,41,0,0,0,DuVall's School of Cosmetology,Bedford,TX,-97.168105,32.852275,4,POINT (-97.168105 32.852275)
4980,458061,61,10,51,42,8,34,3,0,3,13,2,11,3,0,3,0,0,0,Texas Beauty College,Haltom city,TX,-97.265311,32.826045,0,POINT (-97.265311 32.826045)
4981,458070,253,20,233,3,0,3,37,4,33,78,9,69,103,2,101,1,1,0,Avenue Five Institute,Austin,TX,-97.728961,30.369503,31,POINT (-97.728961 30.369503)
4982,458098,99,2,97,5,0,5,8,0,8,21,1,20,54,1,53,0,0,0,The Salon Professional Academy-Lewisville,Lewisville,TX,-96.964907,33.005024,11,POINT (-96.964907 33.005024)
4983,458104,93,1,92,1,0,1,0,0,0,16,0,16,69,0,69,0,0,0,Renaissance Academie,Provo,UT,-111.665961,40.25395,7,POINT (-111.665961 40.25395)
4984,458113,6,3,3,0,0,0,4,1,3,0,0,0,2,2,0,0,0,0,Ascent College,Hampton,VA,-76.409526,37.04127,0,POINT (-76.409526 37.04127)
4985,458122,22,0,22,2,0,2,3,0,3,4,0,4,13,0,13,0,0,0,Institute of Advanced Medical Esthetics,Ashland,VA,-77.47441,37.757885,0,POINT (-77.47441 37.757885)
4986,458131,51,1,50,3,0,3,2,0,2,5,0,5,31,1,30,0,0,0,Aveda Arts & Sciences Institute Seattle,Seattle,WA,-122.32176,47.614402,10,POINT (-122.32176 47.614402)
4987,458140,27,18,9,0,0,0,0,0,0,0,0,0,22,15,7,1,1,0,Northwest School of Wooden Boat Building,Port Hadlock,WA,-122.752588,48.03413,4,POINT (-122.752588 48.03413)
4988,458168,47,3,44,3,1,2,0,0,0,5,0,5,35,2,33,0,0,0,The Salon Professional Academy-Onalaska,Onalaska,WI,-91.19732,43.87382,4,POINT (-91.19732 43.87382)
4989,458210,1595,329,1266,609,151,458,97,19,78,340,70,270,380,56,324,0,0,0,West Coast University-Orange County,Anaheim,CA,-117.911811,33.81104,169,POINT (-117.911811 33.81104)
4990,458229,698,142,556,172,53,119,42,9,33,193,27,166,173,31,142,0,0,0,West Coast University-Ontario,Ontario,CA,-117.590035,34.066591,118,POINT (-117.590035 34.066591)
4991,458274,85,10,75,0,0,0,21,1,20,32,8,24,29,1,28,0,0,0,Paul Mitchell the School-Chicago,Chicago,IL,-87.646644,41.866213,3,POINT (-87.646644 41.866213)
4992,458405,219,120,99,1,0,1,138,78,60,11,5,6,32,23,9,0,0,0,Miller-Motte College-Fayetteville,Fayetteville,NC,-78.88167,35.11096,37,POINT (-78.88167 35.11096)
4993,458423,89,17,72,5,0,5,5,2,3,66,11,55,13,4,9,0,0,0,European Massage Therapy School-Las Vegas,Las Vegas,NV,-115.300577,36.145445,0,POINT (-115.300577 36.145445)
4994,458441,155,18,137,0,0,0,116,10,106,4,2,2,21,2,19,0,0,0,Miller-Motte College-Columbus,Columbus,GA,-84.935912,32.479997,14,POINT (-84.935912 32.479997)
4995,458496,58,25,33,1,0,1,22,11,11,5,4,1,25,8,17,0,0,0,The Art Institute of Virginia Beach,Virginia Beach,VA,-76.131737,36.842383,5,POINT (-76.131737 36.842383)
4996,458681,131,28,103,7,3,4,78,11,67,9,1,8,31,12,19,0,0,0,Fortis College-Indianapolis,Indianapolis,IN,-86.223181,39.9184,6,POINT (-86.223181 39.9184)
4997,458803,58,0,58,0,0,0,49,0,49,0,0,0,1,0,1,0,0,0,Empire Beauty School-E Memphis,Memphis,TN,-89.90197,35.115499,8,POINT (-89.90197 35.115499)
4998,458812,51,2,49,1,0,1,17,1,16,7,1,6,20,0,20,0,0,0,Empire Beauty School-Nashville,Brentwood,TN,-86.814676,35.967868,6,POINT (-86.814676 35.967868)
4999,458821,15,0,15,0,0,0,14,0,14,0,0,0,1,0,1,0,0,0,Empire Beauty School-Jackson,Jackson,TN,-88.847611,35.63694,0,POINT (-88.847611 35.63694)
5000,458830,56,4,52,0,0,0,41,2,39,2,1,1,10,1,9,0,0,0,Empire Beauty School-Springfield,Springfield,PA,-75.349771,39.93765,3,POINT (-75.349771 39.93765)
5001,458858,34,2,32,0,0,0,21,1,20,1,0,1,1,0,1,0,0,0,Empire Beauty School-Speedway,Speedway,IN,-86.261512,39.80055,11,POINT (-86.261512 39.80055)
5002,458867,71,1,70,0,0,0,50,1,49,0,0,0,1,0,1,0,0,0,Empire Beauty School-Morrow,Morrow,GA,-84.32568,33.564936,20,POINT (-84.32568 33.564936)
5003,458885,35,8,27,0,0,0,25,4,21,0,0,0,8,3,5,0,0,0,Strayer University-Arkansas,Little Rock,AR,-92.396031,34.74735,2,POINT (-92.396031 34.74735)
5004,458919,1064,274,790,4,2,2,840,206,634,35,14,21,118,40,78,3,1,2,Strayer University-Georgia,Atlanta,GA,-84.275624,33.874236,64,POINT (-84.275624 33.874236)
5005,458955,40,9,31,0,0,0,37,8,29,0,0,0,1,1,0,0,0,0,Strayer University-Mississippi,Jackson,MS,-90.188097,32.300562,2,POINT (-90.188097 32.300562)
5006,458964,387,98,289,0,0,0,277,63,214,12,4,8,74,26,48,0,0,0,Strayer University-South Carolina,Greenville,SC,-82.357811,34.85654,24,POINT (-82.357811 34.85654)
5007,458973,377,117,260,6,2,4,222,57,165,62,21,41,63,32,31,5,1,4,Strayer University-Texas,Farmers Branch,TX,-97.73985,30.371175,19,POINT (-97.73985 30.371175)
5008,458982,73,39,34,1,1,0,10,6,4,34,15,19,21,12,9,3,2,1,The Art Institute of San Antonio,San Antonio,TX,-98.56556,29.532925,4,POINT (-98.56556 29.532925)
5009,459000,19,0,19,0,0,0,14,0,14,0,0,0,0,0,0,0,0,0,Empire Beauty School-S Memphis,Memphis,TN,-89.945739,35.10972,5,POINT (-89.945739 35.10972)
5010,459019,29,2,27,0,0,0,25,2,23,1,0,1,1,0,1,0,0,0,Empire Beauty School-Charlotte,Charlotte,NC,-80.7837,35.25855,2,POINT (-80.7837 35.25855)
5011,459046,20,3,17,0,0,0,13,2,11,2,0,2,4,1,3,0,0,0,Empire Beauty School-Winston-Salem,Winston-Salem,NC,-80.282751,36.152612,1,POINT (-80.282751 36.152612)
5012,459055,39,0,39,2,0,2,21,0,21,8,0,8,6,0,6,0,0,0,Empire Beauty School-West Palm,West Palm Beach,FL,-80.107401,26.705541,2,POINT (-80.107401 26.705541)
5013,459064,29,1,28,0,0,0,19,0,19,2,0,2,6,1,5,0,0,0,Empire Beauty School-Pineville,Charlotte,NC,-80.865367,35.089864,2,POINT (-80.865367 35.089864)
5014,459116,54,5,49,0,0,0,6,1,5,21,0,21,25,3,22,0,0,0,Paul Mitchell the School-Phoenix,Phoenix,AZ,-112.133047,33.523667,2,POINT (-112.133047 33.523667)
5015,459125,11,0,11,0,0,0,2,0,2,4,0,4,4,0,4,0,0,0,All Beauty College,Bullhead City,AZ,-114.5945,35.101946,1,POINT (-114.5945 35.101946)
5016,459170,198,6,192,12,0,12,8,0,8,77,2,75,57,4,53,0,0,0,Paul Mitchell the School-Modesto,Modesto,CA,-120.993745,37.68301,44,POINT (-120.993745 37.68301)
5017,459189,96,0,96,6,0,6,14,0,14,47,0,47,15,0,15,7,0,7,Cosmo Beauty Academy,Sacramento,CA,-121.401027,38.62883,7,POINT (-121.401027 38.62883)
5018,459198,75,12,63,2,1,1,2,0,2,22,7,15,47,4,43,0,0,0,Paul Mitchell the School-Fresno,Fresno,CA,-119.782437,36.809778,2,POINT (-119.782437 36.809778)
5019,459204,1808,289,1519,384,79,305,82,10,72,357,38,319,101,20,81,7,2,5,Unitek College,Fremont,CA,-121.961761,37.50904,877,POINT (-121.961761 37.50904)
5020,459213,1443,246,1197,486,109,377,87,11,76,382,53,329,294,46,248,0,0,0,Gurnick Academy of Medical Arts,San Mateo,CA,-122.307618,37.547377,194,POINT (-122.307618 37.547377)
5021,459231,52,7,45,2,0,2,3,1,2,16,3,13,16,1,15,2,0,2,Paul Mitchell the School-East Bay,Pleasant Hill,CA,-122.061226,37.94492,13,POINT (-122.061226 37.94492)
5022,459259,115,20,95,10,2,8,34,5,29,14,4,10,53,9,44,0,0,0,South University-Richmond,Glen Allen,VA,-77.599967,37.64706,4,POINT (-77.599967 37.64706)
5023,459268,104,14,90,5,3,2,46,7,39,9,0,9,40,3,37,0,0,0,South University-Virginia Beach,Virginia Beach,VA,-76.124288,36.8336,4,POINT (-76.124288 36.8336)
5024,459277,246,8,238,5,0,5,10,0,10,45,1,44,151,5,146,0,0,0,Aveda Institute-Denver,Denver,CO,-105.000615,39.729146,35,POINT (-105.000615 39.729146)
5025,459286,123,10,113,2,0,2,10,0,10,15,2,13,66,7,59,0,0,0,Paul Mitchell the School-Colorado Springs,Colorado Springs,CO,-104.828339,38.832889,30,POINT (-104.828339 38.832889)
5026,459295,57,0,57,1,0,1,4,0,4,11,0,11,33,0,33,0,0,0,The Salon Professional Academy-Colorado Springs,Colorado Springs,CO,-104.750884,38.896966,8,POINT (-104.750884 38.896966)
5027,459301,56,2,54,0,0,0,21,1,20,7,0,7,25,1,24,1,0,1,Paul Mitchell the School-Delaware,Newark,DE,-75.680231,39.62274,2,POINT (-75.680231 39.62274)
5028,459310,32,8,24,0,0,0,5,0,5,27,8,19,0,0,0,0,0,0,Future-Tech Institute,Miami,FL,-80.251401,25.7646,0,POINT (-80.251401 25.7646)
5029,459329,133,60,73,2,1,1,6,2,4,22,5,17,100,52,48,1,0,1,Fred K Marchman Technical College,New Port Richey,FL,-82.691779,28.271196,2,POINT (-82.691779 28.271196)
5030,459347,84,0,84,2,0,2,5,0,5,12,0,12,60,0,60,0,0,0,The Salon Professional Academy-Ft Myers,Fort Myers,FL,-81.887326,26.595568,5,POINT (-81.887326 26.595568)
5031,459374,128,1,127,2,0,2,25,0,25,28,1,27,70,0,70,0,0,0,Universal Spa Training Academy,Downers Grove,IL,-87.99384,41.796008,3,POINT (-87.99384 41.796008)
5032,459392,132,1,131,0,0,0,5,0,5,4,0,4,121,1,120,0,0,0,The Salon Professional Academy-Evansville,Evansville,IN,-87.483521,37.98732,2,POINT (-87.483521 37.98732)
5033,459408,35,1,34,0,0,0,5,1,4,0,0,0,30,0,30,0,0,0,Tri County Regional Vocational Technical High School,Franklin,MA,-71.421577,42.094957,0,POINT (-71.421577 42.094957)
5034,459417,21,20,1,0,0,0,0,0,0,2,2,0,19,18,1,0,0,0,Compass College of Film and Media,Grand Rapids,MI,-85.667065,42.961875,0,POINT (-85.667065 42.961875)
5035,459426,119,4,115,10,1,9,4,0,4,21,2,19,79,1,78,0,0,0,Nova Academy of Cosmetology,Rochester,MN,-92.509748,44.08537,5,POINT (-92.509748 44.08537)
5036,459462,208,181,27,3,2,1,76,68,8,67,58,9,39,32,7,0,0,0,SAE Institute of Technology-New York,New York,NY,-73.999073,40.741353,23,POINT (-73.999073 40.741353)
5037,459499,25,4,21,0,0,0,0,0,0,0,0,0,24,4,20,0,0,0,Sage School of Massage & Esthetics,Bend,OR,-121.358102,44.058731,1,POINT (-121.358102 44.058731)
5038,459514,92,9,83,0,0,0,33,6,27,47,3,44,11,0,11,0,0,0,Peloton College,Dallas,TX,-96.769353,32.861997,1,POINT (-96.769353 32.861997)
5039,459523,129,18,111,66,17,49,38,0,38,18,0,18,7,1,6,0,0,0,ABC Beauty Academy,Richardson,TX,-96.685333,32.931698,0,POINT (-96.685333 32.931698)
5040,459532,50,1,49,0,0,0,0,0,0,50,1,49,0,0,0,0,0,0,Salon & Spa Institute,Brownsville,TX,-97.508606,25.938911,0,POINT (-97.508606 25.938911)
5041,459541,18,1,17,0,0,0,0,0,0,0,0,0,17,1,16,0,0,0,American Beauty Academy,Payson,UT,-111.733488,40.034634,1,POINT (-111.733488 40.034634)
5042,459550,100,1,99,5,0,5,3,0,3,7,0,7,66,1,65,0,0,0,Summit Salon Academy,Tacoma,WA,-122.472325,47.223485,19,POINT (-122.472325 47.223485)
5043,459578,33,7,26,0,0,0,11,3,8,5,2,3,16,2,14,0,0,0,Paul Mitchell the School-Milwaukee,Wauwatosa,WI,-88.055994,43.074156,1,POINT (-88.055994 43.074156)
5044,459727,731,198,533,57,18,39,130,20,110,66,18,48,277,78,199,0,0,0,Touro University Worldwide,Los Alamitos,CA,-118.057754,33.808683,201,POINT (-118.057754 33.808683)
5045,459736,379,127,252,165,57,108,12,2,10,39,18,21,121,40,81,0,0,0,Touro University California,Vallejo,CA,-122.263949,38.085479,42,POINT (-122.263949 38.085479)
5046,459745,182,29,153,3,0,3,59,8,51,21,2,19,74,16,58,3,0,3,The Chicago School of Professional Psychology at Washington DC,Washington,DC,-77.033071,38.90163,22,POINT (-77.033071 38.90163)
5047,459824,452,177,275,148,59,89,25,7,18,42,16,26,193,76,117,0,0,0,Touro University Nevada,Henderson,NV,-115.024012,36.043189,44,POINT (-115.024012 36.043189)
5048,459842,301,46,255,32,6,26,39,6,33,76,15,61,145,17,128,0,0,0,Herzing University-Kenosha,Kenosha,WI,-87.820105,42.582628,9,POINT (-87.820105 42.582628)
5049,459851,228,27,201,14,2,12,44,6,38,24,2,22,129,14,115,0,0,0,Herzing University-Brookfield,Brookfield,WI,-88.110994,43.035738,17,POINT (-88.110994 43.035738)
5050,459949,1539,580,959,30,16,14,75,36,39,1090,379,711,293,126,167,10,9,1,Texas A&M University-San Antonio,San Antonio,TX,-98.52417,29.304762,41,POINT (-98.52417 29.304762)
5051,459958,238,49,189,1,0,1,86,21,65,127,23,104,11,2,9,0,0,0,Fortis Institute,Houston,TX,-95.395051,29.93744,13,POINT (-95.395051 29.93744)
5052,459967,489,204,285,2,1,1,1,1,0,383,164,219,102,38,64,0,0,0,Southern Careers Institute-Brownsville,Brownsville,TX,-97.501124,25.936988,1,POINT (-97.501124 25.936988)
5053,459985,436,246,190,0,0,0,3,1,2,333,193,140,98,50,48,0,0,0,Southern Careers Institute-Harlingen,Harlingen,TX,-97.675281,26.20385,2,POINT (-97.675281 26.20385)
5054,459994,2517,986,1531,123,80,43,971,264,707,237,107,130,991,474,517,3,3,0,Strayer University-Global Region,Washington,DC,-77.034001,38.90485,192,POINT (-77.034001 38.90485)
5055,460011,99,2,97,0,0,0,53,0,53,0,0,0,46,2,44,0,0,0,Kenneth Shuler School of Cosmetology-Florence,Florence,SC,-79.80945,34.238425,0,POINT (-79.80945 34.238425)
5056,460020,213,45,168,1,0,1,159,36,123,4,2,2,44,5,39,0,0,0,Fortis College-Columbia,Columbia,SC,-81.081809,34.01512,5,POINT (-81.081809 34.01512)
5057,460093,45,5,40,0,0,0,3,0,3,3,0,3,35,5,30,0,0,0,Ross Medical Education Center-Davison,Davison,MI,-83.516551,43.021829,4,POINT (-83.516551 43.021829)
5058,460109,96,2,94,1,0,1,26,0,26,22,0,22,35,0,35,0,0,0,Ross Medical Education Center-Granger,Granger,IN,-86.174277,41.717835,12,POINT (-86.174277 41.717835)
5059,460118,99,3,96,1,0,1,30,1,29,9,0,9,44,2,42,0,0,0,Ross Medical Education Center-Niles,Niles,OH,-80.746465,41.212037,15,POINT (-80.746465 41.212037)
5060,460127,98,7,91,1,0,1,33,1,32,6,0,6,49,5,44,0,0,0,Ross Medical Education Center-Canton,Canton,MI,-83.482675,42.324442,9,POINT (-83.482675 42.324442)
5061,460136,597,58,539,41,9,32,80,9,71,342,28,314,118,12,106,0,0,0,Pima Medical Institute-Houston,Houston,TX,-95.562287,29.838306,16,POINT (-95.562287 29.838306)
5062,460145,156,98,58,0,0,0,128,78,50,11,8,3,5,3,2,0,0,0,Illinois Media School-Chicago Campus,Chicago,IL,-87.631178,41.879215,12,POINT (-87.631178 41.879215)
5063,460172,381,356,25,1,1,0,30,28,2,256,241,15,79,74,5,0,0,0,Miller-Motte College-STVT-San Antonio,San Antonio,TX,-98.4891,29.35599,15,POINT (-98.4891 29.35599)
5064,460181,316,31,285,6,1,5,37,4,33,56,5,51,15,1,14,0,0,0,Concorde Career College-Dallas,Dallas,TX,-96.741711,32.91856,202,POINT (-96.741711 32.91856)
5065,460190,230,29,201,0,0,0,74,8,66,84,12,72,19,2,17,0,0,0,Concorde Career Institute-Orlando,Orlando,FL,-81.340421,28.55984,53,POINT (-81.340421 28.55984)
5066,460206,431,59,372,8,5,3,24,4,20,248,34,214,51,5,46,0,0,0,Concorde Career College-San Antonio,San Antonio,TX,-98.582351,29.49003,100,POINT (-98.582351 29.49003)
5067,460349,564,167,397,19,5,14,105,29,76,53,14,39,339,108,231,3,2,1,Johnson & Wales University-Online,Providence,RI,-71.41277,41.819956,45,POINT (-71.41277 41.819956)
5068,460376,49,23,26,4,4,0,2,1,1,1,1,0,2,2,0,40,15,25,Fairfax University of America,Fairfax,VA,-77.347751,38.84905,0,POINT (-77.347751 38.84905)
5069,460385,26,5,21,1,1,0,0,0,0,0,0,0,24,4,20,0,0,0,Geisinger-Lewistown Hospital School of Nursing,Lewistown,PA,-77.567654,40.619424,1,POINT (-77.567654 40.619424)
5070,460394,1188,504,684,58,28,30,92,23,69,801,317,484,197,122,75,1,0,1,Moreno Valley College,Moreno Valley,CA,-117.20271,33.88744,39,POINT (-117.20271 33.88744)
5071,460455,28,4,24,0,0,0,4,0,4,1,0,1,23,4,19,0,0,0,Onondaga School of Therapeutic Massage-Rochester,Rochester,NY,-77.584781,43.159086,0,POINT (-77.584781 43.159086)
5072,460464,1310,550,760,115,45,70,73,28,45,747,304,443,336,152,184,5,4,1,Norco College,Norco,CA,-117.570212,33.917387,34,POINT (-117.570212 33.917387)
5073,460482,98,8,90,1,0,1,55,3,52,5,0,5,32,3,29,0,0,0,Dorsey College-Saginaw,Saginaw,MI,-83.973056,43.47055,5,POINT (-83.973056 43.47055)
5074,460516,65,1,64,0,0,0,3,1,2,50,0,50,7,0,7,0,0,0,Milan Institute of Cosmetology-La Quinta,La Quinta,CA,-116.288341,33.711954,5,POINT (-116.288341 33.711954)
5075,460525,86,6,80,0,0,0,0,0,0,54,4,50,31,2,29,0,0,0,Milan Institute-Boise,Boise,ID,-116.295195,43.59086,1,POINT (-116.295195 43.59086)
5076,460534,234,6,228,1,0,1,13,1,12,200,5,195,15,0,15,0,0,0,Milan Institute of Cosmetology-El Paso,El Paso,TX,-106.300156,31.749325,5,POINT (-106.300156 31.749325)
5077,460543,810,787,23,16,15,1,59,55,4,401,396,5,267,256,11,0,0,0,Universal Technical Institute-Dallas Fort Worth,Irving,TX,-97.012741,32.93806,67,POINT (-97.012741 32.93806)
5078,460677,166,51,115,0,0,0,0,0,0,166,51,115,0,0,0,0,0,0,ICPR Junior College,Manati,PR,-66.493841,18.429025,0,POINT (-66.493841 18.429025)
5079,460701,114,9,105,1,0,1,34,2,32,40,4,36,35,2,33,0,0,0,Artistic Nails and Beauty Academy-Lakeland,Lakeland,FL,-81.94718,28.053634,4,POINT (-81.94718 28.053634)
5080,460738,1052,99,953,52,7,45,129,19,110,41,4,37,695,55,640,0,0,0,American Sentinel College of Nursing and Health Sciences,Waterbury,CT,-73.081497,41.535549,135,POINT (-73.081497 41.535549)
5081,460756,215,14,201,51,5,46,2,1,1,10,0,10,6,3,3,30,1,29,Hawaii Medical College,Honolulu,HI,-157.847652,21.295164,116,POINT (-157.847652 21.295164)
5082,460765,19,1,18,0,0,0,1,0,1,4,1,3,14,0,14,0,0,0,Carolina College of Hair Design,Asheville,NC,-82.601533,35.584088,0,POINT (-82.601533 35.584088)
5083,460808,15,2,13,0,0,0,0,0,0,1,0,1,11,2,9,0,0,0,College of Massage Therapy,Blackfoot,ID,-112.335853,43.200889,3,POINT (-112.335853 43.200889)
5084,460817,186,98,88,4,4,0,46,17,29,23,16,7,95,52,43,0,0,0,Miller-Motte College-Jacksonville,Jacksonville,NC,-77.432163,34.797826,18,POINT (-77.432163 34.797826)
5085,460826,244,112,132,0,0,0,183,82,101,3,1,2,40,24,16,0,0,0,Miller-Motte College-Augusta,Augusta,GA,-82.086986,33.494994,18,POINT (-82.086986 33.494994)
5086,460835,273,127,146,0,0,0,154,74,80,7,1,6,97,47,50,0,0,0,Miller-Motte College-Conway,Conway,SC,-78.993461,33.788822,15,POINT (-78.993461 33.788822)
5087,460862,134,11,123,1,0,1,5,0,5,20,3,17,78,4,74,1,0,1,Aveda Institute-Portland,Portland,OR,-122.68474,45.525507,29,POINT (-122.68474 45.525507)
5088,460871,154,18,136,15,1,14,75,10,65,26,3,23,33,4,29,1,0,1,Chamberlain University-Virginia,Vienna,VA,-77.220505,38.910459,4,POINT (-77.220505 38.910459)
5089,460914,288,2,286,8,0,8,4,0,4,20,0,20,121,0,121,0,0,0,Penrose Academy,Scottsdale,AZ,-111.927617,33.608309,135,POINT (-111.927617 33.608309)
5090,460932,49,1,48,2,0,2,8,0,8,1,0,1,38,1,37,0,0,0,Skin Institute,Saint Louis,MO,-90.364232,38.527717,0,POINT (-90.364232 38.527717)
5091,460969,230,23,207,0,0,0,8,1,7,219,22,197,3,0,3,0,0,0,Beauty Academy of South Florida,Hialeah Gardens,FL,-80.323571,25.86289,0,POINT (-80.323571 25.86289)
5092,460978,253,1,252,0,0,0,106,0,106,51,0,51,68,1,67,0,0,0,Ogle School Hair Skin Nails-North Dallas,Dallas,TX,-96.803615,32.984161,28,POINT (-96.803615 32.984161)
5093,460987,113,2,111,0,0,0,27,0,27,8,0,8,77,2,75,0,0,0,The Salon Professional Academy-North Little Rock,Sherwood,AR,-92.20198,34.858161,1,POINT (-92.20198 34.858161)
5094,460996,96,1,95,0,0,0,14,0,14,2,0,2,78,1,77,0,0,0,The Salon Professional Academy-St Charles,St. Charles,MO,-90.538719,38.788891,2,POINT (-90.538719 38.788891)
5095,461014,394,35,359,9,0,9,275,27,248,71,4,67,7,2,5,0,0,0,Mildred Elley-New York Campus,New York,NY,-74.014004,40.705781,32,POINT (-74.014004 40.705781)
5096,461023,226,21,205,0,0,0,10,1,9,11,0,11,72,10,62,0,0,0,National Paralegal College,Phoenix,AZ,-112.064275,33.530663,133,POINT (-112.064275 33.530663)
5097,461032,40,15,25,0,0,0,25,7,18,2,0,2,12,8,4,0,0,0,Carolina College of Biblical Studies,Fayetteville,NC,-78.939514,35.05141,1,POINT (-78.939514 35.05141)
5098,461087,603,298,305,7,2,5,7,3,4,27,11,16,310,166,144,0,0,0,Northeast Technology Center,Pryor,OK,-95.309265,36.294408,252,POINT (-95.309265 36.294408)
5099,461111,35,28,7,0,0,0,7,6,1,16,14,2,10,6,4,0,0,0,Allstate Hairstyling & Barber College,Cleveland,OH,-81.704403,41.484002,2,POINT (-81.704403 41.484002)
5100,461120,3,1,2,0,0,0,3,1,2,0,0,0,0,0,0,0,0,0,Omega Graduate School,Dayton,TN,-85.053774,35.468142,0,POINT (-85.053774 35.468142)
5101,461139,17,3,14,1,0,1,1,0,1,0,0,0,13,3,10,0,0,0,Jung Tao School of Classical Chinese Medicine,Sugar Grove,NC,-81.785303,36.263233,2,POINT (-81.785303 36.263233)
5102,461148,608,293,315,6,3,3,45,26,19,26,15,11,57,32,25,342,142,200,New York Film Academy,Burbank,CA,-118.335567,34.152076,132,POINT (-118.335567 34.152076)
5103,461175,110,10,100,77,8,69,5,0,5,6,0,6,5,1,4,5,0,5,International College of Cosmetology,Oakland,CA,-122.220803,37.774887,12,POINT (-122.220803 37.774887)
5104,461193,193,4,189,1,0,1,21,0,21,0,0,0,169,4,165,0,0,0,Bella Capelli Academy,Monroeville,PA,-79.781672,40.432494,2,POINT (-79.781672 40.432494)
5105,461218,343,26,317,0,0,0,114,7,107,12,0,12,217,19,198,0,0,0,Institute of Medical Careers,Pittsburgh,PA,-79.823825,40.465286,0,POINT (-79.823825 40.465286)
5106,461245,113,36,77,1,0,1,21,10,11,25,4,21,63,22,41,1,0,1,Flagler Technical College,Palm Coast,FL,-81.211337,29.47629,2,POINT (-81.211337 29.47629)
5107,461254,28,8,20,0,0,0,0,0,0,1,0,1,21,8,13,0,0,0,Galaxy Medical College,North Hollywood,CA,-118.396209,34.186976,6,POINT (-118.396209 34.186976)
5108,461263,24,4,20,1,1,0,0,0,0,8,1,7,15,2,13,0,0,0,American Medical Sciences Center,Glendale,CA,-118.256991,34.147117,0,POINT (-118.256991 34.147117)
5109,461272,55,0,55,0,0,0,1,0,1,7,0,7,44,0,44,0,0,0,Mandalyn Academy,American Fork,UT,-111.78129,40.371763,3,POINT (-111.78129 40.371763)
5110,461281,19,3,16,0,0,0,0,0,0,16,1,15,2,1,1,1,1,0,Jose Maria Vargas University,Pembroke Pines,FL,-80.281548,26.009656,0,POINT (-80.281548 26.009656)
5111,461306,23,6,17,0,0,0,15,3,12,5,2,3,0,0,0,1,0,1,D A Dorsey Technical College,Miami,FL,-80.225732,25.839575,2,POINT (-80.225732 25.839575)
5112,461315,27,4,23,0,0,0,0,0,0,0,0,0,18,3,15,0,0,0,Keweenaw Bay Ojibwa Community College,Baraga,MI,-88.507761,46.782535,9,POINT (-88.507761 46.782535)
5113,461324,486,121,365,0,0,0,51,18,33,56,27,29,352,70,282,0,0,0,Meridian Institute of Surgical Assisting,Nashville,TN,-86.842536,36.187738,27,POINT (-86.842536 36.187738)
5114,461333,13,12,1,1,1,0,1,1,0,0,0,0,5,5,0,5,4,1,Mauna Loa Helicopters,Kailua Kona,HI,-156.041847,19.729107,1,POINT (-156.041847 19.729107)
5115,461342,137,0,137,0,0,0,0,0,0,12,0,12,124,0,124,0,0,0,Acaydia School of Aesthetics,Provo,UT,-111.65823,40.234627,1,POINT (-111.65823 40.234627)
5116,461379,11,0,11,1,0,1,3,0,3,0,0,0,7,0,7,0,0,0,Holistic Massage Training Institute,Baltimore,MD,-76.603096,39.322479,0,POINT (-76.603096 39.322479)
5117,461388,46,12,34,0,0,0,3,2,1,4,1,3,36,7,29,0,0,0,Diamonds Cosmetology College,Sherman,TX,-96.606125,33.673442,3,POINT (-96.606125 33.673442)
5118,461412,152,39,113,15,6,9,57,14,43,17,5,12,44,8,36,0,0,0,Northern Virginia School of Therapeutic Massage,Falls Church,VA,-77.160302,38.873422,19,POINT (-77.160302 38.873422)
5119,461421,62,2,60,0,0,0,7,0,7,4,0,4,49,2,47,0,0,0,Paul Mitchell the School-St Louis,St. Louis,MO,-90.262731,38.64474,2,POINT (-90.262731 38.64474)
5120,461430,425,389,36,26,26,0,65,58,7,171,157,14,138,123,15,0,0,0,Advanced Training Institute,Las Vegas,NV,-115.206821,36.09589,25,POINT (-115.206821 36.09589)
5121,461485,39,31,8,1,0,1,2,0,2,2,1,1,31,27,4,3,3,0,Shepherds Theological Seminary,Cary,NC,-78.742623,35.744334,0,POINT (-78.742623 35.744334)
5122,461494,115,20,95,2,0,2,4,1,3,12,4,8,85,11,74,0,0,0,Taylor Andrews Academy of Hair Design-West Jordan,West Jordan,UT,-111.934309,40.586803,12,POINT (-111.934309 40.586803)
5123,461500,7,1,6,0,0,0,0,0,0,6,1,5,0,0,0,0,0,0,Santa Ana Beauty Academy,Santa Ana,CA,-117.835205,33.766402,1,POINT (-117.835205 33.766402)
5124,461528,33,16,17,1,0,1,4,2,2,5,3,2,18,9,9,1,0,1,Manna University,Fayetteville,NC,-78.961305,35.058616,4,POINT (-78.961305 35.058616)
5125,461537,10,0,10,0,0,0,0,0,0,0,0,0,10,0,10,0,0,0,Evolve Beauty Academy,Washing,MO,-91.013977,38.551723,0,POINT (-91.013977 38.551723)
5126,461555,70,4,66,0,0,0,3,0,3,49,3,46,17,1,16,0,0,0,Aveda Institute-New Mexico,Albuquerque,NM,-106.667464,35.091873,1,POINT (-106.667464 35.091873)
5127,461573,52,51,1,1,1,0,16,15,1,3,3,0,32,32,0,0,0,0,American Trade School,Saint Ann,MO,-90.380141,38.72876,0,POINT (-90.380141 38.72876)
5128,461582,108,1,107,5,0,5,19,0,19,40,1,39,33,0,33,2,0,2,Estelle Skin Care and Spa Institute,Skokie,IL,-87.747041,42.06358,9,POINT (-87.747041 42.06358)
5129,461591,56,0,56,13,0,13,2,0,2,4,0,4,9,0,9,0,0,0,Paul Mitchell the School-Honolulu,Honolulu,HI,-157.800461,21.28206,28,POINT (-157.800461 21.28206)
5130,461607,61,7,54,1,1,0,7,1,6,23,2,21,11,1,10,0,0,0,Elite Cosmetology School,PALM DESERT,CA,-116.394724,33.723624,19,POINT (-116.394724 33.723624)
5131,461625,25,23,2,0,0,0,0,0,0,25,23,2,0,0,0,0,0,0,American Technical Institute,Bayamon,PR,-66.184489,18.379307,0,POINT (-66.184489 18.379307)
5132,461643,28,4,24,5,2,3,0,0,0,3,1,2,15,0,15,1,0,1,Bergin University of Canine Studies,Penngrove,CA,-122.68099,38.302849,4,POINT (-122.68099 38.302849)
5133,461652,56,1,55,3,0,3,2,0,2,8,0,8,38,1,37,0,0,0,Aveda Institute-Boise,Boise,ID,-116.309994,43.620545,5,POINT (-116.309994 43.620545)
5134,461689,258,28,230,5,1,4,36,3,33,116,11,105,79,12,67,0,0,0,Pima Medical Institute-Aurora,Aurora,CO,-104.831481,39.6956,22,POINT (-104.831481 39.6956)
5135,461704,146,21,125,3,1,2,2,2,0,4,1,3,127,14,113,0,0,0,Capilo School of Hair Design,Augusta,ME,-69.777717,44.317693,10,POINT (-69.777717 44.317693)
5136,461713,66,0,66,2,0,2,1,0,1,37,0,37,24,0,24,0,0,0,Pure Aesthetics Natural Skincare School,Tucson,AZ,-110.929841,32.23572,2,POINT (-110.929841 32.23572)
5137,461722,24,2,22,0,0,0,1,0,1,1,0,1,22,2,20,0,0,0,Lindsey Institute of Cosmetology,Bowling Green,KY,-86.420808,36.947279,0,POINT (-86.420808 36.947279)
5138,461740,14,11,3,0,0,0,11,9,2,2,2,0,0,0,0,0,0,0,Buckner Barber School,Dallas,TX,-96.684709,32.737175,1,POINT (-96.684709 32.737175)
5139,461759,21,6,15,0,0,0,21,6,15,0,0,0,0,0,0,0,0,0,Simmons College of Kentucky,Louisville,KY,-85.764811,38.239519,0,POINT (-85.764811 38.239519)
5140,461768,251,9,242,16,0,16,73,1,72,86,4,82,50,3,47,0,0,0,Atelier Esthetique Institute of Esthetics,New York,NY,-73.995669,40.746376,26,POINT (-73.995669 40.746376)
5141,461786,16,0,16,0,0,0,0,0,0,2,0,2,14,0,14,0,0,0,Advanced College of Cosmetology,Waupun,WI,-88.736198,43.632848,0,POINT (-88.736198 43.632848)
5142,461795,244,141,103,7,2,5,8,5,3,15,4,11,62,34,28,139,89,50,North American University,Stafford,TX,-95.588338,29.646303,13,POINT (-95.588338 29.646303)
5143,461810,40,14,26,34,13,21,0,0,0,1,1,0,5,0,5,0,0,0,United Beauty College,Denver,CO,-105.025463,39.68573,0,POINT (-105.025463 39.68573)
5144,461829,177,19,158,35,1,34,15,5,10,65,7,58,50,5,45,0,0,0,Cinta Aveda Institute,San Francisco,CA,-122.404307,37.790935,12,POINT (-122.404307 37.790935)
5145,461838,272,3,269,8,1,7,82,1,81,72,1,71,93,0,93,0,0,0,Long Island Nail Skin & Hair Institute,Levittown,NY,-73.499036,40.725914,17,POINT (-73.499036 40.725914)
5146,461847,16,16,0,0,0,0,0,0,0,0,0,0,16,16,0,0,0,0,Keser Torah-Mayan Hatalmud,Lakewood,NJ,-74.17029,40.098369,0,POINT (-74.17029 40.098369)
5147,461856,225,77,148,18,8,10,31,9,22,100,31,69,42,13,29,0,0,0,Southern California Health Institute,North Hollywood,CA,-118.370014,34.173485,34,POINT (-118.370014 34.173485)
5148,461865,61,4,57,0,0,0,60,4,56,1,0,1,0,0,0,0,0,0,Best Care College,East Orange,NJ,-74.221116,40.765332,0,POINT (-74.221116 40.765332)
5149,461874,41,3,38,0,0,0,1,1,0,10,2,8,29,0,29,0,0,0,First Class Cosmetology School,Beloit,WI,-89.036231,42.49901,1,POINT (-89.036231 42.49901)
5150,461883,78,40,38,0,0,0,0,0,0,3,1,2,0,0,0,75,39,36,Millennia Atlantic University,Doral,FL,-80.352717,25.808134,0,POINT (-80.352717 25.808134)
5151,461892,93,8,85,5,0,5,71,6,65,2,0,2,13,2,11,0,0,0,Abcott Institute,Southfield,MI,-83.210617,42.446331,2,POINT (-83.210617 42.446331)
5152,461908,42,1,41,2,0,2,7,0,7,15,0,15,17,1,16,0,0,0,The Salon Professional Academy-Kenosha,Kenosha,WI,-87.853088,42.55804,1,POINT (-87.853088 42.55804)
5153,461917,101,5,96,0,0,0,3,0,3,6,0,6,88,5,83,0,0,0,Paul Mitchell the School-Indianapolis,Indianapolis,IN,-86.127361,39.640007,4,POINT (-86.127361 39.640007)
5154,461926,114,3,111,2,0,2,0,0,0,11,1,10,91,2,89,0,0,0,Taylor Andrews Academy-St George,St. George,UT,-113.534004,37.101706,10,POINT (-113.534004 37.101706)
5155,461944,47,1,46,2,0,2,9,0,9,2,0,2,26,0,26,0,0,0,Protege Academy,East Lansing,MI,-84.452903,42.724862,8,POINT (-84.452903 42.724862)
5156,461953,37,2,35,0,0,0,1,0,1,6,0,6,30,2,28,0,0,0,Colorado Academy of Veterinary Technology,Colorado Springs,CO,-104.790429,38.794277,0,POINT (-104.790429 38.794277)
5157,461962,203,93,110,3,0,3,10,6,4,0,0,0,184,86,98,0,0,0,Northeast Technical Institute,Scarborough,ME,-70.314892,43.608171,6,POINT (-70.314892 43.608171)
5158,461999,76,0,76,3,0,3,27,0,27,2,0,2,44,0,44,0,0,0,Elite School of Cosmetology,Norwalk,OH,-82.60795,41.233614,0,POINT (-82.60795 41.233614)
5159,462008,110,7,103,7,1,6,12,2,10,22,2,20,48,1,47,0,0,0,Paul Mitchell the School-Las Vegas,Las Vegas,NV,-115.117034,36.016734,21,POINT (-115.117034 36.016734)
5160,462017,66,7,59,0,0,0,2,1,1,7,2,5,54,3,51,0,0,0,Summit Salon Academy-Kokomo,Kokomo,IN,-86.106111,40.474971,3,POINT (-86.106111 40.474971)
5161,462035,298,116,182,2,2,0,38,19,19,106,36,70,138,51,87,1,1,0,Florida Academy,Fort Myers,FL,-81.825149,26.608576,13,POINT (-81.825149 26.608576)
5162,462044,7,2,5,0,0,0,0,0,0,0,0,0,7,2,5,0,0,0,Institute for Doctoral Studies in the Visual Arts,Portland,ME,-70.272161,43.65405,0,POINT (-70.272161 43.65405)
5163,462053,57,4,53,1,1,0,29,2,27,22,0,22,4,1,3,0,0,0,State Career College,Waukegan,IL,-87.870502,42.370787,1,POINT (-87.870502 42.370787)
5164,462062,83,2,81,5,0,5,6,0,6,37,1,36,29,1,28,1,0,1,Academy for Salon Professionals,Northridge,CA,-118.558215,34.23396,5,POINT (-118.558215 34.23396)
5165,462071,59,19,40,0,0,0,0,0,0,3,2,1,48,11,37,0,0,0,Paul Mitchell the School-Spokane,Spokane Valley,WA,-117.19893,47.658368,8,POINT (-117.19893 47.658368)
5166,462336,61,0,61,8,0,8,2,0,2,6,0,6,41,0,41,0,0,0,International College of Beauty Arts & Sciences,Los Angeles,CA,-118.273227,34.148057,4,POINT (-118.273227 34.148057)
5167,462345,22,0,22,0,0,0,3,0,3,3,0,3,15,0,15,0,0,0,The Salon Professional Academy,Plainfield,IL,-88.203599,41.590393,1,POINT (-88.203599 41.590393)
5168,462354,72,29,43,2,1,1,0,0,0,17,5,12,39,16,23,3,2,1,John Paul the Great Catholic University,Escondido,CA,-117.082401,33.12085,11,POINT (-117.082401 33.12085)
5169,464226,145,84,61,2,0,2,15,9,6,28,19,9,89,50,39,0,0,0,Ottawa University-Surprise,Surprise,AZ,-112.368233,33.628923,11,POINT (-112.368233 33.628923)
5170,466921,133,10,123,3,0,3,18,2,16,5,0,5,96,7,89,0,0,0,Chamberlain University-Missouri,St. Louis,MO,-90.436283,38.701907,11,POINT (-90.436283 38.701907)
5171,466930,248,31,217,49,12,37,87,9,78,49,4,45,47,5,42,2,0,2,Chamberlain University-Texas,Houston,TX,-95.560414,29.838386,14,POINT (-95.560414 29.838386)
5172,467094,209,3,206,3,0,3,40,1,39,6,1,5,152,1,151,0,0,0,Continental School of Beauty Culture-Mattydale,Mattydale,NY,-76.147295,43.105938,8,POINT (-76.147295 43.105938)
5173,467368,39,4,35,3,0,3,0,0,0,27,2,25,8,2,6,0,0,0,Carrington College-Ontario,Ontario,CA,-117.55038,34.068584,1,POINT (-117.55038 34.068584)
5174,467863,91,12,79,1,0,1,38,7,31,8,2,6,41,3,38,0,0,0,Paul Mitchell the School-Columbia,West Columbia,SC,-81.070249,33.990955,3,POINT (-81.070249 33.990955)
5175,467872,98,7,91,0,0,0,15,1,14,11,1,10,66,4,62,0,0,0,Paul Mitchell the School-Charleston,North Charleston,SC,-80.022852,32.874611,6,POINT (-80.022852 32.874611)
5176,467906,48,2,46,1,0,1,6,0,6,1,0,1,39,2,37,0,0,0,Kenneth Shuler School of Cosmetology-Greenville,Greenville,SC,-82.484519,34.791087,1,POINT (-82.484519 34.791087)
5177,468246,117,10,107,0,0,0,3,1,2,9,1,8,91,8,83,0,0,0,Northwest College-Eugene,Springfield,OR,-123.046328,44.078014,14,POINT (-123.046328 44.078014)
5178,468255,63,2,61,3,0,3,1,0,1,7,1,6,44,1,43,0,0,0,Northwest College-Tualatin,Tualatin,OR,-122.762464,45.382946,8,POINT (-122.762464 45.382946)
5179,468291,71,6,65,1,0,1,1,0,1,57,6,51,10,0,10,0,0,0,San Joaquin Valley College-Hanford Classroom,Hanford,CA,-119.647869,36.32604,2,POINT (-119.647869 36.32604)
5180,468769,132,119,13,0,0,0,0,0,0,131,118,13,1,1,0,0,0,0,CET-Soledad,Soledad,CA,-121.316599,36.41456,0,POINT (-121.316599 36.41456)
5181,468848,424,177,247,4,0,4,12,10,2,116,44,72,18,8,10,0,0,0,United Education Institute-UEI College-Oceanside,Oceanside,CA,-117.36182,33.204442,274,POINT (-117.36182 33.204442)
5182,468893,76,6,70,8,1,7,23,3,20,4,0,4,38,2,36,0,0,0,Vanguard College of Cosmetology-Metairie,Metairie,LA,-90.163276,30.004827,3,POINT (-90.163276 30.004827)
5183,468909,467,195,272,10,7,3,11,9,2,234,81,153,18,7,11,0,0,0,United Education Institute-Garden Grove,Garden Grove,CA,-117.943701,33.801877,194,POINT (-117.943701 33.801877)
5184,468963,478,452,26,3,3,0,81,79,2,212,204,8,151,149,2,0,0,0,New England Tractor Trailer Training School of Massachusetts,North Andover,MA,-71.115989,42.730818,31,POINT (-71.115989 42.730818)
5185,469416,48,8,40,0,0,0,0,0,0,48,8,40,0,0,0,0,0,0,Dewey University-Manati,Manati,PR,-66.487333,18.433307,0,POINT (-66.487333 18.433307)
5186,469610,91,7,84,0,0,0,5,1,4,75,5,70,7,1,6,0,0,0,Allen School-Phoenix,Phoenix,AZ,-112.11743,33.629635,4,POINT (-112.11743 33.629635)
5187,469629,117,101,16,0,0,0,10,9,1,8,7,1,76,65,11,0,0,0,Oklahoma Technical College,Tulsa,OK,-95.905011,36.098687,23,POINT (-95.905011 36.098687)
5188,469911,140,3,137,0,0,0,56,1,55,0,0,0,74,2,72,0,0,0,Unitech Training Academy-Alexandria,Alexandria,LA,-92.460375,31.265718,10,POINT (-92.460375 31.265718)
5189,469920,64,0,64,0,0,0,24,0,24,0,0,0,33,0,33,0,0,0,Unitech Training Academy-Lake Charles,Lake Charles,LA,-93.192846,30.204239,7,POINT (-93.192846 30.204239)
5190,469957,113,4,109,2,1,1,15,0,15,18,0,18,15,1,14,3,0,3,Aveda Institute-Los Angeles,Los Angeles,CA,-118.446566,34.062797,60,POINT (-118.446566 34.062797)
5191,470038,551,188,363,6,3,3,26,14,12,145,47,98,25,13,12,0,0,0,UEI College-Riverside,Riverside,CA,-117.351755,33.975392,349,POINT (-117.351755 33.975392)
5192,470047,26,2,24,1,0,1,1,0,1,3,0,3,21,2,19,0,0,0,WellSpring School of Allied Health-Lawrence,Lawrence,KS,-95.235123,38.965848,0,POINT (-95.235123 38.965848)
5193,470296,9,0,9,0,0,0,1,0,1,3,0,3,5,0,5,0,0,0,Manuel and Theresa's School of Hair Design-Victoria,Victoria,TX,-96.991589,28.799901,0,POINT (-96.991589 28.799901)
5194,470393,59,5,54,3,1,2,26,2,24,16,1,15,14,1,13,0,0,0,Tricoci University of Beauty Culture-Chicago NE,Chicago,IL,-87.660911,41.999802,0,POINT (-87.660911 41.999802)
5195,474863,464,112,352,35,7,28,75,17,58,210,51,159,122,32,90,0,0,0,Los Angeles Pacific University,San Dimas,CA,-117.827484,34.110723,22,POINT (-117.827484 34.110723)
5196,474915,279,5,274,5,0,5,16,0,16,113,2,111,106,2,104,0,0,0,Avalon Institute-Phoenix,Phoenix,AZ,-112.068,33.641761,39,POINT (-112.068 33.641761)
5197,474924,92,0,92,0,0,0,2,0,2,8,0,8,76,0,76,0,0,0,Avalon Institute-Layton,Layton,UT,-112.003639,41.089919,6,POINT (-112.003639 41.089919)
5198,475015,130,6,124,1,0,1,0,0,0,9,1,8,113,5,108,0,0,0,Aveda Institute-Des Moines,West Des Moines,IA,-93.802586,41.562675,7,POINT (-93.802586 41.562675)
5199,475024,160,81,79,2,1,1,66,30,36,53,24,29,31,23,8,0,0,0,Fortis Institute-Lawrenceville,Lawrenceville,NJ,-74.719102,40.260811,8,POINT (-74.719102 40.260811)
5200,475033,1753,404,1349,84,22,62,657,131,526,334,84,250,518,124,394,61,15,46,Relay Graduate School of Education,New York,NY,-74.013948,40.70563,99,POINT (-74.013948 40.70563)
5201,475060,75,8,67,0,0,0,65,7,58,0,0,0,8,1,7,0,0,0,Miller-Motte College-Macon,Macon,GA,-83.687065,32.897821,2,POINT (-83.687065 32.897821)
5202,475121,1504,273,1231,33,8,25,544,88,456,236,71,165,605,86,519,3,0,3,South University-Savannah Online,Savannah,GA,-81.105531,31.999481,83,POINT (-81.105531 31.999481)
5203,475176,411,173,238,20,5,15,20,13,7,154,54,100,103,53,50,0,0,0,San Joaquin Valley College-Temecula,Temecula,CA,-117.166502,33.525983,114,POINT (-117.166502 33.525983)
5204,475200,79,24,55,2,0,2,2,2,0,4,2,2,66,18,48,0,0,0,Whitworth University-Adult Degree Programs,Spokane,WA,-117.411568,47.751642,5,POINT (-117.411568 47.751642)
5205,475228,10,3,7,0,0,0,0,0,0,6,2,4,4,1,3,0,0,0,The Santa Barbara and Ventura Colleges of Law at Santa Barbara,Santa Barbara,CA,-119.70516,34.424542,0,POINT (-119.70516 34.424542)
5206,475273,237,50,187,5,1,4,103,24,79,51,8,43,54,12,42,2,0,2,"Springfield College-Regional, Online, and Continuing Education",Springfield,MA,-72.556647,42.1022,22,POINT (-72.556647 42.1022)
5207,475282,61,15,46,27,8,19,4,1,3,21,4,17,8,2,6,1,0,1,Marian Health Careers Center-Van Nuys Campus,Van Nuys,CA,-118.465561,34.177483,0,POINT (-118.465561 34.177483)
5208,475325,94,12,82,2,2,0,22,4,18,55,4,51,11,1,10,0,0,0,Milan Institute-Las Vegas,Las Vegas,NV,-115.170333,36.16159,4,POINT (-115.170333 36.16159)
5209,475398,44,24,20,3,3,0,1,0,1,3,2,1,29,15,14,0,0,0,Catholic Distance University,Charles Town,WV,-77.859242,39.287311,8,POINT (-77.859242 39.287311)
5210,475404,124,3,121,2,0,2,18,1,17,44,0,44,50,2,48,0,0,0,New York School of Esthetics & Day Spa,white plains,NY,-73.781183,41.035422,10,POINT (-73.781183 41.035422)
5211,475413,26,0,26,0,0,0,1,0,1,0,0,0,24,0,24,0,0,0,Panache Academy of Beauty,Baraboo,WI,-89.780047,43.5762,1,POINT (-89.780047 43.5762)
5212,475422,46,5,41,0,0,0,11,1,10,1,0,1,32,4,28,0,0,0,Finger Lakes Health College of Nursing & Health Sciences,Geneva,NY,-76.987844,42.876429,2,POINT (-76.987844 42.876429)
5213,475431,138,8,130,1,0,1,49,2,47,16,0,16,71,6,65,0,0,0,ASI Career Institute,Turnersville,NJ,-75.045442,39.756604,1,POINT (-75.045442 39.756604)
5214,475468,210,3,207,4,0,4,21,0,21,73,1,72,99,2,97,2,0,2,Christine Valmy International School of Esthetics & Cosmetology,Pine Brook,NJ,-74.358331,40.868977,11,POINT (-74.358331 40.868977)
5215,475477,46,8,38,0,0,0,8,1,7,7,2,5,28,5,23,0,0,0,City College-Hollywood,Hollywood,FL,-80.22004,26.025173,3,POINT (-80.22004 26.025173)
5216,475486,170,18,152,0,0,0,25,3,22,53,7,46,81,7,74,0,0,0,Paul Mitchell the School-Arlington,Arlington,TX,-97.107997,32.680899,11,POINT (-97.107997 32.680899)
5217,475495,369,138,231,20,9,11,38,5,33,22,6,16,271,111,160,0,0,0,Rocky Mountain University of Health Professions,Provo,UT,-111.656188,40.211724,18,POINT (-111.656188 40.211724)
5218,475547,63,11,52,0,0,0,0,0,0,0,0,0,4,0,4,0,0,0,Paul Mitchell the School-Fort Myers,Fort Myers,FL,-81.792422,26.495581,59,POINT (-81.792422 26.495581)
5219,475556,89,9,80,3,0,3,22,4,18,11,0,11,51,5,46,0,0,0,Paul Mitchell the School-Raleigh,Raleigh,NC,-78.740471,35.882566,2,POINT (-78.740471 35.882566)
5220,475565,245,100,145,16,7,9,51,21,30,132,47,85,25,17,8,14,5,9,CUNY Stella and Charles Guttman Community College,New York,NY,-73.984131,40.75281,7,POINT (-73.984131 40.75281)
5221,475574,17,5,12,0,0,0,14,4,10,3,1,2,0,0,0,0,0,0,Lil Lou's Beauty and Barber College,Gary,IN,-87.335811,41.53025,0,POINT (-87.335811 41.53025)
5222,475608,31,16,15,0,0,0,9,5,4,3,2,1,16,8,8,1,0,1,Criswell College,Dallas,TX,-96.77669,32.793513,2,POINT (-96.77669 32.793513)
5223,475635,1,0,1,0,0,0,1,0,1,0,0,0,0,0,0,0,0,0,Beverly Hills Design Institute,Beverly Hills,CA,-118.375621,34.06463,0,POINT (-118.375621 34.06463)
5224,475653,11,0,11,0,0,0,7,0,7,0,0,0,3,0,3,0,0,0,Reflections Academy of Beauty,Decatur,IL,-88.956239,39.843265,1,POINT (-88.956239 39.843265)
5225,475662,37,1,36,0,0,0,0,0,0,36,1,35,0,0,0,1,0,1,UCAS University of Cosmetology Arts & Sciences-La Joya,La Joya,TX,-98.468021,26.24605,0,POINT (-98.468021 26.24605)
5226,475705,12,2,10,0,0,0,1,0,1,6,2,4,3,0,3,1,0,1,Annenberg School of Nursing,Reseda,CA,-118.553851,34.200825,1,POINT (-118.553851 34.200825)
5227,475714,364,283,81,0,0,0,19,15,4,284,224,60,40,31,9,0,0,0,American Medical Academy,Miami,FL,-80.393361,25.66273,21,POINT (-80.393361 25.66273)
5228,475723,219,112,107,5,3,2,2,1,1,45,25,20,153,75,78,0,0,0,Tooele Technical College,Tooele,UT,-112.325714,40.527752,14,POINT (-112.325714 40.527752)
5229,475732,339,30,309,20,4,16,177,16,161,27,0,27,102,10,92,1,0,1,Chamberlain University-Georgia,Atlanta,GA,-84.351949,33.911943,12,POINT (-84.351949 33.911943)
5230,475741,43,3,40,2,1,1,9,1,8,4,0,4,27,1,26,0,0,0,Chamberlain University-Indiana,Indianapolis,IN,-86.111061,39.91916,1,POINT (-86.111061 39.91916)
5231,475750,33,9,24,5,4,1,15,2,13,4,0,4,6,2,4,0,0,0,Carrington College-Mesquite,Mesquite,TX,-96.625985,32.815899,3,POINT (-96.625985 32.815899)
5232,475839,90,39,51,1,0,1,10,7,3,7,3,4,50,21,29,0,0,0,Sessions College for Professional Design,Tempe,AZ,-111.941123,33.427133,22,POINT (-111.941123 33.427133)
5233,476063,200,194,6,2,2,0,83,81,2,25,23,2,77,75,2,0,0,0,Tulsa Welding School-Jacksonville,Jacksonville,FL,-81.56007,30.313564,13,POINT (-81.56007 30.313564)
5234,476179,33,2,31,0,0,0,23,2,21,0,0,0,3,0,3,0,0,0,Empire Beauty School-Virginia Beach,Virginia Beach,VA,-76.135548,36.838455,7,POINT (-76.135548 36.838455)
5235,476230,43,2,41,0,0,0,5,0,5,0,0,0,31,2,29,1,0,1,Ross Medical Education Center-Morgantown,Morgantown,WV,-79.928764,39.628002,6,POINT (-79.928764 39.628002)
5236,476294,63,11,52,2,0,2,2,1,1,13,3,10,45,7,38,0,0,0,Paul Mitchell the School-Ogden,Ogden,UT,-111.974233,41.225229,1,POINT (-111.974233 41.225229)
5237,476355,27,15,12,2,2,0,3,2,1,3,1,2,17,10,7,2,0,2,Miami Ad School-New York,Astoria,NY,-73.925071,40.755046,0,POINT (-73.925071 40.755046)
5238,476489,78,65,13,0,0,0,76,63,13,2,2,0,0,0,0,0,0,0,Larry's Barber College,Chicago,IL,-87.643207,41.703711,0,POINT (-87.643207 41.703711)
5239,476498,132,101,31,0,0,0,0,0,0,129,98,31,3,3,0,0,0,0,Futura Career Institute,Hialeah,FL,-80.306991,25.863128,0,POINT (-80.306991 25.863128)
5240,476513,36,1,35,0,0,0,0,0,0,17,0,17,14,0,14,0,0,0,Flair Beauty College,Valencia,CA,-118.550015,34.414463,5,POINT (-118.550015 34.414463)
5241,476540,87,5,82,0,0,0,17,2,15,57,3,54,7,0,7,1,0,1,Vogue College of Cosmetology-San Antonio Fredericksburg,San Antonio,TX,-98.523455,29.462345,5,POINT (-98.523455 29.462345)
5242,476559,87,4,83,3,1,2,10,2,8,57,1,56,12,0,12,1,0,1,Vogue College of Cosmetology,San Antonio,TX,-98.602991,29.465563,4,POINT (-98.602991 29.465563)
5243,476568,16,10,6,0,0,0,15,9,6,0,0,0,1,1,0,0,0,0,Tomorrow's Image Barber And Beauty Academy of Virginia,Newport News,VA,-76.529229,37.133072,0,POINT (-76.529229 37.133072)
5244,476595,51,8,43,5,1,4,2,1,1,40,5,35,4,1,3,0,0,0,Medical Allied Career Center,Santa Fe Springs,CA,-118.062402,33.91871,0,POINT (-118.062402 33.91871)
5245,476601,3,3,0,0,0,0,0,0,0,0,0,0,3,3,0,0,0,0,Bais HaMedrash and Mesivta of Baltimore,Baltimore,MD,-76.674414,39.379528,0,POINT (-76.674414 39.379528)
5246,476610,37,28,9,0,0,0,23,18,5,10,7,3,3,2,1,0,0,0,Barber & Beauty Institute of New York,Hempstead,NY,-73.615341,40.69983,1,POINT (-73.615341 40.69983)
5247,476629,52,6,46,1,0,1,3,2,1,4,1,3,41,3,38,0,0,0,Salon Institute-Toledo Campus,Toledo,OH,-83.696989,41.674855,3,POINT (-83.696989 41.674855)
5248,476683,216,15,201,4,0,4,147,9,138,10,2,8,47,1,46,0,0,0,Athena Career Academy,Toledo,OH,-83.665339,41.614633,8,POINT (-83.665339 41.614633)
5249,476692,2,2,0,0,0,0,0,0,0,0,0,0,2,2,0,0,0,0,Yeshiva Gedolah Zichron Leyma,Union,NJ,-74.268351,40.6992,0,POINT (-74.268351 40.6992)
5250,476708,60,52,8,4,4,0,2,2,0,21,20,1,23,18,5,0,0,0,The Barber School,Midvale,UT,-111.891446,40.621415,10,POINT (-111.891446 40.621415)
5251,476717,86,86,0,0,0,0,0,0,0,0,0,0,86,86,0,0,0,0,Be'er Yaakov Talmudic Seminary,Spring Valley,NY,-74.029573,41.138206,0,POINT (-74.029573 41.138206)
5252,476726,450,82,368,4,3,1,1,1,0,443,77,366,2,1,1,0,0,0,Rio Grande Valley College,Pharr,TX,-98.177978,26.24215,0,POINT (-98.177978 26.24215)
5253,476735,20,9,11,1,0,1,4,1,3,2,2,0,13,6,7,0,0,0,Alexander Academy,Lunenburg,MA,-71.769406,42.587705,0,POINT (-71.769406 42.587705)
5254,476753,156,7,149,3,0,3,2,0,2,81,5,76,50,1,49,0,0,0,Aveda Institute-Tucson,Tucson,AZ,-110.968361,32.220141,20,POINT (-110.968361 32.220141)
5255,476780,58,7,51,54,7,47,0,0,0,2,0,2,0,0,0,0,0,0,Diamond Beauty College,South El Monte,CA,-118.046711,34.062971,2,POINT (-118.046711 34.062971)
5256,476799,127,27,100,27,7,20,7,2,5,17,3,14,3,0,3,0,0,0,Unitek College,South San Francisco,CA,-122.455603,37.65642,73,POINT (-122.455603 37.65642)
5257,476805,27,0,27,0,0,0,6,0,6,0,0,0,21,0,21,0,0,0,University Academy of Hair Design,Tuscaloosa,AL,-87.559744,33.19105,0,POINT (-87.559744 33.19105)
5258,476814,216,175,41,3,3,0,64,54,10,53,42,11,84,70,14,0,0,0,Florida Institute of Recording Sound and Technology,Orlando,FL,-81.401029,28.625257,12,POINT (-81.401029 28.625257)
5259,476841,111,13,98,4,1,3,5,3,2,32,3,29,33,2,31,0,0,0,Paul Mitchell the School-Reno,Reno,NV,-119.803848,39.509232,37,POINT (-119.803848 39.509232)
5260,476850,54,40,14,3,3,0,5,3,2,21,13,8,17,16,1,0,0,0,Boise Barber College,Boise,ID,-116.278054,43.588823,8,POINT (-116.278054 43.588823)
5261,476869,83,1,82,1,0,1,1,1,0,16,0,16,63,0,63,0,0,0,Austin Kade Academy,Idaho Falls,ID,-112.001128,43.482859,2,POINT (-112.001128 43.482859)
5262,476878,152,2,150,1,0,1,34,0,34,6,0,6,109,2,107,0,0,0,Aesthetic Science Institute,Latham,NY,-73.794947,42.76194,2,POINT (-73.794947 42.76194)
5263,476887,229,7,222,2,0,2,190,6,184,11,1,10,3,0,3,0,0,0,Elaine Sterling Institute,Atlanta,GA,-84.363266,33.846647,23,POINT (-84.363266 33.846647)
5264,476896,50,4,46,2,0,2,1,0,1,22,3,19,22,1,21,0,0,0,Wade Gordon Hairdressing Academy,Amarillo,TX,-101.873963,35.186494,3,POINT (-101.873963 35.186494)
5265,476902,49,0,49,4,0,4,14,0,14,7,0,7,19,0,19,0,0,0,Mitsu Sato Hair Academy,Overland Park,KS,-94.670149,38.964694,5,POINT (-94.670149 38.964694)
5266,476939,428,43,385,1,0,1,30,5,25,370,34,336,7,0,7,0,0,0,FVI School of Nursing and Technology,Miami,FL,-80.321789,25.773542,20,POINT (-80.321789 25.773542)
5267,476948,136,104,32,2,2,0,94,70,24,15,13,2,10,9,1,0,0,0,SAE Institute of Technology-Atlanta,Atlanta,GA,-84.38696,33.75993,15,POINT (-84.38696 33.75993)
5268,476957,14,1,13,0,0,0,0,0,0,4,0,4,10,1,9,0,0,0,Academy di Firenze,Jerome,ID,-114.519826,42.723871,0,POINT (-114.519826 42.723871)
5269,476966,60,53,7,0,0,0,22,20,2,27,23,4,7,7,0,0,0,0,SAE Institute of Technology-Miami,North Miami Beach,FL,-80.155391,25.92387,4,POINT (-80.155391 25.92387)
5270,476975,3889,1563,2326,205,86,119,285,103,182,491,183,308,2310,928,1382,16,8,8,Colorado State University-Global Campus,Aurora,CO,-104.786666,39.724786,582,POINT (-104.786666 39.724786)
5271,476984,78,3,75,0,0,0,7,0,7,4,0,4,42,3,39,0,0,0,Paul Mitchell the School-Overland Park,Overland Park,KS,-94.688051,38.95593,25,POINT (-94.688051 38.95593)
5272,476993,170,1,169,5,0,5,2,0,2,17,1,16,139,0,139,0,0,0,Medspa Academies,South Jordan,UT,-111.912821,40.55681,7,POINT (-111.912821 40.55681)
5273,477002,65,1,64,1,0,1,7,0,7,0,0,0,51,1,50,0,0,0,Brighton Institute of Cosmetology,Brighton,MI,-83.743486,42.521018,6,POINT (-83.743486 42.521018)
5274,477039,384,65,319,65,17,48,139,21,118,78,12,66,80,13,67,0,0,0,West Coast University-Dallas,Dallas,TX,-96.873805,32.82746,22,POINT (-96.873805 32.82746)
5275,478582,56,3,53,0,0,0,32,1,31,3,0,3,12,1,11,0,0,0,Empire Beauty School-Savannah,Savannah,GA,-81.110045,32.008498,9,POINT (-81.110045 32.008498)
5276,478591,134,4,130,2,0,2,14,0,14,32,1,31,72,2,70,0,0,0,Ogle School Hair Skin Nails-Denton,Denton,TX,-97.113213,33.192334,14,POINT (-97.113213 33.192334)
5277,478616,38,3,35,0,0,0,34,3,31,2,0,2,2,0,2,0,0,0,Empire Beauty School-West Greensboro,Greensboro,NC,-79.90432,36.051588,0,POINT (-79.90432 36.051588)
5278,478917,29,0,29,0,0,0,0,0,0,3,0,3,25,0,25,0,0,0,Hays Academy of Hair Design,Salina,KS,-97.607551,38.8398,1,POINT (-97.607551 38.8398)
5279,478953,116,4,112,2,0,2,9,0,9,12,2,10,83,1,82,0,0,0,Bellus Academy,Manhattan,KS,-96.60827,39.191749,10,POINT (-96.60827 39.191749)
5280,479062,82,76,6,3,3,0,6,6,0,8,7,1,61,56,5,0,0,0,MotoRing Technical Training Institute,East Providence,RI,-71.384761,41.81866,4,POINT (-71.384761 41.81866)
5281,479424,180,13,167,19,3,16,14,1,13,23,2,21,1,0,1,0,0,0,Unitek College,Hayward,CA,-122.116059,37.661039,123,POINT (-122.116059 37.661039)
5282,479965,69,3,66,1,0,1,19,2,17,1,0,1,47,1,46,1,0,1,Medical Career Institute,Ocean,NJ,-74.046322,40.263786,0,POINT (-74.046322 40.263786)
5283,479974,86,21,65,6,2,4,12,2,10,58,14,44,8,2,6,0,0,0,Advance Beauty Techs Academy,San Jacinto,CA,-117.517655,33.884074,2,POINT (-117.517655 33.884074)
5284,479983,40,1,39,1,0,1,1,0,1,8,0,8,20,1,19,0,0,0,Elevate Salon Institute-Westminster,Westminster,CO,-105.072521,39.857821,10,POINT (-105.072521 39.857821)
5285,479992,34,30,4,9,8,1,2,1,1,12,12,0,11,9,2,0,0,0,Brand College,Glendale,CA,-118.265551,34.15799,0,POINT (-118.265551 34.15799)
5286,480000,16,12,4,0,0,0,3,1,2,11,10,1,1,0,1,0,0,0,Hinton Barber and Beauty College,Vallejo,CA,-122.245384,38.109629,1,POINT (-122.245384 38.109629)
5287,480019,1022,929,93,25,20,5,105,90,15,635,597,38,234,204,30,0,0,0,Advanced Career Institute,Visalia,CA,-119.377564,36.339646,23,POINT (-119.377564 36.339646)
5288,480028,66,52,14,10,10,0,14,10,4,17,13,4,14,11,3,11,8,3,Digital Film Academy,New York,NY,-73.991082,40.760073,0,POINT (-73.991082 40.760073)
5289,480037,1828,1464,364,44,39,5,729,546,183,299,251,48,671,562,109,0,0,0,MyComputerCareer.edu-Raleigh,Raleigh,NC,-78.727186,35.767841,85,POINT (-78.727186 35.767841)
5290,480073,87,22,65,10,3,7,16,2,14,23,11,12,34,5,29,4,1,3,South University-Austin,Round Rock,TX,-97.689972,30.479474,0,POINT (-97.689972 30.479474)
5291,480091,1473,111,1362,17,5,12,465,31,434,100,11,89,801,61,740,0,0,0,Bryant & Stratton College-Online,Orchard Park,NY,-78.770363,42.790174,90,POINT (-78.770363 42.790174)
5292,480125,341,11,330,2,0,2,49,0,49,193,10,183,64,1,63,0,0,0,Ogle School Hair Skin Nails-San Antonio,San Antonio,TX,-98.503686,29.518311,33,POINT (-98.503686 29.518311)
5293,480161,13,0,13,0,0,0,3,0,3,0,0,0,9,0,9,0,0,0,Ideal Beauty Academy,Louisville,KY,-85.568052,38.225024,1,POINT (-85.568052 38.225024)
5294,480198,153,47,106,13,2,11,27,5,22,16,5,11,83,29,54,1,0,1,Warner Pacific University Professional and Graduate Studies,Portland,OR,-122.592498,45.506265,13,POINT (-122.592498 45.506265)
5295,480204,235,32,203,6,1,5,13,1,12,143,23,120,57,7,50,0,0,0,Platt College-Riverside,Riverside,CA,-117.298365,33.932923,16,POINT (-117.298365 33.932923)
5296,480310,19,1,18,1,0,1,11,1,10,1,0,1,5,0,5,0,0,0,Empire Beauty School-Glen Burnie,Glen Burnie,MD,-76.616551,39.203264,1,POINT (-76.616551 39.203264)
5297,480347,23,3,20,0,0,0,0,0,0,4,0,4,14,3,11,0,0,0,International School of Cosmetology,Scottsdale,AZ,-111.889421,33.536609,5,POINT (-111.889421 33.536609)
5298,480471,429,108,321,10,5,5,46,16,30,136,23,113,15,7,8,0,0,0,United Education Institute-UEI College Stockton,Stockton,CA,-121.308461,37.99756,222,POINT (-121.308461 37.99756)
5299,480523,49,0,49,1,0,1,15,0,15,3,0,3,28,0,28,0,0,0,Ross Medical Education Center-Dayton,Dayton,OH,-84.126037,39.816855,2,POINT (-84.126037 39.816855)
5300,480532,55,2,53,1,0,1,1,0,1,2,0,2,46,1,45,0,0,0,Ross Medical Education Center-Ontario,Ontario,OH,-82.591867,40.77421,5,POINT (-82.591867 40.77421)
5301,480550,50,1,49,0,0,0,2,0,2,3,0,3,36,1,35,0,0,0,Ross Medical Education Center-Bowling Green,Bowling Green,KY,-86.433521,36.966303,9,POINT (-86.433521 36.966303)
5302,480569,610,284,326,17,10,7,138,61,77,78,38,40,302,140,162,8,7,1,Florida Institute of Technology-Online,Melbourne,FL,-80.624378,28.065754,67,POINT (-80.624378 28.065754)
5303,480657,303,23,280,5,0,5,35,2,33,26,1,25,174,19,155,0,0,0,Rasmussen University-Kansas,Topeka,KS,-95.751719,39.056302,63,POINT (-95.751719 39.056302)
5304,480693,102,27,75,36,8,28,8,1,7,43,11,32,13,5,8,1,1,0,Columbia Institute,Silver Spring,MD,-77.08083,39.056035,1,POINT (-77.08083 39.056035)
5305,480727,22,18,4,0,0,0,0,0,0,2,2,0,20,16,4,0,0,0,School of Missionary Aviation Technology,Ionia,MI,-85.07224,42.941371,0,POINT (-85.07224 42.941371)
5306,480781,43,30,13,1,0,1,6,6,0,6,6,0,4,3,1,25,14,11,California Miramar University,San Diego,CA,-117.11851,32.77942,1,POINT (-117.11851 32.77942)
5307,480790,336,207,129,7,5,2,5,3,2,4,2,2,234,156,78,0,0,0,Rocky Vista University,Parker,CO,-104.815034,39.563516,86,POINT (-104.815034 39.563516)
5308,480824,258,25,233,10,3,7,89,9,80,114,6,108,31,6,25,0,0,0,The College of Health Care Professions-Dallas,Dallas,TX,-96.875021,32.830186,14,POINT (-96.875021 32.830186)
5309,480833,410,30,380,7,0,7,70,7,63,203,9,194,97,11,86,0,0,0,The College of Health Care Professions-Fort Worth,Fort Worth,TX,-97.311645,32.816901,33,POINT (-97.311645 32.816901)
5310,480842,17,5,12,0,0,0,14,2,12,0,0,0,2,2,0,0,0,0,Shear Finesse Beauty Academy,Jacksonville,FL,-81.558157,30.319276,1,POINT (-81.558157 30.319276)
5311,480851,83,46,37,0,0,0,17,10,7,66,36,30,0,0,0,0,0,0,Miami Media School,Doral,FL,-80.325673,25.783576,0,POINT (-80.325673 25.783576)
5312,480879,32,3,29,0,0,0,1,0,1,2,0,2,29,3,26,0,0,0,Academy of Salon Professionals,Sedalia,MO,-93.251559,38.690729,0,POINT (-93.251559 38.690729)
5313,480888,268,75,193,4,2,2,115,30,85,98,23,75,51,20,31,0,0,0,CyberTex Institute of Technology,Austin,TX,-97.70303,30.324403,0,POINT (-97.70303 30.324403)
5314,480903,703,643,60,2,2,0,285,256,29,310,282,28,104,101,3,0,0,0,New England Tractor Trailer Training School of CT-Bridgeport,Bridgeport,CT,-73.179406,41.186706,2,POINT (-73.179406 41.186706)
5315,480921,27,23,4,1,1,0,7,7,0,9,7,2,9,7,2,0,0,0,Designer Barber & Stylist School,Ft Smith,AR,-94.370331,35.359477,1,POINT (-94.370331 35.359477)
5316,480930,51,4,47,0,0,0,19,3,16,12,0,12,17,1,16,0,0,0,Paul Mitchell the School-Woodbridge,Woodbridge,VA,-77.293304,38.635367,3,POINT (-77.293304 38.635367)
5317,480967,40,14,26,0,0,0,0,0,0,0,0,0,0,0,0,0,0,0,College of the Muscogee Nation,Okmulgee,OK,-95.936439,35.635288,40,POINT (-95.936439 35.635288)
5318,480976,21,2,19,0,0,0,5,0,5,3,0,3,13,2,11,0,0,0,The Salon Professional Academy-Huntsville,Huntsville,AL,-86.655724,34.736145,0,POINT (-86.655724 34.736145)
5319,480985,33,0,33,0,0,0,2,0,2,3,0,3,25,0,25,0,0,0,Midwives College of Utah,Salt Lake City,UT,-111.857036,40.71089,3,POINT (-111.857036 40.71089)
5320,480994,31,2,29,1,0,1,17,1,16,11,1,10,2,0,2,0,0,0,Aspen Beauty Academy of Laurel,Laurel,MD,-76.822219,39.099633,0,POINT (-76.822219 39.099633)
5321,481003,204,175,29,7,7,0,96,83,13,60,50,10,32,26,6,0,0,0,M T Training Center,Grand Prairie,TX,-97.042564,32.72,9,POINT (-97.042564 32.72)
5322,481021,25,14,11,1,1,0,3,2,1,4,1,3,17,10,7,0,0,0,Berks Career & Technology Center,Leesport,PA,-76.000808,40.388341,0,POINT (-76.000808 40.388341)
5323,481030,12,6,6,0,0,0,0,0,0,0,0,0,5,3,2,7,3,4,Future Generations University,Franklin,WV,-79.405423,38.70907,0,POINT (-79.405423 38.70907)
5324,481049,25,3,22,0,0,0,1,0,1,1,0,1,23,3,20,0,0,0,Carthage R9 School District-Carthage Technical Center,Carthage,MO,-94.30087,37.173927,0,POINT (-94.30087 37.173927)
5325,481058,20,9,11,10,4,6,0,0,0,0,0,0,0,0,0,10,5,5,Grace Mission University,Fullerton,CA,-117.958208,33.867663,0,POINT (-117.958208 33.867663)
5326,481085,52,4,48,1,0,1,38,2,36,10,2,8,3,0,3,0,0,0,Verve College,Oak Brook,IL,-87.984611,41.84402,0,POINT (-87.984611 41.84402)
5327,481094,69,11,58,21,4,17,1,0,1,7,0,7,40,7,33,0,0,0,Sotheby's Institute of Art-NY,New York,NY,-73.972232,40.756988,0,POINT (-73.972232 40.756988)
5328,481100,146,35,111,109,33,76,1,0,1,17,2,15,17,0,17,0,0,0,Top Nails & Hair Beauty School,Taylorsville,UT,-111.940452,40.652683,2,POINT (-111.940452 40.652683)
5329,481128,76,9,67,38,7,31,0,0,0,30,2,28,2,0,2,0,0,0,Santa Ana Beauty College,Santa Ana,CA,-117.895913,33.759423,6,POINT (-117.895913 33.759423)
5330,481137,26,14,12,1,0,1,3,2,1,2,1,1,18,10,8,0,0,0,Shepherds College,Union Grove,WI,-88.062268,42.680369,2,POINT (-88.062268 42.680369)
5331,481146,120,11,109,2,0,2,99,10,89,6,0,6,4,0,4,1,0,1,Woodruff Medical and Wellness Training,Tucker,GA,-84.238614,33.839432,8,POINT (-84.238614 33.839432)
5332,481155,164,40,124,0,0,0,124,28,96,3,0,3,32,11,21,0,0,0,Helms College,Macon,GA,-83.732678,32.803363,5,POINT (-83.732678 32.803363)
5333,481182,27,2,25,2,1,1,1,0,1,10,1,9,10,0,10,0,0,0,Ukiah Adult School,Ukiah,CA,-123.215034,39.160947,4,POINT (-123.215034 39.160947)
5334,481191,271,20,251,3,1,2,29,0,29,199,16,183,31,2,29,0,0,0,Riverside County Office of Education-School of Career Education,Riverside,CA,-117.294699,33.91733,9,POINT (-117.294699 33.91733)
5335,481207,107,22,85,4,2,2,35,5,30,12,3,9,56,12,44,0,0,0,Institute of Health Sciences,Hunt Valley,MD,-76.656295,39.487379,0,POINT (-76.656295 39.487379)
5336,481225,10,5,5,0,0,0,0,0,0,0,0,0,2,2,0,8,3,5,Mid-South Christian College,Memphis,TN,-89.911799,35.064172,0,POINT (-89.911799 35.064172)
5337,481243,216,2,214,3,0,3,18,1,17,43,0,43,147,1,146,0,0,0,New York Institute of Beauty,Islandia,NY,-73.189261,40.80235,5,POINT (-73.189261 40.80235)
5338,481252,23,0,23,0,0,0,15,0,15,4,0,4,4,0,4,0,0,0,Ultrasound Medical Institute,Royal Palm Beach,FL,-80.22826,26.68295,0,POINT (-80.22826 26.68295)
5339,481289,72,13,59,25,7,18,4,0,4,24,3,21,9,1,8,0,0,0,Xavier College School of Nursing,Stockton,CA,-121.293267,37.966315,10,POINT (-121.293267 37.966315)
5340,481298,29,1,28,0,0,0,1,0,1,21,1,20,3,0,3,0,0,0,Lawrence & Company College of Cosmetology,Hanford,CA,-119.637371,36.33339,4,POINT (-119.637371 36.33339)
5341,481313,142,7,135,1,1,0,59,3,56,55,1,54,25,2,23,0,0,0,Kaizen Beauty Academy,Pembroke Pines,FL,-80.255473,26.01028,2,POINT (-80.255473 26.01028)
5342,481322,36,1,35,0,0,0,0,0,0,36,1,35,0,0,0,0,0,0,Southern Texas Careers Academy,McAllen,TX,-98.207283,26.238609,0,POINT (-98.207283 26.238609)
5343,481331,30,21,9,0,0,0,16,13,3,4,3,1,9,4,5,0,0,0,Sharp Edgez Barber Institute,Rochester,NY,-77.637278,43.200074,1,POINT (-77.637278 43.200074)
5344,481340,37,1,36,0,0,0,3,0,3,4,0,4,28,1,27,0,0,0,The Salon Professional Academy-Nashville,Nashville,TN,-86.667242,36.170543,2,POINT (-86.667242 36.170543)
5345,481368,69,3,66,2,0,2,0,0,0,12,0,12,55,3,52,0,0,0,Prestige Health & Beauty Sciences Academy,North Miami Beach,FL,-80.132918,25.931398,0,POINT (-80.132918 25.931398)
5346,481386,53,7,46,9,1,8,6,0,6,30,6,24,5,0,5,0,0,0,California Career Institute,Anaheim,CA,-117.887923,33.816691,3,POINT (-117.887923 33.816691)
5347,481401,90,55,35,3,1,2,9,3,6,5,3,2,10,9,1,0,0,0,Grace School of Theology,Conroe,TX,-95.472493,30.205731,63,POINT (-95.472493 30.205731)
5348,481410,11,11,0,0,0,0,0,0,0,0,0,0,11,11,0,0,0,0,Yeshiva Gedolah Kesser Torah,Monsey,NY,-74.068553,41.124819,0,POINT (-74.068553 41.124819)
5349,481429,39,4,35,5,0,5,27,1,26,5,2,3,2,1,1,0,0,0,Universal Training Institute,Perth Amboy,NJ,-74.269901,40.51034,0,POINT (-74.269901 40.51034)
5350,481438,1,1,0,0,0,0,0,0,0,0,0,0,1,1,0,0,0,0,Yeshiva Yesodei Hatorah,Lakewood,NJ,-74.202016,40.065908,0,POINT (-74.202016 40.065908)
5351,481447,20,1,19,0,0,0,2,0,2,1,1,0,13,0,13,0,0,0,Center for the Healing Arts,Voorhees,NJ,-75.0,39.851623,4,POINT (-75 39.851623)
5352,481456,13,1,12,0,0,0,0,0,0,2,0,2,11,1,10,0,0,0,Bonnie Joseph Academy of Cosmetology & Barbering,Heber City,UT,-111.413846,40.505437,0,POINT (-111.413846 40.505437)
5353,481465,56,5,51,1,1,0,44,0,44,3,0,3,6,2,4,0,0,0,Healthcare Training Institute,Kenner,LA,-90.239271,30.001705,2,POINT (-90.239271 30.001705)
5354,481474,93,0,93,7,0,7,4,0,4,28,0,28,39,0,39,1,0,1,J D Academy of Salon and Spa,Danville,CA,-121.995828,37.818164,14,POINT (-121.995828 37.818164)
5355,481483,298,11,287,5,0,5,82,2,80,51,3,48,103,4,99,29,0,29,Boca Beauty Academy,Boca Raton,FL,-80.167216,26.366888,28,POINT (-80.167216 26.366888)
5356,481508,39,2,37,0,0,0,2,0,2,3,0,3,33,2,31,0,0,0,Paul Mitchell the School-Jersey Shore,Brick,NJ,-74.143713,40.062647,1,POINT (-74.143713 40.062647)
5357,481517,62,2,60,0,0,0,1,0,1,7,0,7,51,1,50,0,0,0,City Pointe Beauty Academy,Webb City,MO,-94.473433,37.140007,3,POINT (-94.473433 37.140007)
5358,481526,160,2,158,3,0,3,61,2,59,8,0,8,65,0,65,0,0,0,The Chrysm Institute of Esthetics,Virginia Beach,VA,-76.13732,36.84521,23,POINT (-76.13732 36.84521)
5359,481535,5,1,4,0,0,0,1,1,0,0,0,0,0,0,0,4,0,4,Sanford Burnham Prebys Medical Discovery Institute,La Jolla,CA,-117.241748,32.900056,0,POINT (-117.241748 32.900056)
5360,481571,4,2,2,0,0,0,1,0,1,2,1,1,1,1,0,0,0,0,Belle Academy of Cosmetology LLC,Waterbury,CT,-73.055819,41.59749,0,POINT (-73.055819 41.59749)
5361,481678,35,3,32,0,0,0,24,2,22,0,0,0,5,0,5,0,0,0,Empire Beauty School-Augusta,Augusta,GA,-82.066289,33.516811,6,POINT (-82.066289 33.516811)
5362,481739,30,0,30,0,0,0,5,0,5,11,0,11,9,0,9,0,0,0,Empire Beauty School-Vernon Hills,Vernon Hills,IL,-87.958698,42.241767,5,POINT (-87.958698 42.241767)
5363,481748,64,1,63,0,0,0,40,0,40,9,1,8,3,0,3,0,0,0,Empire Beauty School-Stone Park,Stone Park,IL,-87.871263,41.907282,12,POINT (-87.871263 41.907282)
5364,481775,112,32,80,5,3,2,26,5,21,56,15,41,19,7,12,0,0,0,San Joaquin Valley College-Lancaster,Lancaster,CA,-118.148431,34.648563,6,POINT (-118.148431 34.648563)
5365,481845,41,0,41,0,0,0,17,0,17,5,0,5,17,0,17,0,0,0,Empire Beauty School-Rochester,Rochester,NY,-77.726297,43.216013,2,POINT (-77.726297 43.216013)
5366,481863,65,2,63,0,0,0,8,1,7,9,1,8,40,0,40,0,0,0,Ross Medical Education Center-Kokomo,Kokomo,IN,-86.129996,40.444807,8,POINT (-86.129996 40.444807)
5367,481890,95,2,93,0,0,0,8,0,8,8,0,8,61,0,61,1,0,1,Ross Medical Education Center-Erlanger,Erlanger,KY,-84.615734,39.030899,17,POINT (-84.615734 39.030899)
5368,481906,75,12,63,0,0,0,19,5,14,2,0,2,49,6,43,0,0,0,Ross Medical Education Center-Charleston,Charleston,WV,-81.567573,38.310312,5,POINT (-81.567573 38.310312)
5369,481960,104,67,37,9,8,1,16,8,8,32,22,10,28,17,11,0,0,0,InterCoast Colleges-Fairfield,Fairfield,CA,-122.147995,38.212134,19,POINT (-122.147995 38.212134)
5370,482015,651,420,231,4,3,1,81,45,36,338,221,117,204,134,70,0,0,0,Southern Careers Institute-San Antonio,San Antonio,TX,-98.627397,29.4585,24,POINT (-98.627397 29.4585)
5371,482060,168,7,161,4,1,3,6,0,6,122,6,116,27,0,27,0,0,0,Milan Institute-Merced,Merced,CA,-120.481067,37.322518,9,POINT (-120.481067 37.322518)
5372,482097,441,262,179,1,1,0,16,8,8,15,8,7,378,230,148,4,1,3,Midwest Technical Institute-Missouri,Springfield,MO,-93.256356,37.147663,27,POINT (-93.256356 37.147663)
5373,482149,2412,776,1636,183,77,106,479,123,356,170,63,107,1384,434,950,27,13,14,Augusta University,Augusta,GA,-81.989071,33.47037,169,POINT (-81.989071 33.47037)
5374,482158,1359,534,825,40,20,20,405,119,286,51,21,30,784,336,448,27,18,9,Middle Georgia State University,Macon,GA,-83.732058,32.808092,52,POINT (-83.732058 32.808092)
5375,482167,188,0,188,0,0,0,177,0,177,6,0,6,3,0,3,0,0,0,Trenz Beauty Academy,Calumet City,IL,-87.529507,41.615676,2,POINT (-87.529507 41.615676)
5376,482176,97,4,93,2,0,2,0,0,0,24,2,22,66,2,64,0,0,0,Paul Mitchell the School-Denver,Lakewood,CO,-105.077283,39.70898,5,POINT (-105.077283 39.70898)
5377,482185,70,43,27,5,2,3,3,1,2,1,1,0,41,24,17,2,2,0,Academy of Interactive Entertainment,Seattle,WA,-122.351158,47.621224,18,POINT (-122.351158 47.621224)
5378,482194,110,24,86,5,1,4,17,1,16,18,5,13,45,14,31,0,0,0,Arrojo Cosmetology School,New York,NY,-74.005007,40.72765,25,POINT (-74.005007 40.72765)
5379,482200,55,24,31,0,0,0,34,18,16,2,2,0,19,4,15,0,0,0,Cosmetology Academy of Texarkana,Texarkana,TX,-94.132583,33.457096,0,POINT (-94.132583 33.457096)
5380,482228,56,34,22,0,0,0,2,1,1,3,2,1,47,28,19,1,1,0,Veritas Baptist College,Greendale,IN,-84.82617,39.145234,3,POINT (-84.82617 39.145234)
5381,482246,50,44,6,0,0,0,5,4,1,2,1,1,41,37,4,0,0,0,Lynnes Welding Training,Fargo,ND,-96.823617,46.879868,2,POINT (-96.823617 46.879868)
5382,482255,154,140,14,20,15,5,17,15,2,48,44,4,53,51,2,0,0,0,Aviation Institute of Maintenance-Las Vegas,Las Vegas,NV,-115.118122,36.083117,16,POINT (-115.118122 36.083117)
5383,482291,755,288,467,8,5,3,22,7,15,147,48,99,22,2,20,0,0,0,UEI College-Bakersfield,Bakersfield,CA,-119.049925,35.381617,556,POINT (-119.049925 35.381617)
5384,482413,425,214,211,41,19,22,93,46,47,92,47,45,116,64,52,31,15,16,DeVry College of New York,New York,NY,-73.983492,40.747747,52,POINT (-73.983492 40.747747)
5385,482422,93,66,27,4,2,2,10,9,1,24,14,10,42,31,11,0,0,0,DeVry University-Arizona,Phoenix,AZ,-112.104601,33.565758,13,POINT (-112.104601 33.565758)
5386,482431,614,397,217,115,74,41,55,34,21,187,118,69,174,118,56,29,17,12,DeVry University-California,Ontario,CA,-117.5876,34.068481,54,POINT (-117.5876 34.068481)
5387,482440,36,14,22,2,1,1,2,2,0,6,1,5,22,9,13,0,0,0,DeVry University-Colorado,Westminster,CO,-105.008901,39.91934,4,POINT (-105.008901 39.91934)
5388,482459,175,84,91,3,2,1,38,17,21,46,24,22,66,33,33,8,0,8,DeVry University-Florida,Miramar,FL,-80.345097,25.97687,14,POINT (-80.345097 25.97687)
5389,482468,265,110,155,8,2,6,136,54,82,18,8,10,68,32,36,5,2,3,DeVry University-Georgia,Decatur,GA,-84.297316,33.775112,30,POINT (-84.297316 33.775112)
5390,482477,6865,2197,4668,369,174,195,1492,345,1147,964,335,629,3248,1091,2157,52,22,30,DeVry University-Illinois,Naperville,IL,-88.126334,41.799874,740,POINT (-88.126334 41.799874)
5391,482486,11,6,5,0,0,0,2,2,0,3,2,1,4,1,3,0,0,0,DeVry University-Indiana,Merrillville,IN,-87.326866,41.464405,2,POINT (-87.326866 41.464405)
5392,482538,18,14,4,0,0,0,1,1,0,1,1,0,16,12,4,0,0,0,DeVry University-Missouri,Kansas City,MO,-94.575014,38.939506,0,POINT (-94.575014 38.939506)
5393,482547,12,9,3,4,4,0,3,3,0,2,2,0,3,0,3,0,0,0,DeVry University-Nevada,Henderson,NV,-115.096601,36.020266,0,POINT (-115.096601 36.020266)
5394,482556,67,42,25,5,5,0,10,4,6,25,16,9,19,14,5,4,1,3,DeVry University-New Jersey,Iselin,NJ,-74.311372,40.557503,4,POINT (-74.311372 40.557503)
5395,482565,11,1,10,0,0,0,6,1,5,1,0,1,1,0,1,0,0,0,DeVry University-North Carolina,Charlotte,NC,-80.931971,35.13766,3,POINT (-80.931971 35.13766)
5396,482574,125,77,48,4,2,2,22,9,13,4,3,1,84,56,28,0,0,0,DeVry University-Ohio,Columbus,OH,-82.906219,40.046679,11,POINT (-82.906219 40.046679)
5397,482608,61,26,35,2,1,1,11,2,9,7,1,6,31,18,13,0,0,0,DeVry University-Pennsylvania,Ft. Washington,PA,-75.183609,40.135214,10,POINT (-75.183609 40.135214)
5398,482617,7,6,1,0,0,0,0,0,0,3,3,0,2,1,1,0,0,0,DeVry University-Tennessee,Nashville,TN,-86.697403,36.083795,2,POINT (-86.697403 36.083795)
5399,482635,126,74,52,3,2,1,30,12,18,28,19,9,50,32,18,0,0,0,DeVry University-Texas,Irving,TX,-97.012494,32.934524,15,POINT (-97.012494 32.934524)
5400,482653,84,44,40,4,3,1,26,14,12,7,1,6,25,14,11,9,5,4,DeVry University-Virginia,Arlington,VA,-77.049759,38.861096,13,POINT (-77.049759 38.861096)
5401,482680,3108,1152,1956,96,32,64,127,36,91,401,139,262,2301,868,1433,40,23,17,University of North Georgia,Dahlonega,GA,-83.985694,34.530219,143,POINT (-83.985694 34.530219)
5402,482699,448,146,302,4,2,2,78,20,58,32,9,23,318,109,209,4,2,2,South Georgia State College,Douglas,GA,-82.855231,31.495903,12,POINT (-82.855231 31.495903)
5403,482705,3363,1450,1913,189,63,126,155,53,102,159,41,118,927,359,568,1691,835,856,Northeastern University Professional Programs,Boston,MA,-71.088782,42.339992,242,POINT (-71.088782 42.339992)
5404,482936,274,227,47,16,15,1,12,9,3,53,45,8,163,139,24,16,13,3,Florida Polytechnic University,Lakeland,FL,-81.845995,28.150149,14,POINT (-81.845995 28.150149)
5405,482963,126,13,113,2,0,2,14,5,9,27,1,26,74,7,67,1,0,1,American Institute-Toms River,Toms River,NJ,-74.220894,40.044556,8,POINT (-74.220894 40.044556)
5406,482981,78,58,20,2,1,1,20,16,4,48,36,12,3,1,2,0,0,0,Alamo City Barber College,San Antonio,TX,-98.639532,29.52717,5,POINT (-98.639532 29.52717)
5407,482990,229,20,209,5,1,4,26,1,25,71,6,65,73,10,63,1,1,0,Arizona College-Mesa,Mesa,AZ,-111.873428,33.418374,53,POINT (-111.873428 33.418374)
5408,483009,129,9,120,0,0,0,5,0,5,123,9,114,0,0,0,0,0,0,American College of Healthcare and Technology,Huntington Park,CA,-118.224752,33.98271,1,POINT (-118.224752 33.98271)
5409,483018,6,4,2,0,0,0,2,1,1,1,0,1,3,3,0,0,0,0,Antioch College,Yellow Springs,OH,-83.888077,39.799806,0,POINT (-83.888077 39.799806)
5410,483036,766,286,480,24,8,16,194,67,127,195,80,115,313,114,199,2,0,2,Texas A&M University-Central Texas,Killeen,TX,-97.775182,31.053407,38,POINT (-97.775182 31.053407)
5411,483045,3567,1526,2041,43,25,18,1577,592,985,170,92,78,1678,769,909,10,8,2,Central Georgia Technical College,Warner Robins,GA,-83.66765,32.545341,89,POINT (-83.66765 32.545341)
5412,483054,50,40,10,0,0,0,14,12,2,3,3,0,32,24,8,0,0,0,Barber School of Pittsburgh,Pittsburgh,PA,-80.03416,40.441863,1,POINT (-80.03416 40.441863)
5413,483106,145,19,126,4,2,2,31,1,30,42,7,35,50,4,46,0,0,0,Innovate Salon Academy,South Plainfield,NJ,-74.426739,40.550944,18,POINT (-74.426739 40.550944)
5414,483124,12396,4120,8276,534,181,353,815,251,564,2343,729,1614,7522,2575,4947,86,50,36,Arizona State University Digital Immersion,Scottsdale,AZ,-111.924487,33.463517,1096,POINT (-111.924487 33.463517)
5415,483212,808,247,561,8,2,6,278,58,220,36,14,22,412,159,253,2,0,2,Louisiana Delta Community College,Monroe,LA,-92.032664,32.49637,72,POINT (-92.032664 32.49637)
5416,483221,43,18,25,1,1,0,0,0,0,2,0,2,1,0,1,39,17,22,Learnet Academy Inc,Los Angeles,CA,-118.293165,34.063934,0,POINT (-118.293165 34.063934)
5417,483230,205,203,2,2,2,0,3,3,0,49,49,0,117,115,2,0,0,0,The Fab School,Rancho Cucamonga,CA,-117.555168,34.079866,34,POINT (-117.555168 34.079866)
5418,483258,24,19,5,0,0,0,21,16,5,3,3,0,0,0,0,0,0,0,Networks Barber College,Calumet City,IL,-87.539813,41.621587,0,POINT (-87.539813 41.621587)
5419,483276,83,65,18,0,0,0,61,47,14,13,10,3,9,8,1,0,0,0,JB's Hair Design and Barber College,Oklahoma City,OK,-97.52838,35.405519,0,POINT (-97.52838 35.405519)
5420,483328,66,6,60,0,0,0,4,0,4,18,2,16,41,3,38,0,0,0,Paul Mitchell the School-Lombard,Lombard,IL,-88.008159,41.839535,3,POINT (-88.008159 41.839535)
5421,483337,68,3,65,0,0,0,13,0,13,1,1,0,47,2,45,0,0,0,Paul Mitchell the School-Greenville,Greenville,SC,-82.288377,34.824899,7,POINT (-82.288377 34.824899)
5422,483346,57,4,53,3,2,1,22,2,20,8,0,8,16,0,16,0,0,0,Barber and Beauty Academy of Pennsylvania,Harrisburg,PA,-76.825509,40.27505,8,POINT (-76.825509 40.27505)
5423,483355,130,2,128,2,0,2,65,1,64,3,0,3,55,1,54,0,0,0,Delta College of Arts & Technology-Lafayette Campus,Lafayette,LA,-92.041847,30.158184,5,POINT (-92.041847 30.158184)
5424,483364,97,7,90,3,0,3,50,4,46,4,0,4,39,3,36,0,0,0,Delta College-Slidell Campus,Slidell,LA,-89.78043,30.286052,1,POINT (-89.78043 30.286052)
5425,483373,32,3,29,4,0,4,4,1,3,21,1,20,1,0,1,0,0,0,Integrity College of Health,Pasadena,CA,-118.131722,34.171252,2,POINT (-118.131722 34.171252)
5426,483382,242,232,10,5,5,0,58,55,3,67,65,2,100,96,4,0,0,0,Electrical and HVAC/R Training Center,Copiague,NY,-73.404943,40.680471,12,POINT (-73.404943 40.680471)
5427,483425,42,0,42,2,0,2,6,0,6,1,0,1,26,0,26,0,0,0,Alexander Paul Institute of Hair Design,Greenville,NC,-77.371696,35.604962,7,POINT (-77.371696 35.604962)
5428,483443,500,409,91,230,184,46,41,37,4,84,70,14,69,53,16,0,0,0,California Technical Academy,Riverside,CA,-117.339245,34.002717,76,POINT (-117.339245 34.002717)
5429,483470,32,3,29,0,0,0,0,0,0,32,3,29,0,0,0,0,0,0,More Tech Institute,Hialeah,FL,-80.30405,25.8659,0,POINT (-80.30405 25.8659)
5430,483504,170,25,145,1,0,1,121,10,111,10,0,10,28,12,16,0,0,0,Dorsey College-Dearborn,Detroit,MI,-83.219356,42.330658,10,POINT (-83.219356 42.330658)
5431,483513,41,22,19,0,0,0,8,5,3,20,11,9,10,4,6,0,0,0,Neecee's Barber College,Abilene,TX,-99.745008,32.400984,3,POINT (-99.745008 32.400984)
5432,483559,31,6,25,0,0,0,9,3,6,6,2,4,16,1,15,0,0,0,Bella Cosmetology and Barber College,Greenville,TX,-96.107802,33.119725,0,POINT (-96.107802 33.119725)
5433,483577,14,1,13,3,1,2,4,0,4,0,0,0,6,0,6,0,0,0,Franklin Hair Academy School of Cosmetology,Franklin,TN,-86.880233,35.932691,1,POINT (-86.880233 35.932691)
5434,483595,139,40,99,0,0,0,5,1,4,128,38,90,2,0,2,0,0,0,Ana G. Mendez University,Orlando,FL,-81.30843,28.482195,4,POINT (-81.30843 28.482195)
5435,483647,21,1,20,0,0,0,9,0,9,1,1,0,11,0,11,0,0,0,Ohio Institute of Allied Health,Huber Heights,OH,-84.14076,39.84549,0,POINT (-84.14076 39.84549)
5436,483708,553,49,504,38,7,31,269,20,249,151,13,138,58,5,53,0,0,0,Access Careers,Hempstead,NY,-73.61531,40.709502,37,POINT (-73.61531 40.709502)
5437,483726,12,0,12,0,0,0,9,0,9,1,0,1,2,0,2,0,0,0,Luckes Beauty Academy LLC,Newport  News,VA,-76.457022,37.08367,0,POINT (-76.457022 37.08367)
5438,483735,25,1,24,1,0,1,0,0,0,9,0,9,14,1,13,0,0,0,Total Transformation Institute of Cosmetology,San Marcos,TX,-97.920002,29.882696,1,POINT (-97.920002 29.882696)
5439,483744,22,19,3,0,0,0,20,18,2,0,0,0,0,0,0,0,0,0,Vibe Barber College,Memphis,TN,-90.036149,35.165189,2,POINT (-90.036149 35.165189)
5440,483753,14,13,1,0,0,0,6,5,1,3,3,0,2,2,0,0,0,0,Champ's Barber School,Lancaster,PA,-76.307594,40.037616,3,POINT (-76.307594 40.037616)
5441,483780,125,95,30,1,1,0,0,0,0,0,0,0,0,0,0,118,91,27,IGlobal University,Vienna,VA,-77.227315,38.915226,6,POINT (-77.227315 38.915226)
5442,483799,18,4,14,2,0,2,1,0,1,0,0,0,15,4,11,0,0,0,East-West Healing Arts Institute,Madison,WI,-89.491041,43.056,0,POINT (-89.491041 43.056)
5443,483814,208,25,183,24,3,21,160,19,141,7,1,6,14,2,12,0,0,0,Standard Healthcare Services-College of Nursing,Falls Church,VA,-77.210082,38.908263,3,POINT (-77.210082 38.908263)
5444,483823,349,238,111,0,0,0,284,192,92,36,27,9,19,11,8,0,0,0,Philadelphia Technician Training,Philadelphia,PA,-75.157038,40.068722,10,POINT (-75.157038 40.068722)
5445,483841,126,5,121,120,5,115,0,0,0,6,0,6,0,0,0,0,0,0,Grace International Beauty School,Flushing,NY,-73.828461,40.75904,0,POINT (-73.828461 40.75904)
5446,483850,31,3,28,9,1,8,15,2,13,6,0,6,1,0,1,0,0,0,Alliance Computing Solutions,Flushing,NY,-73.831481,40.76156,0,POINT (-73.831481 40.76156)
5447,483869,169,43,126,0,0,0,0,0,0,148,33,115,0,0,0,21,10,11,InterAmerican Technical Institute,Miami,FL,-80.350943,25.760656,0,POINT (-80.350943 25.760656)
5448,483878,74,6,68,19,1,18,13,1,12,25,4,21,9,0,9,0,0,0,Bay Area Medical Academy,San Francisco,CA,-122.406318,37.790775,8,POINT (-122.406318 37.790775)
5449,483887,38,9,29,0,0,0,6,2,4,1,0,1,30,6,24,0,0,0,Mind Body Institute,Madison,TN,-86.706249,36.29177,1,POINT (-86.706249 36.29177)
5450,483896,230,5,225,3,0,3,130,4,126,20,1,19,72,0,72,0,0,0,Parisian Spa Institute,Jacksonville,FL,-81.677501,30.31314,5,POINT (-81.677501 30.31314)
5451,483911,6,0,6,0,0,0,1,0,1,0,0,0,5,0,5,0,0,0,Creative Touch Cosmetology School,Waterloo,IL,-90.146194,38.335231,0,POINT (-90.146194 38.335231)
5452,483920,115,54,61,0,0,0,93,42,51,7,4,3,14,8,6,0,0,0,LaBarberia Institute of Hair,Mayfield Hts,OH,-81.450649,41.5161,1,POINT (-81.450649 41.5161)
5453,483948,14,8,6,0,0,0,14,8,6,0,0,0,0,0,0,0,0,0,Bos-Man's Barber College,Shreveport,LA,-93.782849,32.442955,0,POINT (-93.782849 32.442955)
5454,483957,26,3,23,0,0,0,0,0,0,19,3,16,6,0,6,0,0,0,Lawrence & Company College of Cosmetology,Selma,CA,-119.611752,36.570318,1,POINT (-119.611752 36.570318)
5455,483975,155,84,71,42,20,22,7,4,3,13,5,8,91,54,37,0,0,0,Alabama College of Osteopathic Medicine,Dothan,AL,-85.340805,31.206294,2,POINT (-85.340805 31.206294)
5456,484002,595,53,542,23,3,20,101,9,92,324,26,298,113,14,99,0,0,0,High Desert Medical College,Lancaster,CA,-118.144328,34.67613,34,POINT (-118.144328 34.67613)
5457,484011,102,29,73,0,0,0,5,3,2,3,0,3,16,2,14,0,0,0,Paul Mitchell the School-Schenectady,Schenectady,NY,-73.941968,42.813241,78,POINT (-73.941968 42.813241)
5458,484020,12,11,1,0,0,0,12,11,1,0,0,0,0,0,0,0,0,0,Beyond Measure Barbering Institute,Mebane,NC,-79.276539,36.098405,0,POINT (-79.276539 36.098405)
5459,484039,43,19,24,0,0,0,25,13,12,10,2,8,6,2,4,1,1,0,McDougle Technical  Institute,Pompano Beach,FL,-80.101821,26.25646,1,POINT (-80.101821 26.25646)
5460,484048,27,21,6,0,0,0,19,16,3,5,4,1,3,1,2,0,0,0,Barber Institute of Texas,Longview,TX,-94.732635,32.46297,0,POINT (-94.732635 32.46297)
5461,484057,273,11,262,153,10,143,57,0,57,22,0,22,15,1,14,0,0,0,Jupiter Beauty Academy,Boston,MA,-71.057468,42.305343,26,POINT (-71.057468 42.305343)
5462,484066,361,21,340,3,0,3,93,5,88,28,2,26,215,12,203,0,0,0,MedQuest College,Louisville,KY,-85.560651,38.224517,22,POINT (-85.560651 38.224517)
5463,484075,19,14,5,1,1,0,10,7,3,3,2,1,4,3,1,0,0,0,First Coast Barber Academy,Jacksonville,FL,-81.660201,30.33211,1,POINT (-81.660201 30.33211)
5464,484084,38,1,37,0,0,0,7,0,7,7,0,7,24,1,23,0,0,0,Debutantes School of Cosmetology and Nail Technology,Dekalb,IL,-88.751471,41.93057,0,POINT (-88.751471 41.93057)
5465,484093,66,2,64,0,0,0,16,0,16,2,0,2,41,2,39,0,0,0,Paul Mitchell The School-Farmington Hills,Farmington Hills,MI,-83.357682,42.498205,7,POINT (-83.357682 42.498205)
5466,484109,51,1,50,0,0,0,1,0,1,9,0,9,40,1,39,0,0,0,Paul Mitchell the School-Merrillville,Merrillville,IN,-87.336518,41.47368,1,POINT (-87.336518 41.47368)
5467,484127,63,15,48,4,1,3,3,1,2,11,1,10,44,11,33,1,1,0,Ricci's Toni & Guy Hairdressing Academy/TIGI Creative School,Newtown,CT,-73.290525,41.392938,0,POINT (-73.290525 41.392938)
5468,484136,25,2,23,1,1,0,15,0,15,4,1,3,0,0,0,0,0,0,Yahweh Beauty Academy,Killeen,TX,-97.700269,31.112893,5,POINT (-97.700269 31.112893)
5469,484163,103,19,84,1,0,1,8,2,6,21,3,18,65,11,54,0,0,0,Arizona School of Integrative Studies,Tucson,AZ,-110.969111,32.23013,8,POINT (-110.969111 32.23013)
5470,484172,53,13,40,0,0,0,0,0,0,53,13,40,0,0,0,0,0,0,Lee Professional Institute,Fort Myers,FL,-81.851331,26.60411,0,POINT (-81.851331 26.60411)
5471,484190,17,15,2,0,0,0,15,13,2,0,0,0,1,1,0,0,0,0,Park Place Premier Barber School,New Orleans,LA,-90.061019,29.997288,1,POINT (-90.061019 29.997288)
5472,484206,106,1,105,14,0,14,2,0,2,48,0,48,27,1,26,0,0,0,The Salon Professional Academy-San Jose,San Jose,CA,-121.989475,37.292025,15,POINT (-121.989475 37.292025)
5473,484233,160,120,40,0,0,0,20,20,0,91,70,21,46,27,19,0,0,0,Tri-Community Adult Education,Covina,CA,-117.887096,34.104391,3,POINT (-117.887096 34.104391)
5474,484330,20,1,19,0,0,0,3,1,2,1,0,1,15,0,15,0,0,0,Ross Medical Education Center-Owensboro,Owensboro,KY,-87.119243,37.72084,1,POINT (-87.119243 37.72084)
5475,484349,61,4,57,0,0,0,9,0,9,2,0,2,48,4,44,0,0,0,Ross Medical Education Center-Evansville,Evansville,IN,-87.490569,37.978574,2,POINT (-87.490569 37.978574)
5476,484358,63,4,59,1,0,1,1,0,1,1,0,1,52,3,49,0,0,0,Ross Medical Education Center-Johnson City,Johnson City,TN,-82.383171,36.35971,8,POINT (-82.383171 36.35971)
5477,484367,167,13,154,8,1,7,3,0,3,125,7,118,12,0,12,0,0,0,North-West College-Anaheim,Anaheim,CA,-117.959766,33.839313,19,POINT (-117.959766 33.839313)
5478,484376,280,36,244,34,6,28,27,1,26,155,22,133,13,1,12,0,0,0,North-West College-Long Beach,Long Beach,CA,-118.14854,33.801894,51,POINT (-118.14854 33.801894)
5479,484394,92,15,77,0,0,0,2,1,1,12,3,9,74,9,65,0,0,0,Taylor Andrews Academy of Hair Design-Provo,Provo,UT,-111.669298,40.261578,4,POINT (-111.669298 40.261578)
5480,484473,850,342,508,22,7,15,49,16,33,187,76,111,513,213,300,6,4,2,University of Florida-Online,Gainesville,FL,-82.339848,29.649413,73,POINT (-82.339848 29.649413)
5481,484604,470,12,458,5,0,5,289,6,283,94,4,90,44,2,42,0,0,0,Ogle School Hair Skin Nails-Stafford,Stafford,TX,-95.588371,29.63502,38,POINT (-95.588371 29.63502)
5482,484613,27349,8534,18815,526,176,350,6451,1450,5001,3394,1100,2294,7973,2649,5324,36,23,13,University of Phoenix-Arizona,Phoenix,AZ,-112.012761,33.41128,8969,POINT (-112.012761 33.41128)
5483,484631,1432,841,591,77,33,44,159,77,82,336,180,156,231,158,73,2,1,1,University of Phoenix-California,Ontario,CA,-117.58377,34.065748,627,POINT (-117.58377 34.065748)
5484,484710,60,36,24,1,1,0,13,7,6,5,3,2,17,10,7,0,0,0,University of Phoenix-Nevada,Las Vegas,NV,-115.322506,36.12164,24,POINT (-115.322506 36.12164)
5485,484756,118,69,49,1,0,1,37,17,20,18,7,11,16,15,1,0,0,0,University of Phoenix-Texas,Houston,TX,-95.585258,29.7837,46,POINT (-95.585258 29.7837)
5486,484826,52,1,51,6,0,6,5,0,5,3,0,3,33,1,32,0,0,0,Tint School of Makeup & Cosmetology-Seattle,Seattle,WA,-122.343804,47.612248,5,POINT (-122.343804 47.612248)
5487,484835,90,19,71,0,0,0,0,0,0,90,19,71,0,0,0,0,0,0,CEM College-Mayaguez,Mayaguez,PR,-67.146379,18.199097,0,POINT (-67.146379 18.199097)
5488,484844,177,95,82,5,1,4,0,0,0,3,0,3,14,7,7,149,86,63,Minerva University,San Francisco,CA,-122.413359,37.779526,6,POINT (-122.413359 37.779526)
5489,484862,68,25,43,3,2,1,10,2,8,6,2,4,35,11,24,0,0,0,University of West Los Angeles,Inglewood,CA,-118.36957,33.947341,14,POINT (-118.36957 33.947341)
5490,484871,14,14,0,0,0,0,0,0,0,0,0,0,14,14,0,0,0,0,Rabbinical College Ohr Yisroel,Brooklyn,NY,-73.896524,40.629707,0,POINT (-73.896524 40.629707)
5491,484899,94,3,91,3,0,3,4,0,4,25,2,23,41,0,41,0,0,0,Aveda Institute-Phoenix,Tempe,AZ,-111.968721,33.338893,21,POINT (-111.968721 33.338893)
5492,484905,1067,315,752,29,14,15,305,71,234,481,131,350,163,76,87,56,13,43,University of North Texas at Dallas,Dallas,TX,-96.803446,32.659588,33,POINT (-96.803446 32.659588)
5493,484923,69,1,68,4,0,4,13,0,13,20,1,19,31,0,31,0,0,0,Dermal Science International Aesthetics and Nail Academy,Reston,VA,-77.337967,38.952045,1,POINT (-77.337967 38.952045)
5494,484932,335,113,222,4,2,2,8,2,6,7,4,3,308,103,205,0,0,0,BridgeValley Community & Technical College,South  Charleston,WV,-81.6983,38.353846,8,POINT (-81.6983 38.353846)
5495,484950,87,5,82,0,0,0,2,0,2,14,3,11,64,2,62,0,0,0,Northwest College-Medford,Medford,OR,-122.852524,42.369051,7,POINT (-122.852524 42.369051)
5496,484996,63,1,62,8,0,8,10,0,10,43,1,42,2,0,2,0,0,0,Houston Training Schools-Gessner,Houston,TX,-95.540324,29.72401,0,POINT (-95.540324 29.72401)
5497,485014,35,2,33,2,0,2,18,1,17,3,0,3,10,1,9,0,0,0,Empire Beauty School-Buffalo,Cheektowaga,NY,-78.755118,42.908206,2,POINT (-78.755118 42.908206)
5498,485032,57,1,56,0,0,0,21,0,21,2,0,2,28,1,27,0,0,0,Paul Mitchell the School-Toledo,Sylvania,OH,-83.668124,41.706636,6,POINT (-83.668124 41.706636)
5499,485111,1992,672,1320,45,22,23,782,244,538,153,54,99,902,304,598,12,8,4,Georgia Military College,Milledgeville,GA,-83.224211,33.07944,98,POINT (-83.224211 33.07944)
5500,485139,92,72,20,2,2,0,43,31,12,21,18,3,21,19,2,0,0,0,SAE Institute of Technology-Chicago,Chicago,IL,-87.637674,41.897213,5,POINT (-87.637674 41.897213)
5501,485166,42,4,38,1,0,1,2,0,2,7,2,5,31,2,29,0,0,0,Beau Monde Academy of Barbering and Cosmetology,Portland,OR,-122.65456,45.531839,1,POINT (-122.65456 45.531839)
5502,485236,72,0,72,0,0,0,31,0,31,2,0,2,37,0,37,0,0,0,Fountain of Youth Academy of Cosmetology,Bellevue,PA,-80.058705,40.497532,2,POINT (-80.058705 40.497532)
5503,485272,279,40,239,7,2,5,32,2,30,192,29,163,29,5,24,0,0,0,West Coast University-Miami,Doral,FL,-80.347651,25.81071,19,POINT (-80.347651 25.81071)
5504,485306,24,2,22,0,0,0,0,0,0,4,1,3,18,0,18,0,0,0,All Beauty College,Kingman,AZ,-114.021332,35.19159,2,POINT (-114.021332 35.19159)
5505,485342,299,168,131,4,1,3,41,25,16,106,62,44,136,74,62,0,0,0,Aparicio-Levy Technical College,Tampa,FL,-82.332285,27.990625,12,POINT (-82.332285 27.990625)
5506,485360,22,1,21,5,1,4,9,0,9,7,0,7,1,0,1,0,0,0,The Vocational Nursing Institute Inc,Houston,TX,-95.587085,29.903883,0,POINT (-95.587085 29.903883)
5507,485379,256,40,216,3,0,3,65,13,52,120,23,97,8,0,8,1,0,1,Hollywood Institute of Beauty Careers-West Palm Beach,West Palm Beach,FL,-80.057435,26.649613,59,POINT (-80.057435 26.649613)
5508,485388,282,16,266,1,0,1,87,7,80,148,8,140,34,1,33,0,0,0,Hollywood Institute of Beauty Careers-Casselberry,Casselberry,FL,-81.321511,28.633003,12,POINT (-81.321511 28.633003)
5509,485397,48,4,44,0,0,0,43,4,39,2,0,2,0,0,0,0,0,0,Empire Beauty School-Cheltenham,Wyncote,PA,-75.16864,40.082265,3,POINT (-75.16864 40.082265)
5510,485403,45,24,21,6,4,2,3,1,2,10,7,3,23,11,12,0,0,0,High Tech High Graduate School of Education,San Diego,CA,-117.217661,32.732001,3,POINT (-117.217661 32.732001)
5511,485412,61,5,56,3,0,3,3,1,2,36,2,34,16,2,14,0,0,0,Coachella Valley Beauty College-Hemet,Hemet,CA,-117.010783,33.745675,3,POINT (-117.010783 33.745675)
5512,485458,1563,657,906,26,10,16,270,84,186,94,48,46,1129,503,626,7,1,6,Coastal Pines Technical College,Waycross,GA,-82.3821,31.212781,37,POINT (-82.3821 31.212781)
5513,485476,101,2,99,3,0,3,0,0,0,10,0,10,78,2,76,0,0,0,Studio Beauty School,Spokane Valley,WA,-117.270239,47.657655,10,POINT (-117.270239 47.657655)
5514,485485,191,19,172,0,0,0,12,1,11,168,18,150,6,0,6,2,0,2,Latin Beauty Academy,greenacres,FL,-80.143681,26.64951,3,POINT (-80.143681 26.64951)
5515,485494,55,51,4,1,1,0,17,17,0,26,23,3,10,9,1,0,0,0,Associated Barber College of San Diego,San Diego,CA,-117.159908,32.719318,1,POINT (-117.159908 32.719318)
5516,485500,169,158,11,25,25,0,32,32,0,59,51,8,30,29,1,0,0,0,ABCO Technology,Inglewood,CA,-118.369774,33.932121,23,POINT (-118.369774 33.932121)
5517,485519,142,109,33,0,0,0,32,27,5,25,20,5,78,57,21,1,0,1,Lionel University,Carpinteria,CA,-119.486417,34.38768,6,POINT (-119.486417 34.38768)
5518,485546,63,42,21,10,8,2,30,18,12,9,7,2,12,8,4,0,0,0,California Intercontinental University,Irvine,CA,-117.840674,33.682223,2,POINT (-117.840674 33.682223)
5519,485564,242,18,224,2,0,2,181,13,168,2,0,2,55,5,50,0,0,0,Infinity College,Lafayette,LA,-92.007925,30.212802,2,POINT (-92.007925 30.212802)
5520,485573,166,32,134,0,0,0,3,0,3,26,2,24,135,29,106,0,0,0,Universal Healthcare Careers College,Los Angeles,CA,-118.274771,34.0499,2,POINT (-118.274771 34.0499)
5521,485591,28,1,27,0,0,0,28,1,27,0,0,0,0,0,0,0,0,0,New Beginnings Beauty Academy,Pine Bluff,AR,-92.019193,34.203735,0,POINT (-92.019193 34.203735)
5522,485607,10,1,9,0,0,0,4,0,4,4,0,4,0,0,0,0,0,0,Dolce The Academy,Waterbury,CT,-72.991263,41.540983,2,POINT (-72.991263 41.540983)
5523,485698,13,10,3,0,0,0,0,0,0,0,0,0,13,10,3,0,0,0,American College of the Building Arts,Charleston,SC,-79.946888,32.805094,0,POINT (-79.946888 32.805094)
5524,485704,9,1,8,0,0,0,0,0,0,0,0,0,9,1,8,0,0,0,River Valley School of Massage,Russellville,AR,-93.110811,35.28311,0,POINT (-93.110811 35.28311)
5525,485768,221,69,152,0,0,0,1,1,0,138,37,101,1,1,0,78,28,50,Atlantis University,Miami,FL,-80.18942,25.788978,3,POINT (-80.18942 25.788978)
5526,485801,94,2,92,2,0,2,23,2,21,51,0,51,12,0,12,6,0,6,Westchester School for Medical & Dental Assistants,Ardsley,NY,-73.842769,41.023908,0,POINT (-73.842769 41.023908)
5527,485810,15,13,2,0,0,0,5,5,0,10,8,2,0,0,0,0,0,0,K & G 5 Star Barber College,League City,TX,-95.088354,29.443105,0,POINT (-95.088354 29.443105)
5528,485856,3,1,2,0,0,0,0,0,0,0,0,0,2,1,1,0,0,0,Studio Incamminati,Philadelphia,PA,-75.160105,39.925181,1,POINT (-75.160105 39.925181)
5529,485874,120,5,115,6,1,5,33,1,32,44,0,44,36,3,33,0,0,0,Salon Boutique Academy,Addison,TX,-96.841676,32.954908,1,POINT (-96.841676 32.954908)
5530,485926,83,17,66,0,0,0,0,0,0,83,17,66,0,0,0,0,0,0,GA Beauty & Barber School,McAllen,TX,-98.257166,26.237585,0,POINT (-98.257166 26.237585)
5531,485953,16,14,2,0,0,0,1,0,1,4,4,0,11,10,1,0,0,0,The Recording Conservatory of Austin,Austin,TX,-97.831161,30.360236,0,POINT (-97.831161 30.360236)
5532,485962,18,14,4,0,0,0,15,12,3,0,0,0,3,2,1,0,0,0,VH Barber & Styling Academy,Bossier City,LA,-93.717542,32.517057,0,POINT (-93.717542 32.517057)
5533,485999,11,11,0,0,0,0,0,0,0,0,0,0,11,11,0,0,0,0,Bet Medrash Gadol Ateret Torah,Brooklyn,NY,-73.969945,40.607809,0,POINT (-73.969945 40.607809)
5534,486017,7,7,0,0,0,0,0,0,0,0,0,0,7,7,0,0,0,0,Yeshiva Ohr Yisrael,Brooklyn,NY,-73.944041,40.61359,0,POINT (-73.944041 40.61359)
5535,486026,19,19,0,0,0,0,0,0,0,0,0,0,19,19,0,0,0,0,Yeshiva Sholom Shachna,Brooklyn,NY,-73.973431,40.6275,0,POINT (-73.973431 40.6275)
5536,486053,67,52,15,1,1,0,1,1,0,2,2,0,60,46,14,3,2,1,Bethlehem College & Seminary,Minneapolis,MN,-93.255399,44.968872,0,POINT (-93.255399 44.968872)
5537,486080,3,3,0,0,0,0,0,0,0,1,1,0,2,2,0,0,0,0,Elmezzi Graduate School of Molecular Medicine,Manhasset,NY,-73.702257,40.775582,0,POINT (-73.702257 40.775582)
5538,486105,13,1,12,0,0,0,10,1,9,0,0,0,3,0,3,0,0,0,Professional Academy of Cosmetology,Norristown,PA,-75.332974,40.114113,0,POINT (-75.332974 40.114113)
5539,486123,1,1,0,0,0,0,0,0,0,0,0,0,1,1,0,0,0,0,Theatre of Arts,Hollywood,CA,-118.338144,34.0984,0,POINT (-118.338144 34.0984)
5540,486141,3,0,3,1,0,1,2,0,2,0,0,0,0,0,0,0,0,0,Westchester College of Nursing & Allied Health,Los Angeles,CA,-118.396511,33.95487,0,POINT (-118.396511 33.95487)
5541,486150,101,20,81,1,0,1,38,2,36,23,2,21,39,16,23,0,0,0,Treasure Coast Technical College,Vero Beach,FL,-80.413849,27.678049,0,POINT (-80.413849 27.678049)
5542,486169,34,26,8,1,1,0,11,8,3,5,5,0,17,12,5,0,0,0,American College of Barbering,Louisville,KY,-85.670147,38.084678,0,POINT (-85.670147 38.084678)
5543,486196,2,2,0,0,0,0,0,0,0,0,0,0,2,2,0,0,0,0,Beth Medrash Meor Yitzchok,Monsey,NY,-74.060843,41.100906,0,POINT (-74.060843 41.100906)
5544,486202,18,2,16,0,0,0,0,0,0,0,0,0,18,2,16,0,0,0,Mingo Extended Learning Center,Delbarton,WV,-82.176972,37.677016,0,POINT (-82.176972 37.677016)
5545,486239,106,39,67,0,0,0,0,0,0,32,11,21,0,0,0,74,28,46,San Ignacio University,Doral,FL,-80.367975,25.81067,0,POINT (-80.367975 25.81067)
5546,486248,65,29,36,3,3,0,5,2,3,49,19,30,5,2,3,0,0,0,ZMS The Academy,Los Angeles,CA,-118.209424,34.047305,3,POINT (-118.209424 34.047305)
5547,486257,93,40,53,3,1,2,30,10,20,18,9,9,39,18,21,2,2,0,Valor Christian College,Canal Winchester,OH,-82.829696,39.891571,1,POINT (-82.829696 39.891571)
5548,486284,105,29,76,0,0,0,5,3,2,0,0,0,74,16,58,3,1,2,Bethany Global University,Bloomington,MN,-93.371754,44.795501,23,POINT (-93.371754 44.795501)
5549,486309,3,0,3,0,0,0,0,0,0,0,0,0,3,0,3,0,0,0,Bella Academy of Cosmetology,Manitowoc,WI,-87.696742,44.081385,0,POINT (-87.696742 44.081385)
5550,486345,123,122,1,4,4,0,18,18,0,78,77,1,13,13,0,0,0,0,HVAC Technical Institute,Chicago,IL,-87.733452,41.809897,10,POINT (-87.733452 41.809897)
5551,486354,19,9,10,0,0,0,0,0,0,0,0,0,0,0,0,19,9,10,United International College,Miramar,FL,-80.283123,25.97989,0,POINT (-80.283123 25.97989)
5552,486372,3,1,2,0,0,0,0,0,0,1,0,1,2,1,1,0,0,0,San Francisco Film School,San Francisco,CA,-122.401124,37.791643,0,POINT (-122.401124 37.791643)
5553,486381,28,3,25,1,0,1,5,0,5,6,1,5,16,2,14,0,0,0,Center for Ultrasound Research & Education,White Plains,NY,-73.746486,41.028851,0,POINT (-73.746486 41.028851)
5554,486390,46,33,13,0,0,0,17,11,6,17,13,4,5,5,0,0,0,0,Culinary Tech Center,White Plains,NY,-73.971407,40.756375,7,POINT (-73.971407 40.756375)
5555,486406,3,1,2,0,0,0,0,0,0,0,0,0,3,1,2,0,0,0,Randolph Technical Center,Elkins,WV,-79.852118,38.890857,0,POINT (-79.852118 38.890857)
5556,486415,209,29,180,9,2,7,172,25,147,17,1,16,8,1,7,0,0,0,AMG School of Nursing,Brooklyn,NY,-73.985092,40.701286,3,POINT (-73.985092 40.701286)
5557,486424,30,3,27,0,0,0,29,3,26,0,0,0,1,0,1,0,0,0,Saint Michael College of Allied Health,Washington,DC,-76.980916,38.904414,0,POINT (-76.980916 38.904414)
5558,486433,62,15,47,8,2,6,2,0,2,8,1,7,34,11,23,0,0,0,Presidio Graduate School,San Francisco,CA,-122.400814,37.786891,10,POINT (-122.400814 37.786891)
5559,486442,29,0,29,0,0,0,0,0,0,0,0,0,29,0,29,0,0,0,Sandra Academy of Salon Services,New Tazewell,TN,-83.586525,36.444823,0,POINT (-83.586525 36.444823)
5560,486460,28,5,23,3,1,2,4,0,4,2,0,2,12,3,9,0,0,0,Wright Graduate University for the Realization of Human Potential,Elkhorn,WI,-88.591085,42.767178,7,POINT (-88.591085 42.767178)
5561,486488,11,8,3,0,0,0,2,0,2,1,1,0,8,7,1,0,0,0,California Jazz Conservatory,Berkeley,CA,-122.268878,37.871235,0,POINT (-122.268878 37.871235)
5562,486497,30,23,7,9,7,2,1,1,0,8,6,2,10,8,2,0,0,0,California Barber and Beauty College,San Diego,CA,-117.0814,32.757282,2,POINT (-117.0814 32.757282)
5563,486503,43,0,43,0,0,0,0,0,0,43,0,43,0,0,0,0,0,0,Laredo CHI Academy Beauty School,Laredo,TX,-99.467036,27.575732,0,POINT (-99.467036 27.575732)
5564,486512,88,67,21,0,0,0,0,0,0,88,67,21,0,0,0,0,0,0,Florida International Training Institute,Miami,FL,-80.314681,25.797851,0,POINT (-80.314681 25.797851)
5565,486530,96,1,95,0,0,0,65,1,64,3,0,3,25,0,25,0,0,0,Gould's Academy,Memphis,TN,-89.860578,35.098298,3,POINT (-89.860578 35.098298)
5566,486558,109,102,7,13,13,0,13,11,2,27,24,3,24,23,1,1,1,0,Aviation Institute of Maintenance-Fremont,Fremont,CA,-121.92135,37.468594,31,POINT (-121.92135 37.468594)
5567,486567,88,3,85,1,0,1,7,0,7,12,0,12,67,3,64,0,0,0,Paul Mitchell the School-Tulsa,Tulsa,OK,-95.82023,36.132259,1,POINT (-95.82023 36.132259)
5568,486576,78,16,62,0,0,0,0,0,0,76,16,60,0,0,0,0,0,0,PPG Technical College,Caguas,PR,-66.038451,18.247162,2,POINT (-66.038451 18.247162)
5569,486594,13,6,7,0,0,0,3,2,1,4,1,3,6,3,3,0,0,0,Wave Leadership College,Virginia Beach,VA,-76.043121,36.86471,0,POINT (-76.043121 36.86471)
5570,486619,69,1,68,3,0,3,2,0,2,15,0,15,47,1,46,0,0,0,Academy of Professional Cosmetology,Rogers,AR,-94.157411,36.35541,2,POINT (-94.157411 36.35541)
5571,486691,47,2,45,0,0,0,44,1,43,1,1,0,0,0,0,0,0,0,Empire Beauty School-Northlake,Atlanta,GA,-84.256996,33.847741,2,POINT (-84.256996 33.847741)
5572,486707,77,3,74,1,0,1,35,1,34,5,0,5,28,2,26,0,0,0,Ross Medical Education Center-Huntsville,Huntsville,AL,-86.661349,34.736871,8,POINT (-86.661349 34.736871)
5573,486716,74,2,72,0,0,0,14,0,14,4,1,3,49,1,48,0,0,0,Ross Medical Education Center-Knoxville,Knoxville,TN,-84.096882,35.912854,7,POINT (-84.096882 35.912854)
5574,486752,84,0,84,0,0,0,9,0,9,4,0,4,65,0,65,0,0,0,Ross Medical Education Center-Muncie,Muncie,IN,-85.390811,40.23238,6,POINT (-85.390811 40.23238)
5575,486770,97,27,70,2,1,1,50,15,35,24,5,19,14,3,11,0,0,0,Cortiva Institute-Arlington,Arlington,TX,-97.119031,32.6769,7,POINT (-97.119031 32.6769)
5576,486798,1129,1046,83,2,2,0,271,243,28,433,413,20,270,244,26,0,0,0,Tulsa Welding School-Houston,Houston,TX,-95.413192,29.950897,153,POINT (-95.413192 29.950897)
5577,486813,307,47,260,0,0,0,7,0,7,259,44,215,38,3,35,0,0,0,Pima Medical Institute-El Paso,El Paso,TX,-106.383883,31.773629,3,POINT (-106.383883 31.773629)
5578,486822,603,58,545,7,0,7,25,5,20,283,33,250,251,15,236,0,0,0,Pima Medical Institute-Phoenix,Phoenix,AZ,-112.118075,33.608723,37,POINT (-112.118075 33.608723)
5579,486840,7458,3505,3953,390,207,183,1636,707,929,683,300,383,4026,1932,2094,230,119,111,Kennesaw State University,Kennesaw,GA,-84.583052,34.038807,493,POINT (-84.583052 34.038807)
5580,486859,18,0,18,0,0,0,0,0,0,1,0,1,16,0,16,0,0,0,Davines Professional Academy of Beauty and Business,Lincoln,NE,-96.641266,40.756017,1,POINT (-96.641266 40.756017)
5581,486868,22,0,22,0,0,0,0,0,0,5,0,5,16,0,16,0,0,0,All Beauty College,Lake Havasu City,AZ,-114.341863,34.477371,1,POINT (-114.341863 34.477371)
5582,486877,8,0,8,0,0,0,1,0,1,2,0,2,5,0,5,0,0,0,Eastern Suffolk BOCES,Riverhead,NY,-72.671895,40.927928,0,POINT (-72.671895 40.927928)
5583,486886,22,0,22,1,0,1,1,0,1,5,0,5,11,0,11,0,0,0,Eastern Suffolk BOCES,Oakdale,NY,-73.109752,40.745531,4,POINT (-73.109752 40.745531)
5584,486901,338,128,210,2,1,1,11,6,5,8,2,6,290,104,186,19,12,7,Milligan University,Milligan,TN,-82.29407,36.300147,8,POINT (-82.29407 36.300147)
5585,486938,115,19,96,29,6,23,8,1,7,25,2,23,46,10,36,0,0,0,Chamberlain University-Nevada,Las Vegas,NV,-115.313525,36.185176,7,POINT (-115.313525 36.185176)
5586,486947,101,13,88,7,1,6,16,1,15,3,0,3,67,8,59,0,0,0,Chamberlain University-Michigan,Troy,MI,-83.150516,42.556474,8,POINT (-83.150516 42.556474)
5587,486956,212,26,186,21,4,17,74,10,64,36,5,31,73,7,66,0,0,0,Chamberlain University-New Jersey,North Brunswick,NJ,-74.438877,40.465934,8,POINT (-74.438877 40.465934)
5588,486965,51,18,33,0,0,0,7,2,5,3,1,2,35,14,21,0,0,0,Hussian College-Los Angeles,Los Angeles,CA,-118.26069,34.054877,6,POINT (-118.26069 34.054877)
5589,486983,13,3,10,1,0,1,2,0,2,2,0,2,6,1,5,0,0,0,Paul Mitchell the School-Madison,Madison,WI,-89.503169,43.064984,2,POINT (-89.503169 43.064984)
5590,487010,1320,436,884,132,49,83,135,32,103,55,24,31,930,312,618,14,4,10,The University of Tennessee Health Science Center,Memphis,TN,-90.033196,35.138847,54,POINT (-90.033196 35.138847)
5591,487047,158,6,152,0,0,0,108,4,104,1,0,1,19,0,19,0,0,0,Unitech Training Academy-New Orleans,New Orleans,LA,-90.183521,29.948535,30,POINT (-90.183521 29.948535)
5592,487065,40,1,39,0,0,0,0,0,0,13,0,13,27,1,26,0,0,0,Wade Gordon Hairdressing Academy-Lubbock,Lubbock,TX,-101.869638,33.524818,0,POINT (-101.869638 33.524818)
5593,487083,26,1,25,0,0,0,1,0,1,4,0,4,20,1,19,0,0,0,Protege Academy,Mt. Pleasant,MI,-84.751095,43.61137,1,POINT (-84.751095 43.61137)
5594,487092,452,199,253,133,60,73,29,12,17,49,20,29,144,60,84,78,38,40,Emory University-Oxford College,Oxford,GA,-83.871141,33.6191,19,POINT (-83.871141 33.6191)
5595,487153,2,0,2,0,0,0,0,0,0,0,0,0,2,0,2,0,0,0,The Chicago School of Professional Psychology at Xavier University of Louisiana,New Orleans,LA,-90.107924,29.96527,0,POINT (-90.107924 29.96527)
5596,487162,1399,544,855,18,3,15,436,130,306,132,59,73,787,345,442,3,1,2,Southern Regional Technical College,Thomasville,GA,-83.9514,30.863799,23,POINT (-83.9514 30.863799)
5597,487232,105,1,104,1,0,1,8,0,8,57,1,56,39,0,39,0,0,0,Texas College of Cosmetology-Lubbock,Lubbock,TX,-101.924031,33.561435,0,POINT (-101.924031 33.561435)
5598,487302,216,70,146,21,6,15,53,11,42,4,2,2,122,48,74,0,0,0,Fortis College-Cuyahoga Falls,Cuyahoga Falls,OH,-81.470433,41.143856,16,POINT (-81.470433 41.143856)
5599,487311,174,156,18,4,4,0,58,50,8,23,20,3,70,64,6,0,0,0,Jones Technical Institute,Jacksonville,FL,-81.561491,30.20813,19,POINT (-81.561491 30.20813)
5600,487320,2621,1914,707,16,12,4,142,108,34,1275,819,456,1077,892,185,0,0,0,Texas State Technical College,Waco,TX,-97.08471,31.639295,111,POINT (-97.08471 31.639295)
5601,487348,104,2,102,6,0,6,3,0,3,10,0,10,76,1,75,0,0,0,Aveda Institute Portland-Vancouver Campus,Vancouver,WA,-122.603849,45.643767,9,POINT (-122.603849 45.643767)
5602,487375,83,11,72,15,3,12,9,1,8,33,6,27,22,1,21,0,0,0,Arizona College of Nursing-Las Vegas,Las Vegas,NV,-115.274149,36.067353,4,POINT (-115.274149 36.067353)
5603,487384,374,121,253,0,0,0,137,43,94,81,28,53,6,2,4,0,0,0,Florida Career College-Pembroke Pines,Pembroke Pines,FL,-80.246116,26.010968,150,POINT (-80.246116 26.010968)
5604,487393,486,158,328,3,1,2,147,47,100,107,33,74,26,6,20,0,0,0,Florida Career College-West Palm Beach,West Palm Beach,FL,-80.136749,26.705217,203,POINT (-80.136749 26.705217)
5605,487409,455,205,250,1,1,0,93,39,54,151,58,93,4,4,0,0,0,0,Florida Career College-Hialeah,Hialeah,FL,-80.319292,25.855552,206,POINT (-80.319292 25.855552)
5606,487418,481,201,280,0,0,0,129,55,74,24,14,10,2,0,2,0,0,0,Florida Career College-Lauderdale Lakes,Lauderdale Lakes,FL,-80.205267,26.16574,326,POINT (-80.205267 26.16574)
5607,487427,336,94,242,2,1,1,46,11,35,40,11,29,13,2,11,0,0,0,Florida Career College-Tampa,Tampa,FL,-82.337004,27.980705,235,POINT (-82.337004 27.980705)
5608,487436,257,58,199,5,2,3,92,23,69,24,6,18,15,2,13,0,0,0,Florida Career College-Jacksonville,Jacksonville,FL,-81.751361,30.19576,121,POINT (-81.751361 30.19576)
5609,487445,421,184,237,1,0,1,117,44,73,45,20,25,14,7,7,0,0,0,Florida Career College-Boynton Beach,Boynton Beach,FL,-80.092161,26.54289,244,POINT (-80.092161 26.54289)
5610,487454,386,128,258,1,1,0,106,35,71,43,13,30,10,4,6,0,0,0,Florida Career College-Margate,Margate,FL,-80.203455,26.270878,226,POINT (-80.203455 26.270878)
5611,487472,547,166,381,7,2,5,126,43,83,132,29,103,28,12,16,0,0,0,Florida Career College-Orlando,Orlando,FL,-81.309471,28.56052,254,POINT (-81.309471 28.56052)
5612,487481,522,119,403,1,1,0,18,4,14,143,30,113,27,6,21,0,0,0,United Education Institute - UEI College - Phoenix,Phoenix,AZ,-112.116121,33.57026,333,POINT (-112.116121 33.57026)
5613,487490,549,167,382,2,2,0,134,24,110,76,16,60,13,6,7,0,0,0,Florida Career College-Houston,Houston,TX,-95.431325,30.022309,324,POINT (-95.431325 30.022309)
5614,487506,77,1,76,1,0,1,5,0,5,5,0,5,66,1,65,0,0,0,Aveda Institute-Madison,Madison,WI,-89.398711,43.072676,0,POINT (-89.398711 43.072676)
5615,487524,768,290,478,15,10,5,33,19,14,11,7,4,654,230,424,22,10,12,Husson University,Bangor,ME,-68.791476,44.829002,33,POINT (-68.791476 44.829002)
5616,487533,73,2,71,3,0,3,14,1,13,15,0,15,40,1,39,0,0,0,Tricoci University of Beauty Culture-Elgin,Elgin,IL,-88.341498,42.026819,1,POINT (-88.341498 42.026819)
5617,487588,279,13,266,2,0,2,187,8,179,11,0,11,39,4,35,0,0,0,Concorde Career College-Southaven,Southaven,MS,-89.988876,34.976181,40,POINT (-89.988876 34.976181)
5618,487597,343,334,9,19,19,0,8,8,0,199,192,7,57,56,1,0,0,0,Universal Technical Institute-Southern California,Long Beach,CA,-118.145393,33.826017,60,POINT (-118.145393 33.826017)
5619,487603,203,73,130,14,3,11,14,5,9,29,14,15,127,46,81,0,0,0,Northwest University-Center for Online and Extended Education,Kirkland,WA,-122.195774,47.657502,19,POINT (-122.195774 47.657502)
5620,487621,10,8,2,0,0,0,9,7,2,0,0,0,1,1,0,0,0,0,Celebrity Barber School,Monroe,LA,-92.083641,32.521718,0,POINT (-92.083641 32.521718)
5621,487649,32,10,22,2,0,2,0,0,0,0,0,0,1,1,0,28,8,20,California Institute of Advanced Management,Alhambra,CA,-118.15055,34.082467,1,POINT (-118.15055 34.082467)
5622,487658,28,22,6,0,0,0,6,5,1,1,1,0,20,16,4,0,0,0,Academy of Interactive Entertainment,Lafayette,LA,-92.043315,30.220037,1,POINT (-92.043315 30.220037)
5623,487676,81,2,79,1,0,1,20,1,19,6,0,6,51,1,50,3,0,3,The Temple Annapolis-A Paul Mitchell Partner School,Annapolis,MD,-76.543104,38.980115,0,POINT (-76.543104 38.980115)
5624,487773,63,9,54,2,0,2,0,0,0,19,4,15,36,4,32,0,0,0,Butte County Regional Occupational Program,Chico,CA,-121.804024,39.715283,6,POINT (-121.804024 39.715283)
5625,487791,450,422,28,5,5,0,94,86,8,146,140,6,182,169,13,6,6,0,Arclabs,Piedmont,SC,-82.461311,34.77072,17,POINT (-82.461311 34.77072)
5626,487807,10,5,5,0,0,0,7,2,5,2,2,0,1,1,0,0,0,0,Top of the Line Barber College,Charleston,SC,-80.022755,32.78868,0,POINT (-80.022755 32.78868)
5627,487816,10,0,10,0,0,0,10,0,10,0,0,0,0,0,0,0,0,0,Midfield Institute of Cosmetology,Midfield,AL,-86.908933,33.463987,0,POINT (-86.908933 33.463987)
5628,487852,15,4,11,0,0,0,1,0,1,1,0,1,12,4,8,0,0,0,American Institute of Alternative Medicine,East Brunswick,NJ,-74.386999,40.433916,1,POINT (-74.386999 40.433916)
5629,487861,97,13,84,5,1,4,87,11,76,0,0,0,4,1,3,0,0,0,Felbry College School of Nursing,Columbus,OH,-82.951066,40.09578,1,POINT (-82.951066 40.09578)
5630,487889,219,32,187,0,0,0,1,0,1,181,27,154,28,4,24,0,0,0,Regional Center for Border Health,Somerton,AZ,-114.711558,32.596919,9,POINT (-114.711558 32.596919)
5631,487898,7,6,1,0,0,0,5,4,1,1,1,0,1,1,0,0,0,0,B-Unique Beauty and Barber Academy,Greenville,SC,-82.365104,34.844106,0,POINT (-82.365104 34.844106)
5632,487904,32,25,7,0,0,0,1,1,0,4,4,0,27,20,7,0,0,0,Kentucky Horseshoeing School,Richmond,KY,-84.340899,37.875066,0,POINT (-84.340899 37.875066)
5633,487913,10,10,0,0,0,0,0,0,0,0,0,0,10,10,0,0,0,0,Tri-State Barber College,Ashland,KY,-82.633351,38.47515,0,POINT (-82.633351 38.47515)
5634,487922,30,0,30,0,0,0,1,0,1,2,0,2,26,0,26,1,0,1,Image Maker Beauty Institute,Hendersonville,TN,-86.601706,36.304927,0,POINT (-86.601706 36.304927)
5635,487959,35,1,34,0,0,0,5,0,5,9,1,8,20,0,20,0,0,0,Dalton Institute of Esthetics and Cosmetology,Dalton,GA,-84.970455,34.762636,1,POINT (-84.970455 34.762636)
5636,487968,28,1,27,1,0,1,26,1,25,0,0,0,1,0,1,0,0,0,CAAN Academy of Nursing,Matteson,IL,-87.731726,41.505272,0,POINT (-87.731726 41.505272)
5637,487977,1086,66,1020,36,1,35,164,14,150,226,17,209,590,31,559,0,0,0,Martinsburg College,Martinsburg,WV,-77.959662,39.487035,70,POINT (-77.959662 39.487035)
5638,487995,20,6,14,15,5,10,0,0,0,0,0,0,0,0,0,5,1,4,Alhambra Medical University,Alhambra,CA,-118.148684,34.080181,0,POINT (-118.148684 34.080181)
5639,488004,8,8,0,0,0,0,0,0,0,0,0,0,7,7,0,1,1,0,Central Yeshiva Beth Joseph,Brooklyn,NY,-73.959386,40.615411,0,POINT (-73.959386 40.615411)
5640,488013,42,1,41,4,1,3,12,0,12,16,0,16,2,0,2,0,0,0,Garden State Science and Technology Institute,Jersey City,NJ,-74.059669,40.734746,8,POINT (-74.059669 40.734746)
5641,488022,14,10,4,0,0,0,13,9,4,1,1,0,0,0,0,0,0,0,Barber Tech Academy,Orangeburg,SC,-80.856946,33.492394,0,POINT (-80.856946 33.492394)
5642,488031,28,15,13,3,2,1,2,1,1,5,2,3,7,4,3,0,0,0,Abraham Lincoln University,Glendale,CA,-118.256726,34.146294,11,POINT (-118.256726 34.146294)
5643,488040,37,32,5,0,0,0,36,31,5,0,0,0,1,1,0,0,0,0,Construction Training Center,Columbia,SC,-80.948762,33.968494,0,POINT (-80.948762 33.968494)
5644,488059,26,12,14,0,0,0,0,0,0,21,7,14,5,5,0,0,0,0,Med Academy,Hialeah,FL,-80.35256,25.89821,0,POINT (-80.35256 25.89821)
5645,488068,25,4,21,0,0,0,0,0,0,0,0,0,24,4,20,1,0,1,Huntington University of Health Sciences,Knoxville,TN,-83.99327,36.027559,0,POINT (-83.99327 36.027559)
5646,488077,1055,1045,10,8,8,0,25,25,0,110,110,0,824,814,10,0,0,0,Sonoran Desert Institute,Tempe,AZ,-111.964106,33.420286,88,POINT (-111.964106 33.420286)
5647,488101,17,17,0,0,0,0,0,0,0,0,0,0,17,17,0,0,0,0,Yeshivas Maharit D'Satmar,Monroe,NY,-74.159642,41.33127,0,POINT (-74.159642 41.33127)
5648,488110,33,0,33,0,0,0,2,0,2,17,0,17,14,0,14,0,0,0,Natural Images Beauty College,Clute,TX,-95.400805,29.026275,0,POINT (-95.400805 29.026275)
5649,488129,4,0,4,0,0,0,4,0,4,0,0,0,0,0,0,0,0,0,Textures Institute of Cosmetology,Indianapolis,IN,-86.218117,39.906649,0,POINT (-86.218117 39.906649)
5650,488138,61,2,59,0,0,0,37,1,36,2,0,2,20,1,19,0,0,0,Learning Bridge Career Institute,Houma,LA,-90.74457,29.598445,2,POINT (-90.74457 29.598445)
5651,488147,42,4,38,0,0,0,19,1,18,23,3,20,0,0,0,0,0,0,PiBerry Institute,Homestead,FL,-80.463557,25.48663,0,POINT (-80.463557 25.48663)
5652,488174,12,7,5,0,0,0,7,5,2,1,1,0,4,1,3,0,0,0,Ea La Mar's Cosmetology & Barber College,Kansas City,MO,-94.551962,39.094285,0,POINT (-94.551962 39.094285)
5653,488183,10,0,10,0,0,0,1,0,1,0,0,0,9,0,9,0,0,0,Regina Webb Academy,Bowling Green,KY,-86.427834,36.952887,0,POINT (-86.427834 36.952887)
5654,488192,49,48,1,2,2,0,5,5,0,23,22,1,12,12,0,0,0,0,DeHart Technical School,Modesto,CA,-120.997781,37.71339,7,POINT (-120.997781 37.71339)
5655,488217,53,2,51,0,0,0,3,0,3,2,0,2,46,2,44,0,0,0,Medical Career & Technical College,Richmond,KY,-84.309012,37.734796,2,POINT (-84.309012 37.734796)
5656,488226,10,3,7,1,0,1,1,0,1,4,1,3,4,2,2,0,0,0,Center for Neurosomatic Studies,Clearwater,FL,-82.714351,27.898475,0,POINT (-82.714351 27.898475)
5657,488253,127,80,47,5,3,2,36,27,9,42,28,14,26,15,11,9,3,6,Focus Personal Training Institute,New York,NY,-73.991731,40.745926,9,POINT (-73.991731 40.745926)
5658,488262,11,6,5,0,0,0,2,2,0,2,1,1,5,1,4,0,0,0,Hair Academy School of Barbering & Beauty,Newark,DE,-75.73689,39.65906,2,POINT (-75.73689 39.65906)
5659,488271,73,3,70,2,0,2,3,0,3,5,1,4,60,2,58,0,0,0,Fosbre Academy of Hair Design,Olympia,WA,-122.935367,47.039503,3,POINT (-122.935367 47.039503)
5660,488280,15,12,3,0,0,0,4,4,0,6,3,3,4,4,0,0,0,0,National Personal Training Institute,Orlando,FL,-81.219818,28.599067,1,POINT (-81.219818 28.599067)
5661,488299,12,4,8,4,2,2,0,0,0,8,2,6,0,0,0,0,0,0,Mission Beauty Institute,Mission,TX,-98.31205,26.213855,0,POINT (-98.31205 26.213855)
5662,488305,45,25,20,0,0,0,3,1,2,9,4,5,26,16,10,4,3,1,Elim Bible Institute and College,Lima,NY,-77.615151,42.909692,3,POINT (-77.615151 42.909692)
5663,488314,2,2,0,0,0,0,0,0,0,0,0,0,1,1,0,1,1,0,Beth Medrash of Asbury Park,Lakewood,NJ,-74.210816,40.043705,0,POINT (-74.210816 40.043705)
5664,488332,30,2,28,0,0,0,29,2,27,1,0,1,0,0,0,0,0,0,Hope College of Arts and Sciences,Pompano Beach,FL,-80.139671,26.226156,0,POINT (-80.139671 26.226156)
5665,488350,30,30,0,0,0,0,0,0,0,0,0,0,25,25,0,5,5,0,Yeshiva Gedolah Shaarei Shmuel,Lakewood,NJ,-74.197596,40.091,0,POINT (-74.197596 40.091)
5666,488369,40,33,7,2,2,0,14,10,4,7,7,0,13,10,3,0,0,0,Premier Barber Institute,Norristown,PA,-75.333151,40.11065,4,POINT (-75.333151 40.11065)
5667,488378,84,3,81,8,2,6,9,0,9,0,0,0,64,1,63,0,0,0,International Beauty Education Center,Airway Heights,WA,-117.58908,47.643215,3,POINT (-117.58908 47.643215)
5668,488387,84,14,70,3,2,1,27,6,21,14,0,14,32,5,27,3,0,3,Claremont Lincoln University,Claremont,CA,-117.716117,34.094273,5,POINT (-117.716117 34.094273)
5669,488396,32,21,11,0,0,0,31,21,10,1,0,1,0,0,0,0,0,0,Phipps Academy of Barbering,Richton Park,IL,-87.705681,41.485005,0,POINT (-87.705681 41.485005)
5670,488411,91,1,90,2,0,2,0,0,0,15,0,15,59,1,58,0,0,0,Hoss Lee Academy,Roseville,CA,-121.289487,38.721897,15,POINT (-121.289487 38.721897)
5671,488420,104,18,86,2,0,2,12,3,9,9,1,8,75,14,61,0,0,0,Indiana Wellness College,Indianapolis,IN,-86.156579,39.940821,6,POINT (-86.156579 39.940821)
5672,488439,31,24,7,1,1,0,19,15,4,1,0,1,9,8,1,0,0,0,Kenny's Academy of Barbering,Indianapolis,IN,-86.207551,39.79644,1,POINT (-86.207551 39.79644)
5673,488448,46,34,12,5,5,0,5,3,2,5,4,1,25,19,6,2,1,1,Seattle Film Institute,Seattle,WA,-122.377121,47.64894,4,POINT (-122.377121 47.64894)
5674,488527,175,90,85,28,10,18,8,2,6,6,3,3,112,59,53,2,2,0,Arkansas Colleges of Health Education,Fort Smith,AR,-94.319084,35.317421,19,POINT (-94.319084 35.317421)
5675,488554,145,73,72,33,17,16,2,2,0,30,10,20,60,34,26,0,0,0,Burrell College of Osteopathic Medicine,Las Cruces,NM,-106.737787,32.278068,20,POINT (-106.737787 32.278068)
5676,488563,7,4,3,1,1,0,0,0,0,1,0,1,0,0,0,4,2,2,California College of Music,Pasadena,CA,-118.128935,34.145103,1,POINT (-118.128935 34.145103)
5677,488572,77,40,37,42,20,22,3,3,0,4,3,1,22,11,11,0,0,0,California Health Sciences University,Clovis,CA,-119.701977,36.832466,6,POINT (-119.701977 36.832466)
5678,488590,6,2,4,1,0,1,0,0,0,0,0,0,5,2,3,0,0,0,Christian Culinary Academy,Cannon Beach,OR,-123.959303,45.89961,0,POINT (-123.959303 45.89961)
5679,488651,120,13,107,0,0,0,1,0,1,95,11,84,18,2,16,0,0,0,Glitz School of Cosmetology,Las Cruces,NM,-106.743159,32.298355,6,POINT (-106.743159 32.298355)
5680,488679,3738,1004,2734,54,16,38,819,168,651,155,43,112,2490,710,1780,70,33,37,Indiana Wesleyan University-National & Global,Marion,IN,-85.677641,40.510655,150,POINT (-85.677641 40.510655)
5681,488730,838,317,521,32,10,22,116,45,71,414,145,269,262,112,150,0,0,0,Northeast Lakeview College,Universal City,TX,-98.323246,29.545802,14,POINT (-98.323246 29.545802)
5682,488749,62,10,52,0,0,0,36,6,30,2,2,0,24,2,22,0,0,0,Paul Mitchell the School-Jessup,Jessup,MD,-76.785931,39.16947,0,POINT (-76.785931 39.16947)
5683,488776,52,23,29,6,4,2,2,1,1,3,2,1,30,11,19,0,0,0,John Patrick University of Health and Applied Sciences,South Bend,IN,-86.24973,41.67338,11,POINT (-86.24973 41.67338)
5684,488785,50,31,19,0,0,0,9,5,4,14,11,3,21,12,9,2,2,0,University of Saint Katherine,San Marcos,CA,-117.196552,33.151283,4,POINT (-117.196552 33.151283)
5685,488800,307,95,212,20,6,14,15,4,11,67,22,45,178,52,126,0,0,0,Teachers College of San Joaquin,Stockton,CA,-121.231507,37.908696,27,POINT (-121.231507 37.908696)
5686,488828,6,3,3,0,0,0,1,1,0,1,1,0,2,0,2,0,0,0,Totally Cosmo School of Modern Cosmetology,Broken Bow,OK,-94.738026,34.027834,2,POINT (-94.738026 34.027834)
5687,488837,421,368,53,9,9,0,273,229,44,10,10,0,115,107,8,0,0,0,U.S. Truck Driver Training School,Sterling Heights,MI,-83.042997,42.550239,14,POINT (-83.042997 42.550239)
5688,488846,1300,849,451,1,1,0,6,5,1,2,2,0,13,2,11,0,0,0,University of the People,Pasadena,CA,-118.138047,34.146167,1278,POINT (-118.138047 34.146167)
5689,488891,84,16,68,0,0,0,21,1,20,57,14,43,6,1,5,0,0,0,South Dade Technical College-South Dade Skills Center Campus,HOMESTEAD,FL,-80.437371,25.50406,0,POINT (-80.437371 25.50406)
5690,488907,6,1,5,3,0,3,0,0,0,0,0,0,2,1,1,1,0,1,Wongu University of Oriental Medicine,Las Vegas,NV,-115.117581,36.03274,0,POINT (-115.117581 36.03274)
5691,488916,15,0,15,0,0,0,5,0,5,0,0,0,8,0,8,0,0,0,Alabama School of Nail Technology & Cosmetology,Jackson,AL,-87.893386,31.50997,2,POINT (-87.893386 31.50997)
5692,488934,3448,1793,1655,126,62,64,334,155,179,943,420,523,1560,891,669,0,0,0,Tulsa Technology Center,Tulsa,OK,-95.887481,36.113428,485,POINT (-95.887481 36.113428)
5693,488952,63,2,61,0,0,0,15,0,15,17,1,16,28,1,27,0,0,0,Ross Medical Education Center-Elyria,Elyria,OH,-82.105702,41.386445,3,POINT (-82.105702 41.386445)
5694,488961,50,2,48,0,0,0,7,0,7,7,1,6,32,1,31,0,0,0,Ross Medical Education Center-Lafayette,Lafayette,IN,-86.845131,40.38849,4,POINT (-86.845131 40.38849)
5695,488970,55,5,50,0,0,0,3,0,3,5,0,5,45,5,40,0,0,0,Ross Medical Education Center-Midland,Midland,MI,-84.258017,43.641877,2,POINT (-84.258017 43.641877)
5696,488989,125,5,120,1,0,1,10,0,10,55,0,55,54,3,51,1,0,1,Paul Mitchell the School-Clear Lake,Webster,TX,-95.126497,29.527723,4,POINT (-95.126497 29.527723)
5697,488998,88,11,77,0,0,0,0,0,0,8,0,8,20,0,20,0,0,0,Paul Mitchell the School-Nampa,Nampa,ID,-116.594823,43.613794,60,POINT (-116.594823 43.613794)
5698,489122,30,3,27,1,0,1,6,2,4,8,0,8,11,0,11,1,1,0,Academy of Beauty Professionals,Madison,WI,-89.490781,43.05541,3,POINT (-89.490781 43.05541)
5699,489131,50,8,42,5,1,4,3,0,3,5,2,3,34,5,29,0,0,0,Academy of Beauty Professionals,Appleton,WI,-88.461527,44.266271,3,POINT (-88.461527 44.266271)
5700,489140,44,5,39,9,1,8,6,2,4,3,2,1,24,0,24,0,0,0,Academy of Beauty Professionals,Green Bay,WI,-88.097926,44.52349,2,POINT (-88.097926 44.52349)
5701,489159,109,2,107,3,0,3,55,1,54,5,0,5,44,1,43,0,0,0,Kenneth Shuler School of Cosmetology-Goose Creek,Goose Creek,SC,-80.065725,33.035472,2,POINT (-80.065725 33.035472)
5702,489201,898,320,578,106,43,63,22,7,15,387,128,259,337,121,216,0,0,0,Clovis Community College,Fresno,CA,-119.731261,36.88686,46,POINT (-119.731261 36.88686)
5703,489238,246,34,212,8,0,8,87,10,77,78,11,67,62,10,52,0,0,0,Boca Beauty Academy-Parkland,Parkland,FL,-80.203872,26.321755,11,POINT (-80.203872 26.321755)
5704,489247,16,3,13,0,0,0,0,0,0,7,2,5,7,1,6,0,0,0,American Beauty Academy-West Valley Campus,West Valley City,UT,-111.938189,40.692128,2,POINT (-111.938189 40.692128)
5705,489256,64,62,2,0,0,0,0,0,0,64,62,2,0,0,0,0,0,0,Caribbean Aviation Training Institute Inc,Carolina,PR,-65.997043,18.439873,0,POINT (-65.997043 18.439873)
5706,489283,348,43,305,1,0,1,2,0,2,334,42,292,9,1,8,0,0,0,The College of Health Care Professions-McAllen Campus,McAllen,TX,-98.234872,26.239856,2,POINT (-98.234872 26.239856)
5707,489335,5,3,2,3,2,1,0,0,0,0,0,0,2,1,1,0,0,0,Institute of Buddhist Studies,Berkeley,CA,-122.266105,37.866732,0,POINT (-122.266105 37.866732)
5708,489344,47,2,45,4,0,4,21,1,20,5,0,5,17,1,16,0,0,0,Chamberlain University-North Carolina,Charlotte,NC,-80.931971,35.13766,0,POINT (-80.931971 35.13766)
5709,489353,103,19,84,15,4,11,5,1,4,22,3,19,54,9,45,0,0,0,Chamberlain University-California,Rancho Cordova,CA,-121.278258,38.596193,7,POINT (-121.278258 38.596193)
5710,489371,125,118,7,8,7,1,11,10,1,61,59,2,31,30,1,0,0,0,Spartan College of Aeronautics and Technology,Riverside,CA,-117.408335,33.990127,14,POINT (-117.408335 33.990127)
5711,489779,12959,4690,8269,426,159,267,2492,752,1740,1586,661,925,7470,2747,4723,26,11,15,Purdue University Global,West Lafayette,IN,-86.928449,40.45655,959,POINT (-86.928449 40.45655)
5712,489812,51,3,48,0,0,0,0,0,0,2,0,2,46,3,43,0,0,0,Pima Medical Institute-Dillon,Dillon,MT,-112.641211,45.208156,3,POINT (-112.641211 45.208156)
5713,489830,35,0,35,0,0,0,14,0,14,1,0,1,20,0,20,0,0,0,Arthur's Beauty College,Jonesboro,AR,-90.68152,35.817823,0,POINT (-90.68152 35.817823)
5714,489858,150,46,104,55,21,34,6,1,5,24,3,21,54,18,36,0,0,0,West Coast University-Center for Graduate Studies,Los Angeles,CA,-118.29131,34.081505,11,POINT (-118.29131 34.081505)
5715,489937,188,131,57,3,1,2,38,23,15,5,5,0,133,96,37,3,3,0,Carolina University,Winston-Salem,NC,-80.250153,36.087962,6,POINT (-80.250153 36.087962)
5716,490018,12,10,2,0,0,0,7,6,1,2,2,0,3,2,1,0,0,0,National Personal Training Institute-Tampa,Tampa,FL,-82.528321,28.02675,0,POINT (-82.528321 28.02675)
5717,490045,23,11,12,11,4,7,0,0,0,0,0,0,0,0,0,6,2,4,Presbyterian Theological Seminary in America,Santa Fe Springs,CA,-118.047065,33.88856,6,POINT (-118.047065 33.88856)
5718,490054,470,216,254,1,0,1,124,34,90,65,43,22,168,96,72,0,0,0,HCI College,West Palm Beach,FL,-80.085147,26.702663,112,POINT (-80.085147 26.702663)
5719,490063,159,80,79,0,0,0,0,0,0,0,0,0,0,0,0,159,80,79,Southern States University,San Diego,CA,-117.201297,32.767544,0,POINT (-117.201297 32.767544)
5720,490081,16,9,7,2,0,2,0,0,0,0,0,0,0,0,0,14,9,5,America Evangelical University,Gardena,CA,-118.295931,33.883102,0,POINT (-118.295931 33.883102)
5721,490090,5,3,2,0,0,0,4,2,2,1,1,0,0,0,0,0,0,0,Gadsden Technical Institute,Quincy,FL,-84.578905,30.577656,0,POINT (-84.578905 30.577656)
5722,490106,84,36,48,68,31,37,0,0,0,0,0,0,9,2,7,1,1,0,Virginia University of Integrative Medicine,Fairfax,VA,-77.269749,38.844541,6,POINT (-77.269749 38.844541)
5723,490115,31,24,7,0,0,0,12,7,5,1,0,1,18,17,1,0,0,0,Nashville Film Institute,Nashville,TN,-86.748045,36.135712,0,POINT (-86.748045 36.135712)
5724,490133,657,342,315,18,8,10,10,5,5,34,12,22,53,28,25,201,96,105,Westcliff University,Irvine,CA,-117.847973,33.685537,341,POINT (-117.847973 33.685537)
5725,490142,17,3,14,0,0,0,17,3,14,0,0,0,0,0,0,0,0,0,World Class Academy of Beauty Careers,Tallahassee,FL,-84.2909,30.412845,0,POINT (-84.2909 30.412845)
5726,490151,76,5,71,6,1,5,18,2,16,1,0,1,51,2,49,0,0,0,Allied Health Careers Institute,Murfreesboro,TN,-86.391495,35.827799,0,POINT (-86.391495 35.827799)
5727,490160,28,7,21,4,2,2,1,0,1,5,0,5,16,5,11,0,0,0,Sacramento Ultrasound Institute,Sacramento,CA,-121.383597,38.604405,2,POINT (-121.383597 38.604405)
5728,490197,16,5,11,4,1,3,0,0,0,11,3,8,0,0,0,0,0,0,Regan Career Institute,El Monte,CA,-118.030152,34.070176,1,POINT (-118.030152 34.070176)
5729,490203,64,3,61,1,0,1,0,0,0,2,0,2,59,3,56,0,0,0,Bolivar Technical College,Bolivar,MO,-93.421572,37.623766,2,POINT (-93.421572 37.623766)
5730,490221,19,1,18,0,0,0,0,0,0,2,0,2,15,1,14,0,0,0,MAK Beauty Institute,Cumming,GA,-84.143912,34.186371,2,POINT (-84.143912 34.186371)
5731,490230,2,1,1,0,0,0,0,0,0,1,1,0,0,0,0,1,0,1,Reformed University,Lawrenceville,GA,-84.07814,33.971966,0,POINT (-84.07814 33.971966)
5732,490249,26,26,0,1,1,0,10,10,0,15,15,0,0,0,0,0,0,0,Mobile Technical Training,South Hackensack,NJ,-74.04968,40.857008,0,POINT (-74.04968 40.857008)
5733,490258,69,11,58,3,0,3,4,1,3,28,6,22,28,3,25,0,0,0,American Barber and Beauty Academy,Reading,PA,-75.939691,40.316547,6,POINT (-75.939691 40.316547)
5734,490267,11,11,0,0,0,0,2,2,0,2,2,0,7,7,0,0,0,0,Master's Barber & Styling College,Old Hickory,TN,-86.571436,36.219691,0,POINT (-86.571436 36.219691)
5735,490276,39,39,0,0,0,0,0,0,0,0,0,0,39,39,0,0,0,0,Yeshiva Shaar Ephraim,Monsey,NY,-74.060858,41.116935,0,POINT (-74.060858 41.116935)
5736,490285,91,77,14,17,13,4,18,15,3,14,13,1,12,9,3,0,0,0,California Institute of Arts & Technology,San Diego,CA,-117.134199,32.770776,30,POINT (-117.134199 32.770776)
5737,490294,49,19,30,1,0,1,3,3,0,36,15,21,6,1,5,0,0,0,"Elite Cosmetology, Barber & Spa Academy",Yakima,WA,-120.54382,46.584032,3,POINT (-120.54382 46.584032)
5738,490300,55,15,40,0,0,0,3,1,2,18,2,16,31,10,21,1,1,0,Cutting Edge Academy,Succasunna,NJ,-74.644718,40.86887,2,POINT (-74.644718 40.86887)
5739,490319,4,4,0,0,0,0,0,0,0,0,0,0,4,4,0,0,0,0,Yeshiva Bais Aharon,Lakewood,NJ,-74.203094,40.101002,0,POINT (-74.203094 40.101002)
5740,490328,7,7,0,0,0,0,0,0,0,0,0,0,7,7,0,0,0,0,Mechon L'hoyroa,Monsey,NY,-74.058177,41.117029,0,POINT (-74.058177 41.117029)
5741,490337,65,10,55,34,4,30,13,4,9,8,1,7,3,0,3,0,0,0,My Beauty & Barber College,Sacramento,CA,-121.431533,38.473648,7,POINT (-121.431533 38.473648)
5742,490346,42,0,42,0,0,0,0,0,0,0,0,0,42,0,42,0,0,0,Elyon College,Brooklyn,NY,-73.980593,40.611081,0,POINT (-73.980593 40.611081)
5743,490373,77,35,42,9,5,4,4,0,4,5,1,4,19,10,9,0,0,0,Western Michigan University Homer Stryker M.D. School of Medicine,Kalamazoo,MI,-85.57943,42.289571,40,POINT (-85.57943 42.289571)
5744,490382,57,9,48,1,0,1,23,3,20,6,0,6,14,2,12,13,4,9,Harmony Health Care Institute,Merrimack,NH,-71.488336,42.804167,0,POINT (-71.488336 42.804167)
5745,490391,83,1,82,0,0,0,0,0,0,83,1,82,0,0,0,0,0,0,American Beauty Schools,Miami,FL,-80.327707,25.761572,0,POINT (-80.327707 25.761572)
5746,490407,52,1,51,1,0,1,42,0,42,3,1,2,5,0,5,0,0,0,Hogan Institute of Cosmetology and Esthetics,Lilburn,GA,-84.141162,33.896591,1,POINT (-84.141162 33.896591)
5747,490416,19,18,1,0,0,0,10,10,0,0,0,0,8,7,1,0,0,0,J's Barber College,New Iberia,LA,-91.829017,29.993445,1,POINT (-91.829017 29.993445)
5748,490425,162,1,161,7,0,7,20,0,20,41,1,40,79,0,79,0,0,0,Ann Webb Skin Institute,Austin,TX,-97.751895,30.419687,15,POINT (-97.751895 30.419687)
5749,490434,21,0,21,0,0,0,0,0,0,0,0,0,21,0,21,0,0,0,Apex Academy Hair Skin Nails School of Cosmetology,Ontario,OH,-82.577702,40.771672,0,POINT (-82.577702 40.771672)
5750,490443,148,1,147,19,0,19,57,1,56,15,0,15,33,0,33,0,0,0,The Esthetic Institute,Vienna,VA,-77.234171,38.914385,24,POINT (-77.234171 38.914385)
5751,490452,16,2,14,1,1,0,0,0,0,5,1,4,9,0,9,0,0,0,Kor Beauty Academy,Peoria,AZ,-112.220934,33.634726,1,POINT (-112.220934 33.634726)
5752,490461,114,6,108,5,0,5,21,0,21,19,1,18,58,4,54,10,1,9,EduMed Partners,Goodlettsville,TN,-86.700979,36.299536,1,POINT (-86.700979 36.299536)
5753,490470,14,0,14,0,0,0,8,0,8,0,0,0,6,0,6,0,0,0,Massage Institute of Memphis,Memphis,TN,-89.992526,35.134871,0,POINT (-89.992526 35.134871)
5754,490489,7,6,1,0,0,0,5,4,1,0,0,0,1,1,0,0,0,0,Metro Detroit Barber College,Detroit,MI,-83.145979,42.416931,1,POINT (-83.145979 42.416931)
5755,490498,15,9,6,0,0,0,2,1,1,2,2,0,10,6,4,0,0,0,Digital Media Institute at InterTech,Shreveport,LA,-93.771686,32.480613,1,POINT (-93.771686 32.480613)
5756,490504,12,12,0,0,0,0,0,0,0,0,0,0,12,12,0,0,0,0,Yeshiva Ohr Naftoli,New Windsor,NY,-74.046291,41.456984,0,POINT (-74.046291 41.456984)
5757,490513,23,23,0,0,0,0,0,0,0,0,0,0,23,23,0,0,0,0,Bais Medrash Mayan Hatorah,Lakewood,NJ,-74.204332,40.107414,0,POINT (-74.204332 40.107414)
5758,490522,9,0,9,1,0,1,4,0,4,2,0,2,2,0,2,0,0,0,Allgood Beauty Institute,Frisco,TX,-96.804131,33.15731,0,POINT (-96.804131 33.15731)
5759,490531,15,15,0,0,0,0,14,14,0,1,1,0,0,0,0,0,0,0,Ray J's College of Hair,Baton Rouge,LA,-91.111011,30.464941,0,POINT (-91.111011 30.464941)
5760,490540,6,0,6,0,0,0,2,0,2,0,0,0,4,0,4,0,0,0,Delta Designs Cosmetology School,Wynne,AR,-90.785831,35.232221,0,POINT (-90.785831 35.232221)
5761,490559,153,8,145,7,1,6,98,6,92,26,0,26,15,0,15,0,0,0,Gwinnett Institute,Orlando,FL,-81.208356,28.571233,7,POINT (-81.208356 28.571233)
5762,490601,135,81,54,29,13,16,1,0,1,6,5,1,76,52,24,8,4,4,Kansas City University,Joplin,MO,-94.527028,37.057686,15,POINT (-94.527028 37.057686)
5763,490674,3,0,3,0,0,0,1,0,1,1,0,1,1,0,1,0,0,0,Manuel and Theresa's School of Hair Design,Brenham,TX,-96.387591,30.176143,0,POINT (-96.387591 30.176143)
5764,490692,23,22,1,0,0,0,18,17,1,0,0,0,3,3,0,0,0,0,Cincinnati School of Barbering & Hair Design,Cincinnati,OH,-84.582563,39.206754,2,POINT (-84.582563 39.206754)
5765,490717,56,3,53,1,0,1,7,0,7,21,1,20,19,1,18,0,0,0,L Makeup Institute,Las Vegas,NV,-115.286321,36.166597,8,POINT (-115.286321 36.166597)
5766,490735,115,32,83,3,0,3,58,23,35,41,7,34,13,2,11,0,0,0,Peloton College,Arlington,TX,-97.092451,32.758324,0,POINT (-97.092451 32.758324)
5767,490744,22,17,5,0,0,0,19,14,5,1,1,0,2,2,0,0,0,0,Northern Technical College,Pine Bluff,AR,-91.979767,34.214189,0,POINT (-91.979767 34.214189)
5768,490753,15,4,11,0,0,0,1,1,0,2,1,1,12,2,10,0,0,0,Maine Media College,Rockport,ME,-69.076508,44.193709,0,POINT (-69.076508 44.193709)
5769,490805,1949,779,1170,77,34,43,140,43,97,354,138,216,1166,448,718,141,87,54,Purdue University Northwest,Hammond,IN,-87.474236,41.584324,71,POINT (-87.474236 41.584324)
5770,490814,89,4,85,1,0,1,9,0,9,7,0,7,62,2,60,0,0,0,Ross Medical Education Center - Kalamazoo,Kalamazoo,MI,-85.651779,42.290629,10,POINT (-85.651779 42.290629)
5771,490832,117,5,112,0,0,0,29,1,28,4,0,4,74,4,70,0,0,0,Ross College-Canton,Canton,OH,-81.429021,40.844938,10,POINT (-81.429021 40.844938)
5772,490841,121,3,118,1,0,1,25,0,25,21,1,20,51,2,49,1,0,1,Ross College-Grand Rapids North,Grand Rapids,MI,-85.629017,43.035323,22,POINT (-85.629017 43.035323)
5773,490869,117,18,99,2,1,1,32,3,29,46,8,38,28,4,24,0,0,0,American Institute-Somerset,Somerset,NJ,-74.544122,40.55089,9,POINT (-74.544122 40.55089)
5774,490878,232,49,183,34,11,23,4,2,2,113,22,91,64,11,53,0,0,0,Platt College-Anaheim,Anaheim,CA,-117.878211,33.809417,17,POINT (-117.878211 33.809417)
5775,490896,230,24,206,11,5,6,37,2,35,47,4,43,131,13,118,0,0,0,Advantage Career Institute,Eatontown,NJ,-74.050804,40.306828,4,POINT (-74.050804 40.306828)
5776,490948,6,6,0,0,0,0,5,5,0,1,1,0,0,0,0,0,0,0,Bull City Durham Beauty and Barber College,Durham,NC,-78.889993,35.989115,0,POINT (-78.889993 35.989115)
5777,490975,99,7,92,0,0,0,30,1,29,55,4,51,9,1,8,0,0,0,Fortis College-Cutler Bay,Cutler Bay,FL,-80.363995,25.585653,5,POINT (-80.363995 25.585653)
5778,491057,38,38,0,0,0,0,0,0,0,0,0,0,38,38,0,0,0,0,Yeshiva Kollel Tifereth Elizer,Brooklyn,NY,-73.992171,40.637096,0,POINT (-73.992171 40.637096)
5779,491066,52,0,52,0,0,0,0,0,0,29,0,29,14,0,14,0,0,0,Strand Institute of Beauty & Esthetics,Portland,TX,-97.319593,27.878924,9,POINT (-97.319593 27.878924)
5780,491075,42,40,2,0,0,0,7,6,1,2,2,0,32,31,1,0,0,0,Arkansas Welding Academy,Jacksonville,AR,-92.139911,34.883474,1,POINT (-92.139911 34.883474)
5781,491084,94,2,92,0,0,0,38,1,37,1,0,1,7,1,6,0,0,0,Unitech Training Academy-Baton Rouge,Baton Rouge,LA,-91.063026,30.417257,48,POINT (-91.063026 30.417257)
5782,491136,51,1,50,0,0,0,16,0,16,11,0,11,12,1,11,0,0,0,Empire Beauty School-Tampa,Tampa,FL,-82.338274,27.941959,12,POINT (-82.338274 27.941959)
5783,491145,53,5,48,0,0,0,11,0,11,19,3,16,20,2,18,0,0,0,Empire Beauty School-Lakeland,Lakeland,FL,-81.973025,28.108318,3,POINT (-81.973025 28.108318)
5784,491181,111,13,98,0,0,0,0,0,0,0,0,0,109,13,96,0,0,0,Galen College of Nursing-ARH,Hazard,KY,-83.205298,37.285896,2,POINT (-83.205298 37.285896)
5785,491190,26,5,21,4,1,3,4,2,2,9,1,8,8,0,8,1,1,0,The Chicago School of Professional Psychology at San Diego,San Diego,CA,-117.167054,32.718575,0,POINT (-117.167054 32.718575)
5786,491215,87,86,1,0,0,0,3,3,0,25,25,0,51,51,0,0,0,0,Commercial Divers International,Goodyear,AZ,-112.408598,33.409576,8,POINT (-112.408598 33.409576)
5787,491224,20,1,19,1,0,1,3,0,3,2,0,2,13,1,12,0,0,0,Tricoci University of Beauty Culture-Janesville,Janesville,WI,-89.04895,42.679712,1,POINT (-89.04895 42.679712)
5788,491233,33,1,32,5,1,4,18,0,18,1,0,1,9,0,9,0,0,0,Unlimited Cosmetology School,Hattiesburg,MS,-89.304277,31.325283,0,POINT (-89.304277 31.325283)
5789,491242,36,11,25,1,1,0,0,0,0,8,6,2,17,2,15,0,0,0,Johnny Matthew's Hairdressing Training School,Salem,OR,-123.038361,44.941812,10,POINT (-123.038361 44.941812)
5790,491251,57,34,23,0,0,0,7,5,2,9,4,5,33,19,14,0,0,0,The Culinary School of Fort Worth,Fort Worth,TX,-97.428672,32.724044,8,POINT (-97.428672 32.724044)
5791,491260,13,0,13,0,0,0,0,0,0,0,0,0,12,0,12,0,0,0,Centralia Beauty College,Centralia,WA,-122.955164,46.714769,1,POINT (-122.955164 46.714769)
5792,491288,124,24,100,2,0,2,1,0,1,4,2,2,112,22,90,0,0,0,University of Wisconsin-Milwaukee Flex,Milwaukee,WI,-87.880488,43.076848,5,POINT (-87.880488 43.076848)
5793,491297,6,4,2,0,0,0,0,0,0,1,0,1,5,4,1,0,0,0,University of Wisconsin-Parkside Flex,Kenosha,WI,-87.855007,42.645603,0,POINT (-87.855007 42.645603)
5794,491394,58,49,9,1,0,1,23,18,5,16,16,0,14,12,2,0,0,0,Miller-Motte College-Edge Tech Academy,Arlington,TX,-97.060733,32.708476,4,POINT (-97.060733 32.708476)
5795,491446,94,0,94,0,0,0,0,0,0,0,0,0,94,0,94,0,0,0,Bnos Zion Of Bobov Seminary,Brooklyn,NY,-73.991157,40.633353,0,POINT (-73.991157 40.633353)
5796,491464,112,13,99,26,6,20,11,1,10,69,5,64,3,1,2,0,0,0,ABC Adult School,Cerritos,CA,-118.070114,33.878179,3,POINT (-118.070114 33.878179)
5797,491473,171,64,107,4,2,2,62,18,44,5,1,4,98,43,55,0,0,0,Polytech Adult Education,Woodside,DE,-75.545942,39.07213,2,POINT (-75.545942 39.07213)
5798,491482,32,4,28,0,0,0,5,1,4,9,1,8,17,2,15,0,0,0,Blush School of Makeup,San Francisco,CA,-122.399413,37.794885,1,POINT (-122.399413 37.794885)
5799,491507,25,6,19,3,2,1,3,0,3,16,3,13,3,1,2,0,0,0,California Institute of Medical Science,Clovis,CA,-119.694271,36.810031,0,POINT (-119.694271 36.810031)
5800,491525,14,3,11,0,0,0,0,0,0,1,1,0,13,2,11,0,0,0,Union Bible College,Westfield,IN,-86.126025,40.038757,0,POINT (-86.126025 40.038757)
5801,491534,12,0,12,0,0,0,1,0,1,5,0,5,6,0,6,0,0,0,Pets Playground Grooming School,Pompano Beach,FL,-80.100676,26.248045,0,POINT (-80.100676 26.248045)
5802,491543,73,18,55,36,13,23,5,1,4,21,3,18,3,0,3,5,1,4,San Bernardino Beauty College,San Bernardino,CA,-117.285521,34.110518,3,POINT (-117.285521 34.110518)
5803,491570,17,1,16,0,0,0,11,0,11,2,1,1,4,0,4,0,0,0,Institute of Medical Ultrasound,Atlanta,GA,-84.386472,33.759937,0,POINT (-84.386472 33.759937)
5804,491589,14,12,2,0,0,0,10,8,2,4,4,0,0,0,0,0,0,0,Mystros Barber Academy,Houston,TX,-95.453049,30.014,0,POINT (-95.453049 30.014)
5805,491598,18,3,15,0,0,0,1,0,1,4,1,3,13,2,11,0,0,0,European Medical School of Massage,Sinking Spring,PA,-76.009382,40.320408,0,POINT (-76.009382 40.320408)
5806,491613,1,1,0,0,0,0,0,0,0,0,0,0,1,1,0,0,0,0,Yeshiva Gedolah Tiferes Boruch,North Plainfield,NJ,-74.4346,40.619593,0,POINT (-74.4346 40.619593)
5807,491622,17,17,0,0,0,0,0,0,0,0,0,0,13,13,0,4,4,0,Yeshiva Chemdas Hatorah,Lakewood,NJ,-74.229304,40.063509,0,POINT (-74.229304 40.063509)
5808,491631,52,0,52,0,0,0,0,0,0,0,0,0,52,0,52,0,0,0,Women's Institute of Torah Seminary and College,Baltimore,MD,-76.699496,39.361349,0,POINT (-76.699496 39.361349)
5809,491640,40,40,0,0,0,0,0,0,0,0,0,0,40,40,0,0,0,0,Yeshiva Gedolah Keren Hatorah,Lakewood,NJ,-74.184418,40.109281,0,POINT (-74.184418 40.109281)
5810,491659,76,40,36,10,7,3,18,11,7,19,10,9,20,8,12,0,0,0,ICOHS College,San Diego,CA,-117.16145,32.723881,9,POINT (-117.16145 32.723881)
5811,491668,113,2,111,0,0,0,0,0,0,113,2,111,0,0,0,0,0,0,Neo-Esthetique European Institute,San Juan,PR,-66.057521,18.363811,0,POINT (-66.057521 18.363811)
5812,491677,25,15,10,1,1,0,4,1,3,14,10,4,4,2,2,0,0,0,Lehigh Valley Barber School,Bethlehem,PA,-75.346918,40.639992,2,POINT (-75.346918 40.639992)
5813,491686,19,18,1,1,0,1,7,7,0,4,4,0,5,5,0,0,0,0,International Barber College,Chandler,AZ,-111.966375,33.306101,2,POINT (-111.966375 33.306101)
5814,491695,21,1,20,0,0,0,21,1,20,0,0,0,0,0,0,0,0,0,Brown Beauty Barber School,Bessemer,AL,-86.953134,33.399873,0,POINT (-86.953134 33.399873)
5815,491701,46,6,40,0,0,0,0,0,0,1,0,1,45,6,39,0,0,0,Rexburg College of Massage Therapy,Rexburg,ID,-111.80319,43.812616,0,POINT (-111.80319 43.812616)
5816,491710,13,13,0,0,0,0,0,0,0,0,0,0,13,13,0,0,0,0,Yeshiva Gedolah of Cliffwood,Keyport,NJ,-74.224235,40.442213,0,POINT (-74.224235 40.442213)
5817,491729,11,0,11,0,0,0,11,0,11,0,0,0,0,0,0,0,0,0,Goshen School of Cosmetology,Cleveland,MS,-90.713781,33.755417,0,POINT (-90.713781 33.755417)
5818,491738,60,3,57,16,1,15,0,0,0,5,0,5,10,1,9,0,0,0,IBS School of Cosmetology and Massage,Kahului,HI,-156.462848,20.892857,29,POINT (-156.462848 20.892857)
5819,491747,16,5,11,0,0,0,2,1,1,7,3,4,6,1,5,0,0,0,UR Beauty & Barber Academy,Sebring,FL,-81.432006,27.463851,1,POINT (-81.432006 27.463851)
5820,491756,68,63,5,7,6,1,17,17,0,32,31,1,3,3,0,1,0,1,Urban Barber College,Concord,CA,-122.03935,37.974933,8,POINT (-122.03935 37.974933)
5821,491765,7,7,0,0,0,0,0,0,0,0,0,0,7,7,0,0,0,0,Yeshivas Emek Hatorah,Howell,NJ,-74.232083,40.112501,0,POINT (-74.232083 40.112501)
5822,491774,66,5,61,15,1,14,40,4,36,9,0,9,2,0,2,0,0,0,Transitions Career Institute School of Nursing,Flushing,NY,-73.836391,40.770561,0,POINT (-73.836391 40.770561)
5823,491783,27,23,4,0,0,0,0,0,0,8,8,0,19,15,4,0,0,0,Suncoast Technical Education Center,Brooksville,FL,-82.463419,28.488302,0,POINT (-82.463419 28.488302)
5824,491792,105,1,104,2,0,2,2,0,2,8,0,8,79,1,78,0,0,0,Stacey James Institute,Parker,CO,-104.794689,39.533193,14,POINT (-104.794689 39.533193)
5825,491808,17,4,13,0,0,0,0,0,0,0,0,0,9,4,5,0,0,0,Meridian University,Petaluma,CA,-122.640029,38.230878,8,POINT (-122.640029 38.230878)
5826,491817,173,0,173,0,0,0,0,0,0,0,0,0,173,0,173,0,0,0,Seminary Bnos Chaim,Lakewood,NJ,-74.202886,40.051166,0,POINT (-74.202886 40.051166)
5827,491826,65,0,65,0,0,0,3,0,3,46,0,46,11,0,11,0,0,0,"Avenue Academy, A Cosmetology Institute",Albuquerque,NM,-106.531872,35.096452,5,POINT (-106.531872 35.096452)
5828,491835,85,5,80,1,0,1,13,1,12,30,1,29,28,0,28,0,0,0,Salon Professional Academy of San Antonio,San Antonio,TX,-98.47,29.59369,13,POINT (-98.47 29.59369)
5829,491844,13,3,10,0,0,0,0,0,0,1,0,1,0,0,0,0,0,0,Red Lake Nation College,Red Lake,MN,-95.009828,47.880085,12,POINT (-95.009828 47.880085)
5830,491853,23,0,23,1,0,1,0,0,0,21,0,21,1,0,1,0,0,0,Princess Institute of Beauty,Reedley,CA,-119.431745,36.603678,0,POINT (-119.431745 36.603678)
5831,491871,20,0,20,1,0,1,1,0,1,15,0,15,1,0,1,0,0,0,Vogue International Academy,Houston,TX,-95.638805,29.734776,2,POINT (-95.638805 29.734776)
5832,491880,64,60,4,4,4,0,5,5,0,19,17,2,29,27,2,0,0,0,Independent Training & Apprenticeship Program,Sacramento,CA,-121.327728,38.572171,7,POINT (-121.327728 38.572171)
5833,491899,48,7,41,15,3,12,8,0,8,18,3,15,7,1,6,0,0,0,Victory Career College,Torrance,CA,-118.291723,33.854769,0,POINT (-118.291723 33.854769)
5834,491905,57,1,56,0,0,0,37,0,37,4,0,4,16,1,15,0,0,0,Winonah's International School of Cosmetology,Hoover,AL,-86.801546,33.370224,0,POINT (-86.801546 33.370224)
5835,491914,40,40,0,0,0,0,0,0,0,0,0,0,39,39,0,1,1,0,Yeshiva Gedola Tiferes Yerachmiel,Lakewood,NJ,-74.194376,40.1037,0,POINT (-74.194376 40.1037)
5836,491923,199,4,195,3,0,3,104,2,102,10,0,10,79,2,77,0,0,0,Southeastern Esthetics Institute,Columbia,SC,-81.036091,34.007905,3,POINT (-81.036091 34.007905)
5837,491932,25,23,2,0,0,0,8,8,0,5,5,0,10,9,1,0,0,0,Installer Institute,Holly Hill,FL,-81.046805,29.254565,2,POINT (-81.046805 29.254565)
5838,491941,48,0,48,0,0,0,4,0,4,4,0,4,38,0,38,0,0,0,Caris College,Jeffersonville,IN,-85.710165,38.326417,2,POINT (-85.710165 38.326417)
5839,491950,759,131,628,80,18,62,85,15,70,313,43,270,208,37,171,0,0,0,Contra Costa Medical Career College,Antioch,CA,-121.801607,37.976815,73,POINT (-121.801607 37.976815)
5840,491969,13,0,13,0,0,0,2,0,2,1,0,1,10,0,10,0,0,0,Anousheh School of Hair,Binghamton,NY,-75.917306,42.087554,0,POINT (-75.917306 42.087554)
5841,491978,25,7,18,0,0,0,22,5,17,2,2,0,0,0,0,0,0,0,Another Level Barbering and Cosmetology School,Petersburg,VA,-77.403817,37.228645,1,POINT (-77.403817 37.228645)
5842,491996,52,3,49,0,0,0,1,1,0,14,0,14,30,1,29,0,0,0,The Salon Professional Academy-Georgetown,Georgetown,TX,-97.688068,30.635778,7,POINT (-97.688068 30.635778)
5843,492005,18,0,18,0,0,0,1,0,1,0,0,0,16,0,16,0,0,0,Elite Academy of Hair Design,Bellaire,OH,-80.744005,40.014519,1,POINT (-80.744005 40.014519)
5844,492032,78,0,78,20,0,20,7,0,7,11,0,11,38,0,38,0,0,0,Amslee Institute,Sarasota,FL,-82.43363,27.379792,2,POINT (-82.43363 27.379792)
5845,492069,10,5,5,0,0,0,1,1,0,3,1,2,6,3,3,0,0,0,Champion Christian College,Hot Springs,AR,-93.065945,34.499589,0,POINT (-93.065945 34.499589)
5846,492078,131,131,0,23,23,0,16,16,0,40,40,0,52,52,0,0,0,0,Chicago Professional Center,Prospect Heights,IL,-87.905673,42.10833,0,POINT (-87.905673 42.10833)
5847,492087,3,3,0,0,0,0,2,2,0,0,0,0,1,1,0,0,0,0,The Continents States University,Orlando,FL,-81.368734,28.538045,0,POINT (-81.368734 28.538045)
5848,492096,3,0,3,0,0,0,3,0,3,0,0,0,0,0,0,0,0,0,D&S School of Cosmetology,Waterford,MI,-83.369697,42.639596,0,POINT (-83.369697 42.639596)
5849,492139,183,140,43,0,0,0,101,68,33,14,11,3,57,51,6,0,0,0,DSDT,Detroit,MI,-83.081501,42.325621,11,POINT (-83.081501 42.325621)
5850,492157,211,197,14,3,3,0,72,66,6,88,84,4,29,27,2,0,0,0,Houston School of Carpentry,Houston,TX,-95.344636,29.741498,19,POINT (-95.344636 29.741498)
5851,492209,3,0,3,0,0,0,0,0,0,0,0,0,2,0,2,0,0,0,Reiss-Davis Graduate School,Los Angeles,CA,-118.41001,34.030844,1,POINT (-118.41001 34.030844)
5852,492281,15,10,5,0,0,0,13,8,5,1,1,0,1,1,0,0,0,0,GoodFellas Barber College,Little Rock,AR,-92.321902,34.724618,0,POINT (-92.321902 34.724618)
5853,492306,112,19,93,2,1,1,1,1,0,68,9,59,31,6,25,0,0,0,Escondido Adult School,Escondido,CA,-117.088454,33.131225,10,POINT (-117.088454 33.131225)
5854,492315,149,23,126,21,3,18,1,0,1,30,7,23,94,13,81,0,0,0,Poway Adult School,Poway,CA,-117.035819,32.978817,3,POINT (-117.035819 32.978817)
5855,492324,342,38,304,11,2,9,11,1,10,201,21,180,77,11,66,0,0,0,Vista Adult School,Vista,CA,-117.240253,33.187334,42,POINT (-117.240253 33.187334)
5856,492360,40,11,29,0,0,0,20,7,13,4,0,4,16,4,12,0,0,0,The Salon Professional Academy-Delray Beach,Delray Beach,FL,-80.119045,26.46095,0,POINT (-80.119045 26.46095)
5857,492379,31,27,4,0,0,0,0,0,0,2,1,1,27,24,3,0,0,0,Lynnes Welding Training-Bismarck,Bismarck,ND,-100.754736,46.756353,2,POINT (-100.754736 46.756353)
5858,492421,13,13,0,0,0,0,11,11,0,1,1,0,1,1,0,0,0,0,No Grease Barber School,Charlotte,NC,-80.891804,35.224657,0,POINT (-80.891804 35.224657)
5859,492449,389,44,345,18,6,12,6,1,5,225,23,202,110,10,100,0,0,0,Pima Medical Institute-San Marcos,San Marcos,CA,-117.160199,33.136906,30,POINT (-117.160199 33.136906)
5860,492476,35,8,27,0,0,0,0,0,0,35,8,27,0,0,0,0,0,0,EDP University of Puerto Rico-Villalba,Villalba,PR,-66.505648,18.109811,0,POINT (-66.505648 18.109811)
5861,492591,34,27,7,0,0,0,5,3,2,15,13,2,4,3,1,0,0,0,Wade Gordon Hairdressing Academy,Amarillo,TX,-101.873963,35.186494,10,POINT (-101.873963 35.186494)
5862,492607,14,4,10,2,0,2,8,3,5,0,0,0,3,1,2,0,0,0,Chicago School of Professional Psychology at Dallas,Richardson,TX,-96.75721,32.979753,1,POINT (-96.75721 32.979753)
5863,492643,95,16,79,5,4,1,26,4,22,10,1,9,22,6,16,0,0,0,American Massage & Bodywork Institute,Vienna,VA,-77.244736,38.926154,32,POINT (-77.244736 38.926154)
5864,492652,39,14,25,1,1,0,31,10,21,2,2,0,5,1,4,0,0,0,KCK Beauty & Barber Academy,Jacksonville,FL,-81.652099,30.428106,0,POINT (-81.652099 30.428106)
5865,492661,136,12,124,14,1,13,20,5,15,63,4,59,23,1,22,0,0,0,California College of Barbering and Cosmetology,Stockton,CA,-121.293756,38.000656,16,POINT (-121.293756 38.000656)
5866,492689,298,99,199,37,13,24,11,4,7,187,52,135,55,26,29,1,0,1,Texas Tech University Health Sciences Center-El Paso,El Paso,TX,-106.43122,31.771891,7,POINT (-106.43122 31.771891)
5867,492704,18,12,6,0,0,0,0,0,0,18,12,6,0,0,0,0,0,0,Ponce Health Sciences University-Centro Universitario de San Juan,Santurce,PR,-66.059619,18.441175,0,POINT (-66.059619 18.441175)
5868,492722,277,14,263,1,0,1,8,0,8,234,12,222,31,1,30,0,0,0,The College of Health Care Professions-South San Antonio,San Antonio,TX,-98.525559,29.355101,3,POINT (-98.525559 29.355101)
5869,492731,103,25,78,4,1,3,38,8,30,24,8,16,32,7,25,2,1,1,Innovate Salon Academy,Ewing,NJ,-74.802873,40.26517,3,POINT (-74.802873 40.26517)
5870,492759,53,4,49,1,0,1,22,0,22,2,0,2,26,3,23,0,0,0,Chamberlain University-Louisiana,Jefferson,LA,-90.152655,29.962307,2,POINT (-90.152655 29.962307)
5871,492801,377,156,221,5,1,4,17,8,9,17,4,13,301,125,176,1,0,1,Drury University-College of Continuing Professional Studies,Springfield,MO,-93.286693,37.218523,36,POINT (-93.286693 37.218523)
5872,492935,32,5,27,0,0,0,1,0,1,31,5,26,0,0,0,0,0,0,Global Medical & Technical Training Institute,Miami,FL,-80.225343,25.779693,0,POINT (-80.225343 25.779693)
5873,492953,60,3,57,2,0,2,1,0,1,30,2,28,5,0,5,0,0,0,Salon Success Academy-West Covina,West Covina,CA,-117.933801,34.070568,22,POINT (-117.933801 34.070568)
5874,492962,579,213,366,2,0,2,134,31,103,26,11,15,356,139,217,2,1,1,Indiana Institute of Technology-College of Professional Studies,Fort Wayne,IN,-85.115424,41.076613,59,POINT (-85.115424 41.076613)
5875,493071,63,12,51,0,0,0,0,0,0,63,12,51,0,0,0,0,0,0,Advantage Technical College,San Juan,PR,-66.081082,18.454692,0,POINT (-66.081082 18.454692)
5876,493080,260,133,127,54,28,26,8,4,4,55,26,29,90,44,46,0,0,0,Institute of Culinary Education,Pasadena,CA,-118.139351,34.144829,53,POINT (-118.139351 34.144829)
5877,493132,256,249,7,13,13,0,23,22,1,121,118,3,65,63,2,1,1,0,Universal Technical Institute-Bloomfield,Bloomfield,NJ,-74.180997,40.841102,33,POINT (-74.180997 40.841102)
5878,493150,105,5,100,1,0,1,51,3,48,5,1,4,39,1,38,0,0,0,Gould's Academy,Bartlett,TN,-89.795642,35.206685,9,POINT (-89.795642 35.206685)
5879,493363,10,7,3,0,0,0,0,0,0,0,0,0,10,7,3,0,0,0,Institute of Lutheran Theology,Brookings,SD,-96.789515,44.308861,0,POINT (-96.789515 44.308861)
5880,493372,10,1,9,0,0,0,0,0,0,4,1,3,4,0,4,0,0,0,Toni & Guy Hairdressing Academy-Rio Rancho,Rio Rancho,NM,-106.677601,35.241061,2,POINT (-106.677601 35.241061)
5881,493451,73,7,66,1,0,1,5,1,4,2,1,1,64,5,59,0,0,0,WellSpring School of Allied Health-Springfield,Springfield,MO,-93.291006,37.229916,1,POINT (-93.291006 37.229916)
5882,493479,9,3,6,0,0,0,1,0,1,3,1,2,4,2,2,0,0,0,Medical Career College of Northern California,Roseville,CA,-121.293121,38.723329,1,POINT (-121.293121 38.723329)
5883,493488,2,0,2,0,0,0,2,0,2,0,0,0,0,0,0,0,0,0,Premiere International College,Fort Myers,FL,-81.864154,26.639307,0,POINT (-81.864154 26.639307)
5884,493497,10,2,8,1,0,1,3,0,3,0,0,0,6,2,4,0,0,0,Kenny's Beauty Academy,Arlington,VA,-77.103044,38.886467,0,POINT (-77.103044 38.886467)
5885,493503,30,18,12,0,0,0,3,2,1,15,11,4,9,3,6,1,0,1,American Fitness and Nutrition Academy,Pasadena,CA,-118.131854,34.1397,2,POINT (-118.131854 34.1397)
5886,493512,72,46,26,0,0,0,17,16,1,41,19,22,13,11,2,0,0,0,San Diego Global Knowledge University,San Diego,CA,-117.154966,32.708222,1,POINT (-117.154966 32.708222)
5887,493521,1,1,0,0,0,0,0,0,0,0,0,0,1,1,0,0,0,0,Global Tech College,Toledo,OH,-83.622983,41.697492,0,POINT (-83.622983 41.697492)
5888,493530,27,6,21,0,0,0,2,0,2,1,0,1,24,6,18,0,0,0,Crown Cutz Academy Bristol,Bristol,VA,-82.192413,36.605279,0,POINT (-82.192413 36.605279)
5889,493549,49,41,8,0,0,0,0,0,0,46,38,8,2,2,0,0,0,0,MCI,McAllen,TX,-98.22256,26.199744,1,POINT (-98.22256 26.199744)
5890,493558,11,11,0,0,0,0,0,0,0,0,0,0,11,11,0,0,0,0,Central Pennsylvania Diesel Institute,Liverpool,PA,-76.990343,40.551071,0,POINT (-76.990343 40.551071)
5891,493567,70,3,67,0,0,0,22,2,20,38,0,38,10,1,9,0,0,0,Bellasa Professional Institute,North Miami,FL,-80.183799,25.890157,0,POINT (-80.183799 25.890157)
5892,493576,13,0,13,0,0,0,9,0,9,0,0,0,3,0,3,0,0,0,PMCA Pittsburgh Multicultural Cosmetology Academy,Pittsburgh,PA,-79.99942,40.439395,1,POINT (-79.99942 40.439395)
5893,493594,16,16,0,0,0,0,0,0,0,0,0,0,16,16,0,0,0,0,Yeshiva of Ocean,Greenfield Park,NY,-74.501698,41.732961,0,POINT (-74.501698 41.732961)
5894,493600,8,8,0,0,0,0,0,0,0,0,0,0,8,8,0,0,0,0,Congregation Talmidei Mesivta Tiferes Shmiel Aleksander,Brooklyn,NY,-73.994778,40.624233,0,POINT (-73.994778 40.624233)
5895,493619,31,13,18,1,0,1,1,0,1,1,1,0,20,10,10,5,1,4,Young Americans College of the Performing Arts,Corona,CA,-117.542501,33.859246,3,POINT (-117.542501 33.859246)
5896,493628,85,5,80,10,4,6,28,0,28,30,1,29,10,0,10,0,0,0,Pro Beauty Academy,Edison,NJ,-74.340019,40.571036,7,POINT (-74.340019 40.571036)
5897,493646,185,0,185,0,0,0,0,0,0,0,0,0,185,0,185,0,0,0,Ohel Margulia Seminary,Monsey,NY,-74.065909,41.121839,0,POINT (-74.065909 41.121839)
5898,493655,39,31,8,0,0,0,15,14,1,23,17,6,1,0,1,0,0,0,Montana Barber Institute,El Paso,TX,-106.265623,31.763303,0,POINT (-106.265623 31.763303)
5899,493664,22,22,0,0,0,0,0,0,0,0,0,0,22,22,0,0,0,0,Yeshivat Hechal Shemuel,Brooklyn,NY,-73.963924,40.611565,0,POINT (-73.963924 40.611565)
5900,493673,27,11,16,0,0,0,0,0,0,27,11,16,0,0,0,0,0,0,Puerto Rico School of Nurse Anesthetists,Hato Rey,PR,-66.054156,18.411332,0,POINT (-66.054156 18.411332)
5901,493682,35,0,35,0,0,0,11,0,11,8,0,8,14,0,14,0,0,0,American Institute of Healthcare & Technology,Stratford,CT,-73.150918,41.170738,2,POINT (-73.150918 41.170738)
5902,493691,8,0,8,0,0,0,0,0,0,0,0,0,8,0,8,0,0,0,Premier Academy of Cosmetology,McAlester,OK,-95.766472,34.941596,0,POINT (-95.766472 34.941596)
5903,493707,16,16,0,0,0,0,0,0,0,0,0,0,15,15,0,1,1,0,Yeshiva Gedolah of Woodlake Village,Lakewood,NJ,-74.169645,40.099738,0,POINT (-74.169645 40.099738)
5904,493716,38,38,0,0,0,0,0,0,0,0,0,0,38,38,0,0,0,0,Yeshiva Gedola Tiferes Yaakov Yitzchok,Lakewood,NJ,-74.223022,40.056542,0,POINT (-74.223022 40.056542)
5905,493725,231,85,146,3,2,1,45,6,39,2,1,1,158,72,86,1,0,1,University of Arkansas System eVersity,Little Rock,AR,-92.343582,34.775996,22,POINT (-92.343582 34.775996)
5906,493734,12,9,3,0,0,0,10,7,3,2,2,0,0,0,0,0,0,0,Careers Institute of America,Dallas,TX,-96.838457,32.9341,0,POINT (-96.838457 32.9341)
5907,493743,143,80,63,3,1,2,64,44,20,69,32,37,7,3,4,0,0,0,Houston Barber School,Houston,TX,-95.415514,29.966414,0,POINT (-95.415514 29.966414)
5908,493752,15,0,15,0,0,0,15,0,15,0,0,0,0,0,0,0,0,0,Health-Tech Institute of Memphis,Memphis,TN,-89.934826,35.049269,0,POINT (-89.934826 35.049269)
5909,493761,42,18,24,6,3,3,11,4,7,14,9,5,8,2,6,0,0,0,MIXED Institute of Cosmetology & Barber,Sacramento,CA,-121.43577,38.495699,3,POINT (-121.43577 38.495699)
5910,493770,24,1,23,0,0,0,2,0,2,2,0,2,20,1,19,0,0,0,Vski Cosmetology School,Charleston,SC,-80.031699,32.798291,0,POINT (-80.031699 32.798291)
5911,493789,72,0,72,3,0,3,25,0,25,19,0,19,5,0,5,0,0,0,Shear Perfection Academy of Cosmetology,Nashville,TN,-86.709812,36.04762,20,POINT (-86.709812 36.04762)
5912,493798,226,0,226,0,0,0,0,0,0,0,0,0,226,0,226,0,0,0,New York Seminary,Brooklyn,NY,-73.977011,40.63193,0,POINT (-73.977011 40.63193)
5913,493804,56,43,13,0,0,0,18,17,1,34,23,11,4,3,1,0,0,0,Deluxe Barber College,San Antonio,TX,-98.400819,29.554971,0,POINT (-98.400819 29.554971)
5914,493813,68,4,64,1,0,1,23,3,20,21,0,21,14,0,14,0,0,0,Falcon Institute of Health and Science,Bethlehem,PA,-75.42429,40.651462,9,POINT (-75.42429 40.651462)
5915,493822,30,7,23,1,0,1,7,3,4,8,1,7,7,1,6,0,0,0,College Unbound,Providence,RI,-71.412848,41.80644,7,POINT (-71.412848 41.80644)
5916,493831,10,6,4,0,0,0,8,6,2,1,0,1,1,0,1,0,0,0,Midwest Barber College,Topeka,KS,-95.689254,39.000284,0,POINT (-95.689254 39.000284)
5917,493868,32,28,4,0,0,0,8,7,1,20,19,1,3,1,2,0,0,0,A Better U Beauty Barber Academy,Albuquerque,NM,-106.583765,35.11063,1,POINT (-106.583765 35.11063)
5918,493895,296,264,32,18,16,2,13,12,1,25,22,3,178,159,19,11,9,2,SANS Technology Institute,North Bethesda,MD,-77.110758,39.040814,51,POINT (-77.110758 39.040814)
5919,493910,1,0,1,0,0,0,0,0,0,0,0,0,0,0,0,0,0,0,Tuana European Beauty Academy,Fort Collins,CO,-105.076724,40.575844,1,POINT (-105.076724 40.575844)
5920,493992,250,59,191,1,1,0,89,16,73,69,12,57,78,27,51,0,0,0,Southern Careers Institute-Waco,Waco,TX,-97.139246,31.512387,13,POINT (-97.139246 31.512387)
5921,494001,85,2,83,0,0,0,41,1,40,11,0,11,31,1,30,0,0,0,Elevate Salon Institute,Durham,NC,-78.898377,35.993485,2,POINT (-78.898377 35.993485)
5922,494010,38,13,25,7,2,5,18,4,14,7,4,3,5,3,2,0,0,0,Ponce Health Sciences University-St Louis,St. Louis,MO,-90.195676,38.63271,1,POINT (-90.195676 38.63271)
5923,494029,5,4,1,0,0,0,4,3,1,1,1,0,0,0,0,0,0,0,Lil Lou's Beauty and Barber College-Hammond,Hammond,IN,-87.521717,41.611381,0,POINT (-87.521717 41.611381)
5924,494162,3,0,3,0,0,0,2,0,2,0,0,0,1,0,1,0,0,0,Arizona College of Nursing-Dallas,Dallas,TX,-96.75999,32.923106,0,POINT (-96.75999 32.923106)
5925,494171,87,8,79,4,0,4,8,0,8,16,2,14,51,4,47,0,0,0,Arizona College of Nursing-Tempe,Tempe,AZ,-111.965808,33.403079,8,POINT (-111.965808 33.403079)
5926,494232,85,4,81,1,0,1,57,1,56,9,1,8,16,2,14,0,0,0,The Salon Professional Academy-Washington DC,Washington,DC,-77.006322,38.90294,2,POINT (-77.006322 38.90294)
5927,494250,95,6,89,0,0,0,39,2,37,13,0,13,23,2,21,0,0,0,Valley College-Cleveland,Cleveland,OH,-81.747723,41.419409,20,POINT (-81.747723 41.419409)
5928,494269,15,12,3,1,1,0,2,1,1,0,0,0,11,9,2,0,0,0,National American University-Kings Bay,Kings Bay,GA,-81.567371,30.809739,1,POINT (-81.567371 30.809739)
5929,494278,63,6,57,0,0,0,0,0,0,63,6,57,0,0,0,0,0,0,EDP University of Puerto Rico-Humacao,Humacao,PR,-65.82455,18.150762,0,POINT (-65.82455 18.150762)
5930,494287,100,30,70,0,0,0,0,0,0,100,30,70,0,0,0,0,0,0,EDP University of Puerto Rico-Manati,Manati,PR,-66.490949,18.429431,0,POINT (-66.490949 18.429431)
5931,494357,456,127,329,19,7,12,22,2,20,64,17,47,14,6,8,0,0,0,UEI College-Sacramento,Sacramento,CA,-121.454197,38.494532,337,POINT (-121.454197 38.494532)
5932,494436,97,25,72,0,0,0,3,1,2,6,2,4,83,19,64,0,0,0,Fortis Institute-Cookeville,Cookeville,TN,-85.478765,36.143291,5,POINT (-85.478765 36.143291)
5933,494463,224,0,224,0,0,0,0,0,0,0,0,0,224,0,224,0,0,0,Derech Hachaim Seminary,Monroe,NY,-74.161936,41.337206,0,POINT (-74.161936 41.337206)
5934,494472,8,0,8,0,0,0,2,0,2,3,0,3,3,0,3,0,0,0,Evvaylois Academy School of Beauty,Brenham,TX,-96.388462,30.148715,0,POINT (-96.388462 30.148715)
5935,494524,101,2,99,1,0,1,7,1,6,36,0,36,45,1,44,1,0,1,Avenue Five Institute-South Austin Campus,Austin,TX,-97.756266,30.221953,11,POINT (-97.756266 30.221953)
5936,494551,15,1,14,2,0,2,3,0,3,0,0,0,10,1,9,0,0,0,Glasgow Caledonian New York College,New York,NY,-74.001699,40.723346,0,POINT (-74.001699 40.723346)
5937,494588,181,23,158,2,1,1,18,4,14,128,11,117,27,4,23,0,0,0,Pima Medical Institute-San Antonio,San Antonio,TX,-98.540716,29.488708,6,POINT (-98.540716 29.488708)
5938,494597,39,15,24,1,0,1,10,5,5,7,3,4,21,7,14,0,0,0,Faith Theological Seminary and Christian College,Tampa,FL,-82.582376,28.018844,0,POINT (-82.582376 28.018844)
5939,494603,644,496,148,107,71,36,27,13,14,88,66,22,294,236,58,7,4,3,Southwestern Baptist Theological Seminary,Fort Worth,TX,-97.348233,32.681685,121,POINT (-97.348233 32.681685)
5940,494621,59,6,53,3,0,3,14,1,13,2,0,2,37,4,33,0,0,0,Lotus Professional College,Richmond,VA,-77.576237,37.594751,3,POINT (-77.576237 37.594751)
5941,494630,7,4,3,0,0,0,0,0,0,6,3,3,1,1,0,0,0,0,Christ Mission College,San Antonio,TX,-98.70699,29.543412,0,POINT (-98.70699 29.543412)
5942,494649,15,0,15,0,0,0,0,0,0,0,0,0,15,0,15,0,0,0,Esteem Academy of Beauty,South Ogden,UT,-111.93946,41.161895,0,POINT (-111.93946 41.161895)
5943,494658,22,2,20,3,0,3,5,0,5,9,0,9,2,1,1,1,1,0,KC Beauty Academy,Los Angeles,CA,-118.235894,34.048458,2,POINT (-118.235894 34.048458)
5944,494685,49,21,28,1,1,0,3,1,2,8,3,5,33,14,19,2,1,1,Urshan College,Wentzville,MO,-90.830252,38.808034,2,POINT (-90.830252 38.808034)
5945,494694,75,0,75,10,0,10,39,0,39,5,0,5,18,0,18,0,0,0,Texas Healthtech Institute,Beaumont,TX,-94.206012,30.064641,3,POINT (-94.206012 30.064641)
5946,494700,19,1,18,0,0,0,0,0,0,17,1,16,0,0,0,2,0,2,Xtylo Beauty College,Phoenix,AZ,-112.004521,33.479573,0,POINT (-112.004521 33.479573)
5947,494719,26,20,6,0,0,0,17,13,4,5,4,1,3,3,0,0,0,0,Tonsorial Arts Barber College,Texarkana,TX,-94.079302,33.435351,1,POINT (-94.079302 33.435351)
5948,494728,21,18,3,0,0,0,11,9,2,9,8,1,1,1,0,0,0,0,Michael's Barber & Hair Stylist Academy,Irving,TX,-96.978283,32.838765,0,POINT (-96.978283 32.838765)
5949,494737,32,32,0,0,0,0,0,0,0,0,0,0,32,32,0,0,0,0,Yeshiva Yesoda Hatorah Vetz Chaim,Brooklyn,NY,-73.961026,40.706959,0,POINT (-73.961026 40.706959)
5950,494746,31,5,26,4,2,2,1,0,1,5,0,5,8,2,6,0,0,0,North-West College-San Diego,San Diego,CA,-117.066577,32.765537,13,POINT (-117.066577 32.765537)
5951,494755,25,2,23,1,0,1,2,0,2,0,0,0,22,2,20,0,0,0,West Virginia Junior College-United Career Institute,Irwin,PA,-79.690734,40.321221,0,POINT (-79.690734 40.321221)
5952,494764,15,14,1,0,0,0,4,3,1,3,3,0,7,7,0,0,0,0,Aviation Institute of Maintenance-Charlotte,Charlotte,NC,-80.736311,35.161941,1,POINT (-80.736311 35.161941)
5953,494807,96,22,74,0,0,0,0,0,0,96,22,74,0,0,0,0,0,0,Ponce Health Sciences University-East,Ponce,PR,-66.589688,18.0083,0,POINT (-66.589688 18.0083)
5954,494843,347,24,323,8,1,7,213,16,197,100,7,93,18,0,18,0,0,0,Fortis College-Landover,Landover,MD,-76.866209,38.949983,8,POINT (-76.866209 38.949983)
5955,494852,394,103,291,5,2,3,71,7,64,98,36,62,202,52,150,0,0,0,Stautzenberger College-Rockford Career College,Rockford,IL,-89.027291,42.255903,18,POINT (-89.027291 42.255903)
5956,494898,39,2,37,0,0,0,3,0,3,3,1,2,30,1,29,0,0,0,WellSpring School of Allied Health-Wichita,Wichita,KS,-97.443119,37.673622,3,POINT (-97.443119 37.673622)
5957,494904,318,27,291,8,0,8,77,7,70,129,10,119,92,7,85,0,0,0,Access Careers-Islandia,Islandia,NY,-73.175617,40.800874,12,POINT (-73.175617 40.800874)
5958,494940,1,1,0,0,0,0,0,0,0,0,0,0,0,0,0,1,1,0,California Arts University,Fullerton,CA,-117.980622,33.869778,0,POINT (-117.980622 33.869778)
5959,494959,15,2,13,1,1,0,0,0,0,1,0,1,11,0,11,0,0,0,Northern Pennsylvania Regional College,Warren,PA,-79.147078,41.845727,2,POINT (-79.147078 41.845727)
5960,494977,99,10,89,1,0,1,92,8,84,6,2,4,0,0,0,0,0,0,American Medical Institute Inc.,Houston,TX,-95.596735,29.702418,0,POINT (-95.596735 29.702418)
5961,494986,10,1,9,0,0,0,0,0,0,1,0,1,8,1,7,0,0,0,Apex College of Veterinary Technology,Colorado Springs,CO,-104.813477,38.828277,1,POINT (-104.813477 38.828277)
5962,494995,2,2,0,0,0,0,2,2,0,0,0,0,0,0,0,0,0,0,Meryma'at Barber College,Cleveland,OH,-81.777912,41.458723,0,POINT (-81.777912 41.458723)
5963,495013,52,47,5,4,4,0,0,0,0,15,12,3,28,26,2,0,0,0,Western Maricopa Education Center,Glendale,AZ,-112.292829,33.535973,5,POINT (-112.292829 33.535973)
5964,495031,19,19,0,0,0,0,0,0,0,0,0,0,19,19,0,0,0,0,Bais Medrash of Dexter Park,Chestnut Ridge,NY,-74.045927,41.081404,0,POINT (-74.045927 41.081404)
5965,495040,69,0,69,23,0,23,3,0,3,7,0,7,5,0,5,0,0,0,Makana Esthetics Wellness Academy,Honolulu,HI,-157.869172,21.315179,31,POINT (-157.869172 21.315179)
5966,495059,9,7,2,0,0,0,0,0,0,4,3,1,5,4,1,0,0,0,Oak Valley College,Rialto,CA,-117.39089,34.150067,0,POINT (-117.39089 34.150067)
5967,495077,3,0,3,0,0,0,0,0,0,3,0,3,0,0,0,0,0,0,Paul Mitchell the School-San Jose,San Jose,CA,-121.814156,37.325292,0,POINT (-121.814156 37.325292)
5968,495101,41,8,33,0,0,0,0,0,0,2,1,1,36,6,30,0,0,0,Zion Massage College,St. George,UT,-113.618974,37.097894,3,POINT (-113.618974 37.097894)
5969,495110,5,5,0,0,0,0,0,0,0,0,0,0,5,5,0,0,0,0,Great Lakes Boat Building School,Cedarville,MI,-84.362578,45.992299,0,POINT (-84.362578 45.992299)
5970,495129,61,54,7,5,4,1,5,3,2,36,36,0,15,11,4,0,0,0,Austin Career Institute,Austin,TX,-97.726714,30.36933,0,POINT (-97.726714 30.36933)
5971,495138,8,4,4,0,0,0,5,2,3,2,1,1,1,1,0,0,0,0,Professional Culinary Academy,Buffalo,NY,-78.876532,42.920978,0,POINT (-78.876532 42.920978)
5972,495147,10,5,5,0,0,0,0,0,0,2,0,2,6,4,2,2,1,1,Gather 4 Him Christian College,Kennewick,WA,-119.161961,46.212057,0,POINT (-119.161961 46.212057)
5973,495165,26,1,25,1,0,1,5,0,5,19,1,18,1,0,1,0,0,0,Royal Learning Institute,New York,NY,-73.995353,40.748713,0,POINT (-73.995353 40.748713)
5974,495174,12,5,7,0,0,0,0,0,0,12,5,7,0,0,0,0,0,0,Hollywood Cultural College,Los Angeles,CA,-118.299523,34.061319,0,POINT (-118.299523 34.061319)
5975,495183,13,8,5,0,0,0,0,0,0,3,1,2,0,0,0,10,7,3,Mariano Moreno Culinary Institute,Miami,FL,-80.228896,25.750902,0,POINT (-80.228896 25.750902)
5976,495192,172,33,139,10,1,9,25,5,20,97,17,80,33,9,24,0,0,0,Alder Graduate School of Education,Redwood City,CA,-122.239258,37.486305,7,POINT (-122.239258 37.486305)
5977,495208,8,7,1,0,0,0,6,5,1,2,2,0,0,0,0,0,0,0,Webb's Barber School of Arts,Macon,GA,-83.710533,32.825269,0,POINT (-83.710533 32.825269)
5978,495217,32,24,8,0,0,0,20,16,4,0,0,0,12,8,4,0,0,0,Adrian H. Wallace Barber Academy,Pensacola,FL,-87.213526,30.453536,0,POINT (-87.213526 30.453536)
5979,495226,4,0,4,0,0,0,0,0,0,0,0,0,4,0,4,0,0,0,St. Louis Med Tech,St. Louis,MO,-90.335689,38.551852,0,POINT (-90.335689 38.551852)
5980,495235,2,1,1,0,0,0,2,1,1,0,0,0,0,0,0,0,0,0,Total Beauty Institute,Jacksonville,FL,-81.657851,30.37218,0,POINT (-81.657851 30.37218)
5981,495244,35,1,34,1,0,1,26,1,25,5,0,5,3,0,3,0,0,0,Pearlands Innovative School of Beauty,Pearland,TX,-95.365954,29.55683,0,POINT (-95.365954 29.55683)
5982,495253,21,2,19,0,0,0,1,0,1,2,1,1,12,1,11,0,0,0,Durant Institute of Hair Design,Durant,OK,-96.405502,34.005777,6,POINT (-96.405502 34.005777)
5983,495262,23,0,23,2,0,2,0,0,0,1,0,1,18,0,18,0,0,0,Premiere Aesthetics Institute,Bend,OR,-121.312398,44.061478,2,POINT (-121.312398 44.061478)
5984,495271,2,0,2,0,0,0,0,0,0,1,0,1,1,0,1,0,0,0,California Indian Nations College,Palm Desert,CA,-116.353365,33.773732,0,POINT (-116.353365 33.773732)
5985,495280,8,5,3,0,0,0,0,0,0,0,0,0,2,1,1,0,0,0,Indian Bible College,Flagstaff,AZ,-111.615734,35.21783,6,POINT (-111.615734 35.21783)
5986,495299,15,0,15,0,0,0,0,0,0,15,0,15,0,0,0,0,0,0,Florida Professional Institute,Miami,FL,-80.324728,25.733948,0,POINT (-80.324728 25.733948)
5987,495305,49,11,38,0,0,0,0,0,0,45,8,37,0,0,0,4,3,1,The Professional Cosmetology Academy,Laredo,TX,-99.481765,27.555981,0,POINT (-99.481765 27.555981)
5988,495314,18,11,7,6,6,0,1,1,0,0,0,0,11,4,7,0,0,0,Hackensack Meridian School of Medicine,Nutley,NJ,-74.155128,40.833902,0,POINT (-74.155128 40.833902)
5989,495341,8,4,4,0,0,0,1,0,1,0,0,0,5,2,3,0,0,0,Taylor Andrews Academy of Hair Design-Hair Lab Detroit Barber School,Southgate,MI,-83.214501,42.198536,2,POINT (-83.214501 42.198536)
5990,495350,6,3,3,0,0,0,0,0,0,1,1,0,3,1,2,0,0,0,Paul Mitchell the School-Reno-North Tahoe,Truckee,CA,-120.222884,39.324674,2,POINT (-120.222884 39.324674)
5991,495369,25,3,22,0,0,0,7,1,6,5,1,4,7,1,6,0,0,0,Paul Mitchell the School-Fort Lauderdale,Plantation,FL,-80.255003,26.117978,6,POINT (-80.255003 26.117978)
5992,495378,42,0,42,1,0,1,5,0,5,5,0,5,31,0,31,0,0,0,PCI Academy-Iowa City,Iowa City,IA,-91.503091,41.642665,0,POINT (-91.503091 41.642665)
5993,495387,2,2,0,0,0,0,1,1,0,1,1,0,0,0,0,0,0,0,Larry's Barber College,Chicago,IL,-87.607449,41.751137,0,POINT (-87.607449 41.751137)
5994,495396,12,2,10,1,0,1,5,1,4,6,1,5,0,0,0,0,0,0,Royal Learning Institute,Jackson Heights,NY,-73.889629,40.748716,0,POINT (-73.889629 40.748716)
5995,495411,72,6,66,0,0,0,0,0,0,4,1,3,8,2,6,0,0,0,Paul Mitchell the School-Richland-Provo,Provo,UT,-111.642161,40.24048,60,POINT (-111.642161 40.24048)
5996,495518,8,0,8,0,0,0,5,0,5,0,0,0,2,0,2,0,0,0,Empire Beauty School-Newport News,Newport News,VA,-76.504353,37.114415,1,POINT (-76.504353 37.114415)
5997,495730,40,1,39,4,0,4,6,0,6,1,0,1,27,1,26,0,0,0,Tricoci University of Beauty Culture-Normal,Normal,IL,-89.001721,40.531563,2,POINT (-89.001721 40.531563)
5998,495767,22059,11550,10509,1422,772,650,1061,477,584,1543,713,830,14123,7375,6748,2553,1512,1041,The Pennsylvania State University,University Park,PA,-77.862848,40.7965,1357,POINT (-77.862848 40.7965)
5999,495776,35,33,2,2,2,0,4,4,0,23,22,1,5,5,0,0,0,0,Elite Welding Academy,Houston,TX,-95.298611,29.700719,1,POINT (-95.298611 29.700719)
6000,495794,136,5,131,0,0,0,34,1,33,6,0,6,89,3,86,0,0,0,Paul Mitchell the School-Murfreesboro-Nashville,Hendersonville,TN,-86.601113,36.307547,7,POINT (-86.601113 36.307547)
6001,495837,126,8,118,1,0,1,45,1,44,14,2,12,53,4,49,0,0,0,Dorsey College-Woodhaven,Woodhaven,MI,-83.223919,42.142483,13,POINT (-83.223919 42.142483)
6002,495916,2,2,0,0,0,0,0,0,0,0,0,0,1,1,0,0,0,0,Pathways College,Pasadena,CA,-118.078697,34.152285,1,POINT (-118.078697 34.152285)
6003,495925,64,4,60,0,0,0,0,0,0,45,2,43,8,1,7,0,0,0,San Joaquin Valley College-Madera,Madera,CA,-120.082716,36.976963,11,POINT (-120.082716 36.976963)
6004,495934,58,3,55,4,1,3,0,0,0,52,1,51,1,0,1,0,0,0,San Joaquin Valley College-Delano,Delano,CA,-119.229077,35.774826,1,POINT (-119.229077 35.774826)
6005,495943,47,1,46,0,0,0,0,0,0,25,1,24,19,0,19,0,0,0,San Joaquin Valley College-Atascadero,Atascadero,CA,-120.652852,35.471527,3,POINT (-120.652852 35.471527)
6006,495952,45,15,30,0,0,0,1,0,1,30,8,22,3,1,2,0,0,0,San Joaquin Valley College-Rancho Mirage,Rancho Mirage,CA,-116.390793,33.798782,11,POINT (-116.390793 33.798782)
6007,495961,38,4,34,3,2,1,1,0,1,27,1,26,3,0,3,1,0,1,San Joaquin Valley College-Santa Maria,Santa Maria,CA,-120.433296,34.937806,3,POINT (-120.433296 34.937806)
6008,495970,24,10,14,0,0,0,0,0,0,24,10,14,0,0,0,0,0,0,Advantage Technical College-Aguadilla,Aguadilla,PR,-67.154491,18.433012,0,POINT (-67.154491 18.433012)
6009,495998,94,6,88,2,0,2,3,2,1,68,4,64,17,0,17,0,0,0,San Joaquin Valley College-Porterville,Porterville,CA,-119.01576,36.071598,4,POINT (-119.01576 36.071598)
6010,496043,58,18,40,23,7,16,3,1,2,12,5,7,10,3,7,0,0,0,California University of Science and Medicine,Colton,CA,-117.350487,34.077252,10,POINT (-117.350487 34.077252)
6011,496052,18,10,8,1,0,1,3,3,0,10,4,6,4,3,1,0,0,0,Ruben's Five Star Academy,Lake Wales,FL,-81.591914,27.896937,0,POINT (-81.591914 27.896937)
6012,496061,374,5,369,18,2,16,94,1,93,30,1,29,175,1,174,0,0,0,Mason Anthony School of Cosmetology Arts & Sciences,Hilliard,OH,-83.151152,40.00274,57,POINT (-83.151152 40.00274)
6013,496186,44,39,5,6,5,1,12,11,1,3,3,0,7,5,2,0,0,0,California Institute of Arts & Technology-National City,National City,CA,-117.106076,32.661577,16,POINT (-117.106076 32.661577)
6014,496265,1,1,0,0,0,0,0,0,0,0,0,0,1,1,0,0,0,0,Triangle Tech-Chambersburg,Chambersburg,PA,-77.642205,39.995848,0,POINT (-77.642205 39.995848)
6015,496283,4,0,4,0,0,0,0,0,0,1,0,1,3,0,3,0,0,0,Provo College-Idaho Falls Campus,Idaho Falls,ID,-112.00228,43.481,0,POINT (-112.00228 43.481)
6016,496292,47,38,9,0,0,0,16,11,5,2,2,0,27,23,4,0,0,0,Miller-Motte College-Chattanooga 2,Chattanooga,TN,-85.240436,35.092311,2,POINT (-85.240436 35.092311)
6017,496326,4,0,4,0,0,0,0,0,0,0,0,0,3,0,3,0,0,0,Eagle Gate College-Boise Campus,Boise,ID,-116.298572,43.59091,1,POINT (-116.298572 43.59091)
6018,496371,4,4,0,0,0,0,0,0,0,0,0,0,4,4,0,0,0,0,Elite Welding Academy South Point,South Point,OH,-82.594354,38.447233,0,POINT (-82.594354 38.447233)
6019,496399,20,1,19,0,0,0,3,0,3,13,1,12,3,0,3,0,0,0,Agape College of Business and Science,Fresno,CA,-119.787874,36.741252,1,POINT (-119.787874 36.741252)
6020,496469,25,3,22,0,0,0,0,0,0,0,0,0,0,0,0,25,3,22,Daybreak University,Los Angeles,CA,-118.308745,34.041256,0,POINT (-118.308745 34.041256)
6021,496478,39,30,9,0,0,0,7,3,4,1,1,0,30,26,4,0,0,0,Motion Picture Institute,Troy,MI,-83.166066,42.55223,1,POINT (-83.166066 42.55223)
6022,496511,9,0,9,0,0,0,1,0,1,2,0,2,6,0,6,0,0,0,United College of Health and Beauty,Englewood,CO,-104.988217,39.639983,0,POINT (-104.988217 39.639983)
6023,496520,5,0,5,0,0,0,0,0,0,0,0,0,5,0,5,0,0,0,Zen Shiatsu Chicago,Evanston,IL,-87.68287,42.043862,0,POINT (-87.68287 42.043862)
6024,496539,44,0,44,1,0,1,0,0,0,5,0,5,35,0,35,0,0,0,The  Salon Professional Academy of Holland,Holland,MI,-86.090522,42.822173,3,POINT (-86.090522 42.822173)
6025,496593,317,206,111,20,11,9,8,7,1,22,15,7,217,139,78,0,0,0,Turing School of Software & Design,Denver,CO,-104.996525,39.750965,50,POINT (-104.996525 39.750965)
6026,496627,297,128,169,136,56,80,11,6,5,7,3,4,89,40,49,0,0,0,California Northstate University,Elk Grove,CA,-121.481542,38.405942,54,POINT (-121.481542 38.405942)
6027,496636,94,22,72,0,0,0,6,1,5,88,21,67,0,0,0,0,0,0,Antigua College International,Miami Lakes,FL,-80.327618,25.904817,0,POINT (-80.327618 25.904817)
6028,496645,62,29,33,1,0,1,13,3,10,6,4,2,37,20,17,0,0,0,Burlington County Institute of Technology-Adult Education,Westampton,NJ,-74.822846,40.018851,5,POINT (-74.822846 40.018851)
6029,496654,36,10,26,14,2,12,4,2,2,15,5,10,3,1,2,0,0,0,Sri Sai Krish Institute,Stanton,CA,-117.992384,33.783051,0,POINT (-117.992384 33.783051)
6030,496663,32,25,7,0,0,0,17,14,3,15,11,4,0,0,0,0,0,0,Riggins Urban Barber College,San Diego,CA,-117.086115,32.706069,0,POINT (-117.086115 32.706069)
6031,496672,10,2,8,0,0,0,0,0,0,1,0,1,8,1,7,0,0,0,Hair Arts Institute,Oklahoma City,OK,-97.567807,35.621821,1,POINT (-97.567807 35.621821)
6032,496681,20,2,18,0,0,0,18,1,17,1,1,0,0,0,0,0,0,0,Florida Academy of Nursing,Miramar,FL,-80.306128,25.978064,1,POINT (-80.306128 25.978064)
6033,496690,3,0,3,0,0,0,0,0,0,0,0,0,2,0,2,0,0,0,Body Wisdom Massage Therapy School,Urbandale,IA,-93.734181,41.629798,1,POINT (-93.734181 41.629798)
6034,496706,204,105,99,3,1,2,123,64,59,20,12,8,56,27,29,0,0,0,Lakewood University,Cleveland Heights,OH,-81.561292,41.53011,2,POINT (-81.561292 41.53011)
6035,496715,44,4,40,16,2,14,22,2,20,2,0,2,4,0,4,0,0,0,CTK Healthcare & Career Institute,Irving,TX,-96.993287,32.854097,0,POINT (-96.993287 32.854097)
6036,496724,28,0,28,0,0,0,6,0,6,0,0,0,21,0,21,0,0,0,Aesthetics Institute,St. Louis,MO,-90.335689,38.551852,1,POINT (-90.335689 38.551852)
6037,496733,45,1,44,1,0,1,0,0,0,18,0,18,21,1,20,0,0,0,Sierra Academy of Style,Carson City,NV,-119.762006,39.150371,5,POINT (-119.762006 39.150371)
6038,496742,13,2,11,0,0,0,4,2,2,1,0,1,8,0,8,0,0,0,Jolie Hair Academy,Great Falls,VA,-77.297108,38.974406,0,POINT (-77.297108 38.974406)
6039,496751,67,10,57,4,0,4,17,3,14,29,4,25,11,2,9,0,0,0,Institute of Allied Healthcare,San Antonio,TX,-98.570242,29.507147,6,POINT (-98.570242 29.507147)
6040,496894,13,1,12,0,0,0,5,0,5,3,0,3,5,1,4,0,0,0,Branford Academy of Hair & Cosmetology-Bridgeport,Bridgeport,CT,-73.163258,41.186859,0,POINT (-73.163258 41.186859)
6041,496919,2,1,1,0,0,0,0,0,0,1,0,1,0,0,0,0,0,0,UEI College-United Education Institute-Las Vegas,Las Vegas,NV,-115.135647,36.126687,1,POINT (-115.135647 36.126687)
6042,496964,3,3,0,0,0,0,2,2,0,1,1,0,0,0,0,0,0,0,Larry's Barber College-Joliet,Joliet,IL,-88.105455,41.523437,0,POINT (-88.105455 41.523437)
6043,497000,201,15,186,0,0,0,28,4,24,2,1,1,11,1,10,6,2,4,Remington College-Knoxville,Knoxville,TN,-83.925557,36.087082,154,POINT (-83.925557 36.087082)
6044,497046,228,44,184,18,6,12,2,0,2,173,25,148,28,12,16,0,0,0,Madera Community College,Madera,CA,-119.99787,36.925132,7,POINT (-119.99787 36.925132)
6045,497091,222,24,198,0,0,0,0,0,0,0,0,0,0,0,0,0,0,0,Bell-Brown Medical Institute,Florissant,MO,-90.361452,38.804332,222,POINT (-90.361452 38.804332)
6046,497161,222,197,25,0,0,0,109,92,17,4,4,0,85,77,8,22,22,0,Ohio Business College-Dayton-Driving Academy,Trotwood,OH,-84.29184,39.823721,2,POINT (-84.29184 39.823721)
6047,497189,18,0,18,0,0,0,0,0,0,0,0,0,18,0,18,0,0,0,The Rapha School,Home,PA,-79.099123,40.743997,0,POINT (-79.099123 40.743997)
6048,497198,200,7,193,0,0,0,27,1,26,8,1,7,158,4,154,0,0,0,Academy of Allied Health Careers,Chattanooga,TN,-85.214313,35.008533,7,POINT (-85.214313 35.008533)
6049,497204,15,13,2,0,0,0,0,0,0,15,13,2,0,0,0,0,0,0,Mei Barber School,Brownsville,TX,-97.505114,25.907884,0,POINT (-97.505114 25.907884)
6050,497213,8,4,4,0,0,0,0,0,0,0,0,0,7,4,3,1,0,1,Great Northern University,Spokane,WA,-117.400562,47.675837,0,POINT (-117.400562 47.675837)
6051,497222,27,1,26,0,0,0,3,0,3,8,0,8,16,1,15,0,0,0,Salon Professional Academy-Elevate Salon Institute,Miami Beach,FL,-80.144449,25.786328,0,POINT (-80.144449 25.786328)
6052,497277,344,35,309,5,0,5,39,4,35,183,14,169,84,9,75,0,0,0,Arizona College-Glendale,Glendale,AZ,-112.154175,33.566263,33,POINT (-112.154175 33.566263)
6053,497310,74,1,73,7,0,7,3,0,3,24,1,23,24,0,24,0,0,0,Medspa Academies-National Institute of Modern Aesthetics,Las Vegas,NV,-115.158173,36.117236,16,POINT (-115.158173 36.117236)
